#io_context_pool,msgr-worker,fio,log,ceph_timer,ms_dispatch,safe_timer,taskfin_librbd
0.00,0.00,0.00,0.00,0.00,0.00,0.00,0.00
17.30,26.30,6.60,0.00,0.00,0.00,0.00,0.00
16.60,26.20,7.30,0.00,0.00,0.00,0.00,0.00
17.40,27.00,6.60,0.00,0.00,0.00,0.00,0.00
17.30,25.60,6.90,0.00,0.00,0.00,0.00,0.00
17.30,27.00,7.30,0.00,0.00,0.00,0.00,0.00
16.90,26.60,6.00,0.00,0.00,0.00,0.00,0.00
17.40,26.30,7.00,0.00,0.00,0.00,0.00,0.00
17.20,26.90,6.90,0.00,0.00,0.00,0.00,0.00
17.00,26.70,7.00,0.00,0.00,0.00,0.00,0.00
17.90,26.60,6.90,0.00,0.00,0.00,0.00,0.00
16.70,26.70,6.70,0.00,0.00,0.00,0.00,0.00
16.90,26.20,6.90,0.00,0.00,0.00,0.00,0.00
17.30,26.70,7.00,0.00,0.00,0.00,0.00,0.00
16.90,26.60,6.90,0.00,0.00,0.00,0.00,0.00
17.70,26.70,6.30,0.00,0.00,0.00,0.00,0.00
16.90,26.20,6.90,0.00,0.00,0.00,0.00,0.00
17.30,26.70,6.90,0.00,0.00,0.00,0.00,0.00
16.90,26.60,7.30,0.00,0.00,0.00,0.00,0.00
17.30,27.00,7.00,0.00,0.00,0.00,0.00,0.00
17.60,26.90,6.90,0.00,0.00,0.00,0.00,0.00
17.30,26.30,6.70,0.00,0.00,0.00,0.00,0.00
16.60,26.90,6.90,0.00,0.00,0.00,0.00,0.00
17.40,26.30,6.60,0.00,0.00,0.00,0.00,0.00
16.90,26.20,6.60,0.00,0.00,0.00,0.00,0.00
17.40,27.00,7.00,0.00,0.00,0.00,0.00,0.00
16.60,25.90,7.30,0.00,0.00,0.00,0.00,0.00
18.00,27.00,7.40,0.00,0.00,0.00,0.00,0.00
16.60,26.60,6.30,0.00,0.00,0.00,0.00,0.00
17.70,26.30,7.00,0.00,0.00,0.00,0.00,0.00
26.60,33.30,6.70,0.00,0.00,0.00,0.00,0.00
30.60,41.00,11.60,0.00,0.00,0.00,0.00,0.00
30.60,40.20,11.30,0.00,0.00,0.00,0.00,0.00
30.60,41.00,12.00,0.00,0.00,0.00,0.00,0.00
30.60,40.90,12.00,0.00,0.00,0.00,0.00,0.00
30.60,40.70,11.70,0.00,0.00,0.00,0.00,0.00
30.60,40.90,11.30,0.00,0.00,0.00,0.00,0.00
29.70,40.70,12.00,0.00,0.00,0.00,0.00,0.00
31.20,40.50,11.60,0.00,0.00,0.00,0.00,0.00
30.00,40.00,12.00,0.00,0.00,0.00,0.00,0.00
30.30,41.20,11.90,0.00,0.00,0.00,0.00,0.00
30.30,40.30,12.60,0.00,0.00,0.00,0.00,0.00
30.30,40.20,11.60,0.00,0.00,0.00,0.00,0.00
30.30,41.00,12.00,0.00,0.00,0.00,0.00,0.00
30.30,40.50,11.00,0.00,0.00,0.00,0.00,0.00
31.40,41.00,11.60,0.00,0.00,0.00,0.00,0.00
30.00,40.50,11.60,0.00,0.00,0.00,0.00,0.00
30.70,40.30,12.00,0.00,0.00,0.00,0.00,0.00
30.90,40.90,11.60,0.00,0.00,0.00,0.00,0.00
30.30,41.30,11.30,0.00,0.00,0.00,0.00,0.00
30.60,40.50,11.60,0.00,0.00,0.00,0.00,0.00
30.00,41.00,11.60,0.00,0.00,0.00,0.00,0.00
30.90,41.50,11.90,0.00,0.00,0.00,0.00,0.00
30.30,40.70,11.90,0.00,0.00,0.00,0.00,0.00
30.30,40.90,11.60,0.00,0.00,0.00,0.00,0.00
30.60,41.30,11.60,0.00,0.00,0.00,0.00,0.00
30.30,40.20,12.90,0.00,0.00,0.00,0.00,0.00
30.60,40.90,11.60,0.00,0.00,0.00,0.00,0.00
28.60,42.30,15.00,0.00,0.00,0.00,0.00,0.00
29.60,41.50,12.30,0.00,0.00,0.00,0.00,0.00
26.60,46.70,13.30,0.00,0.00,0.00,0.00,0.00
44.00,52.70,16.60,0.00,0.00,0.00,0.00,0.00
43.80,52.80,16.30,0.00,0.00,0.00,0.00,0.00
44.20,52.20,16.60,0.00,0.00,0.00,0.00,0.00
43.40,52.70,16.30,0.00,0.00,0.00,0.00,0.00
44.60,52.80,18.20,0.00,0.00,0.00,0.00,0.00
44.30,53.00,16.30,0.00,0.00,0.00,0.00,0.00
43.80,52.20,17.90,0.00,0.00,0.00,0.00,0.00
44.60,53.00,16.30,0.00,0.00,0.00,0.00,0.00
43.50,52.50,19.60,0.00,0.00,0.00,0.00,0.00
44.00,53.00,18.30,0.00,0.00,0.00,0.00,0.00
44.20,52.50,16.60,0.00,0.00,0.00,0.00,0.00
43.40,52.70,16.00,0.00,0.00,0.00,0.00,0.00
44.30,53.00,16.00,0.00,0.00,0.00,0.00,0.00
43.80,51.80,17.90,0.00,0.00,0.00,0.00,0.00
45.00,53.70,16.30,0.00,0.00,0.00,0.00,0.00
43.90,52.50,16.20,0.00,0.00,0.00,0.00,0.00
44.00,52.70,16.60,0.00,0.00,0.00,0.00,0.00
44.20,53.20,15.90,0.00,0.00,0.00,0.00,0.00
44.60,52.50,16.20,0.00,0.00,0.00,0.00,0.00
44.30,53.70,16.70,0.00,0.00,0.00,0.00,0.00
43.80,51.80,15.90,0.00,0.00,0.00,0.00,0.00
44.60,53.30,17.00,0.00,0.00,0.00,0.00,0.00
44.00,52.70,16.00,0.00,0.00,0.00,0.00,0.00
43.80,52.50,16.60,0.00,0.00,0.00,0.00,0.00
44.20,52.80,17.60,0.00,0.00,0.00,0.00,0.00
44.30,53.00,17.00,0.00,0.00,0.00,0.00,0.00
44.60,53.20,16.30,0.00,0.00,0.00,0.00,0.00
44.60,52.70,16.70,0.00,0.00,0.00,0.00,0.00
43.80,52.80,15.90,0.00,0.00,0.00,0.00,0.00
40.00,53.30,20.00,0.00,0.00,0.00,0.00,0.00
52.40,52.80,18.60,0.00,0.00,0.00,0.00,0.00
52.00,53.00,19.00,0.00,0.00,0.00,0.00,0.00
52.40,51.80,19.60,0.00,0.00,0.00,0.00,0.00
51.70,52.70,18.30,0.00,0.00,0.00,0.00,0.00
52.40,52.80,18.90,0.00,0.00,0.00,0.00,0.00
53.00,53.00,18.70,0.00,0.00,0.00,0.00,0.00
52.80,52.50,19.00,0.00,0.00,0.00,0.00,0.00
53.00,53.00,18.70,0.00,0.00,0.00,0.00,0.00
52.10,52.80,18.90,0.00,0.00,0.00,0.00,0.00
53.30,53.70,18.00,0.00,0.00,0.00,0.00,0.00
52.20,52.50,18.50,0.00,0.00,0.00,0.00,0.00
52.30,52.30,18.60,0.00,0.00,0.00,0.00,0.00
53.10,53.50,18.90,0.00,0.00,0.00,0.00,0.00
52.60,52.70,19.00,0.00,0.00,0.00,0.00,0.00
53.20,53.80,19.20,0.00,0.00,0.00,0.00,0.00
52.60,52.70,19.00,0.00,0.00,0.00,0.00,0.00
52.80,52.80,18.60,0.00,0.00,0.00,0.00,0.00
53.00,53.00,19.00,0.00,0.00,0.00,0.00,0.00
51.20,52.50,18.60,0.00,0.00,0.00,0.00,0.00
53.00,53.00,18.30,0.00,0.00,0.00,0.00,0.00
52.10,52.50,18.90,0.00,0.00,0.00,0.00,0.00
52.60,53.30,19.00,0.00,0.00,0.00,0.00,0.00
52.10,52.50,18.60,0.00,0.00,0.00,0.00,0.00
51.70,52.30,20.30,0.00,0.00,0.00,0.00,0.00
52.80,53.20,18.90,0.00,0.00,0.00,0.00,0.00
52.00,52.30,18.60,0.00,0.00,0.00,0.00,0.00
52.80,52.80,18.90,0.00,0.00,0.00,0.00,0.00
52.00,52.70,18.70,0.00,0.00,0.00,0.00,0.00
52.10,52.80,18.30,0.00,0.00,0.00,0.00,0.00
53.30,46.70,20.00,0.00,0.00,0.00,0.00,0.00
66.10,58.80,22.90,0.00,0.00,0.00,0.00,0.00
64.60,57.30,23.70,0.00,0.00,0.00,0.00,0.00
65.20,57.80,22.90,0.00,0.00,0.00,0.00,0.00
65.40,58.30,23.00,0.00,0.00,0.00,0.00,0.00
65.10,58.10,22.60,0.00,0.00,0.00,0.00,0.00
65.40,57.70,23.30,0.00,0.00,0.00,0.00,0.00
63.80,57.10,23.90,0.00,0.00,0.00,0.00,0.00
65.40,58.00,23.30,0.00,0.00,0.00,0.00,0.00
64.80,57.50,23.20,0.00,0.00,0.00,0.00,0.00
65.40,58.00,22.70,0.00,0.00,0.00,0.00,0.00
64.40,57.80,22.60,0.00,0.00,0.00,0.00,0.00
65.00,57.70,22.70,0.00,0.00,0.00,0.00,0.00
65.50,58.10,22.90,0.00,0.00,0.00,0.00,0.00
64.60,57.70,23.40,0.00,0.00,0.00,0.00,0.00
64.80,57.80,22.30,0.00,0.00,0.00,0.00,0.00
64.60,58.00,23.00,0.00,0.00,0.00,0.00,0.00
64.40,57.10,22.20,0.00,0.00,0.00,0.00,0.00
64.70,57.70,25.00,0.00,0.00,0.00,0.00,0.00
64.40,57.50,22.60,0.00,0.00,0.00,0.00,0.00
64.80,58.10,22.60,0.00,0.00,0.00,0.00,0.00
65.00,57.70,23.00,0.00,0.00,0.00,0.00,0.00
65.50,58.50,22.90,0.00,0.00,0.00,0.00,0.00
65.40,58.00,23.00,0.00,0.00,0.00,0.00,0.00
64.50,57.80,23.20,0.00,0.00,0.00,0.00,0.00
65.00,58.30,22.70,0.00,0.00,0.00,0.00,0.00
64.80,57.10,22.60,0.00,0.00,0.00,0.00,0.00
65.70,58.30,23.00,0.00,0.00,0.00,0.00,0.00
64.10,57.10,22.30,0.00,0.00,0.00,0.00,0.00
64.00,56.30,24.00,0.00,0.00,0.00,0.00,0.00
60.00,46.70,26.70,0.00,0.00,0.00,0.00,0.00
68.30,56.30,23.30,0.00,0.00,0.00,0.00,0.00
58.40,54.50,26.50,0.00,0.00,0.00,0.00,0.00
68.30,56.30,23.60,0.00,0.00,0.00,0.00,0.00
66.80,55.80,22.90,0.00,0.00,0.00,0.00,0.00
67.70,56.30,23.60,0.00,0.00,0.00,0.00,0.00
67.20,54.80,22.90,0.00,0.00,0.00,0.00,0.00
67.40,56.00,25.00,0.00,0.00,0.00,0.00,0.00
68.10,56.50,23.30,0.00,0.00,0.00,0.00,0.00
67.70,56.00,22.70,0.00,0.00,0.00,0.00,0.00
68.10,56.10,23.90,0.00,0.00,0.00,0.00,0.00
67.70,56.30,23.30,0.00,0.00,0.00,0.00,0.00
67.80,56.10,22.90,0.00,0.00,0.00,0.00,0.00
67.70,55.70,23.60,0.00,0.00,0.00,0.00,0.00
67.50,55.80,23.20,0.00,0.00,0.00,0.00,0.00
67.70,55.70,23.30,0.00,0.00,0.00,0.00,0.00
66.40,55.10,23.60,0.00,0.00,0.00,0.00,0.00
68.00,56.30,23.60,0.00,0.00,0.00,0.00,0.00
67.50,55.50,23.90,0.00,0.00,0.00,0.00,0.00
67.00,55.30,23.60,0.00,0.00,0.00,0.00,0.00
67.20,56.10,23.30,0.00,0.00,0.00,0.00,0.00
68.00,55.30,24.00,0.00,0.00,0.00,0.00,0.00
67.80,56.80,23.30,0.00,0.00,0.00,0.00,0.00
67.40,55.70,23.60,0.00,0.00,0.00,0.00,0.00
67.80,55.80,23.20,0.00,0.00,0.00,0.00,0.00
68.00,56.00,23.30,0.00,0.00,0.00,0.00,0.00
67.50,55.50,23.20,0.00,0.00,0.00,0.00,0.00
68.00,56.70,23.30,0.00,0.00,0.00,0.00,0.00
67.80,55.80,23.20,0.00,0.00,0.00,0.00,0.00
66.00,54.70,24.60,0.00,0.00,0.00,0.00,0.00
62.40,43.80,18.80,0.00,0.00,0.00,0.00,0.00
68.30,54.30,24.00,0.00,0.00,0.00,0.00,0.00
66.80,53.50,24.90,0.00,0.00,0.00,0.00,0.00
68.60,54.70,24.30,0.00,0.00,0.00,0.00,0.00
67.80,53.80,23.90,0.00,0.00,0.00,0.00,0.00
68.30,54.00,23.70,0.00,0.00,0.00,0.00,0.00
68.10,53.80,24.60,0.00,0.00,0.00,0.00,0.00
66.30,52.70,24.30,0.00,0.00,0.00,0.00,0.00
68.10,53.80,24.60,0.00,0.00,0.00,0.00,0.00
67.40,54.00,24.00,0.00,0.00,0.00,0.00,0.00
67.80,54.20,24.20,0.00,0.00,0.00,0.00,0.00
67.00,53.70,23.60,0.00,0.00,0.00,0.00,0.00
66.80,53.20,23.90,0.00,0.00,0.00,0.00,0.00
68.30,53.70,23.30,0.00,0.00,0.00,0.00,0.00
67.80,53.80,24.50,0.00,0.00,0.00,0.00,0.00
68.30,54.30,24.60,0.00,0.00,0.00,0.00,0.00
67.20,53.50,23.60,0.00,0.00,0.00,0.00,0.00
66.60,53.30,25.30,0.00,0.00,0.00,0.00,0.00
68.40,53.80,24.60,0.00,0.00,0.00,0.00,0.00
67.00,53.70,23.00,0.00,0.00,0.00,0.00,0.00
67.80,53.80,24.60,0.00,0.00,0.00,0.00,0.00
67.70,54.30,24.00,0.00,0.00,0.00,0.00,0.00
67.50,53.20,24.20,0.00,0.00,0.00,0.00,0.00
67.40,53.30,23.60,0.00,0.00,0.00,0.00,0.00
69.20,54.20,23.60,0.00,0.00,0.00,0.00,0.00
68.00,54.30,24.00,0.00,0.00,0.00,0.00,0.00
67.20,53.50,24.20,0.00,0.00,0.00,0.00,0.00
67.00,53.30,25.60,0.00,0.00,0.00,0.00,0.00
67.50,53.20,23.30,0.00,0.00,0.00,0.00,0.00
67.00,54.00,24.00,0.00,0.00,0.00,0.00,0.00
60.00,46.70,26.70,0.00,0.00,0.00,0.00,0.00
68.10,53.20,26.60,0.00,0.00,0.00,0.00,0.00
69.40,53.30,26.60,0.00,0.00,0.00,0.00,0.00
70.10,53.80,26.50,0.00,0.00,0.00,0.00,0.00
68.70,53.70,26.30,0.00,0.00,0.00,0.00,0.00
70.10,53.80,26.60,0.00,0.00,0.00,0.00,0.00
68.30,53.30,27.30,0.00,0.00,0.00,0.00,0.00
69.20,53.50,26.50,0.00,0.00,0.00,0.00,0.00
69.40,53.70,26.30,0.00,0.00,0.00,0.00,0.00
69.20,54.20,26.20,0.00,0.00,0.00,0.00,0.00
69.70,54.00,24.00,0.00,0.00,0.00,0.00,0.00
69.80,53.80,25.50,0.00,0.00,0.00,0.00,0.00
69.00,53.70,26.00,0.00,0.00,0.00,0.00,0.00
70.70,54.50,27.20,0.00,0.00,0.00,0.00,0.00
69.00,53.70,26.30,0.00,0.00,0.00,0.00,0.00
70.40,54.50,26.90,0.00,0.00,0.00,0.00,0.00
68.60,52.70,27.70,0.00,0.00,0.00,0.00,0.00
68.80,53.50,26.20,0.00,0.00,0.00,0.00,0.00
69.70,54.30,26.60,0.00,0.00,0.00,0.00,0.00
68.40,53.50,26.50,0.00,0.00,0.00,0.00,0.00
70.30,54.00,26.30,0.00,0.00,0.00,0.00,0.00
69.20,53.80,26.90,0.00,0.00,0.00,0.00,0.00
70.30,54.00,27.00,0.00,0.00,0.00,0.00,0.00
69.10,53.50,26.20,0.00,0.00,0.00,0.00,0.00
69.70,54.00,26.00,0.00,0.00,0.00,0.00,0.00
69.80,54.20,24.30,0.00,0.00,0.00,0.00,0.00
69.40,53.30,26.00,0.00,0.00,0.00,0.00,0.00
68.10,53.50,23.90,0.00,0.00,0.00,0.00,0.00
69.40,54.00,24.00,0.00,0.00,0.00,0.00,0.00
69.20,53.50,24.20,0.00,0.00,0.00,0.00,0.00
66.60,46.70,20.00,0.00,0.00,0.00,0.00,0.00
76.00,52.80,24.60,0.00,0.00,0.00,0.00,0.00
77.30,53.30,23.90,0.00,0.00,0.00,0.00,0.00
78.10,53.50,24.30,0.00,0.00,0.00,0.00,0.00
77.00,53.30,24.00,0.00,0.00,0.00,0.00,0.00
76.80,53.20,24.60,0.00,0.00,0.00,0.00,0.00
75.30,52.30,24.70,0.00,0.00,0.00,0.00,0.00
76.40,52.50,24.20,0.00,0.00,0.00,0.00,0.00
77.30,53.70,24.60,0.00,0.00,0.00,0.00,0.00
76.40,52.80,23.90,0.00,0.00,0.00,0.00,0.00
77.70,53.00,24.30,0.00,0.00,0.00,0.00,0.00
76.80,53.20,24.50,0.00,0.00,0.00,0.00,0.00
77.70,53.70,24.30,0.00,0.00,0.00,0.00,0.00
77.60,53.00,24.00,0.00,0.00,0.00,0.00,0.00
76.40,53.20,24.60,0.00,0.00,0.00,0.00,0.00
76.00,52.30,25.30,0.00,0.00,0.00,0.00,0.00
77.10,52.80,24.20,0.00,0.00,0.00,0.00,0.00
76.70,53.30,23.70,0.00,0.00,0.00,0.00,0.00
76.70,52.80,24.20,0.00,0.00,0.00,0.00,0.00
77.00,53.00,24.30,0.00,0.00,0.00,0.00,0.00
77.10,53.50,24.20,0.00,0.00,0.00,0.00,0.00
76.00,53.30,24.60,0.00,0.00,0.00,0.00,0.00
72.70,54.20,25.90,0.00,0.00,0.00,0.00,0.00
72.30,54.00,25.30,0.00,0.00,0.00,0.00,0.00
71.10,53.20,24.90,0.00,0.00,0.00,0.00,0.00
71.10,52.80,26.50,0.00,0.00,0.00,0.00,0.00
73.30,54.00,25.60,0.00,0.00,0.00,0.00,0.00
76.70,53.20,23.60,0.00,0.00,0.00,0.00,0.00
77.00,53.00,24.30,0.00,0.00,0.00,0.00,0.00
76.70,52.80,24.20,0.00,0.00,0.00,0.00,0.00
66.60,46.70,20.00,0.00,0.00,0.00,0.00,0.00
73.40,53.50,28.60,0.00,0.00,0.00,0.00,0.00
73.70,54.30,26.60,0.00,0.00,0.00,0.00,0.00
74.10,53.80,25.90,0.00,0.00,0.00,0.00,0.00
73.40,53.00,25.70,0.00,0.00,0.00,0.00,0.00
72.40,53.20,26.60,0.00,0.00,0.00,0.00,0.00
74.00,53.70,25.30,0.00,0.00,0.00,0.00,0.00
73.40,53.50,24.90,0.00,0.00,0.00,0.00,0.00
74.60,54.30,26.00,0.00,0.00,0.00,0.00,0.00
73.40,53.80,25.60,0.00,0.00,0.00,0.00,0.00
74.00,53.70,25.30,0.00,0.00,0.00,0.00,0.00
73.80,54.20,25.50,0.00,0.00,0.00,0.00,0.00
73.40,53.70,25.00,0.00,0.00,0.00,0.00,0.00
73.40,53.50,25.50,0.00,0.00,0.00,0.00,0.00
72.00,52.30,26.60,0.00,0.00,0.00,0.00,0.00
73.00,53.80,25.20,0.00,0.00,0.00,0.00,0.00
74.30,54.00,26.70,0.00,0.00,0.00,0.00,0.00
72.10,52.80,24.90,0.00,0.00,0.00,0.00,0.00
73.70,54.30,25.30,0.00,0.00,0.00,0.00,0.00
73.80,53.80,25.90,0.00,0.00,0.00,0.00,0.00
74.40,54.20,24.90,0.00,0.00,0.00,0.00,0.00
73.00,53.70,25.00,0.00,0.00,0.00,0.00,0.00
72.70,53.80,24.90,0.00,0.00,0.00,0.00,0.00
72.60,52.70,27.00,0.00,0.00,0.00,0.00,0.00
73.00,53.50,24.90,0.00,0.00,0.00,0.00,0.00
73.30,53.30,25.60,0.00,0.00,0.00,0.00,0.00
73.00,53.50,24.60,0.00,0.00,0.00,0.00,0.00
73.40,53.30,25.70,0.00,0.00,0.00,0.00,0.00
73.00,53.50,25.20,0.00,0.00,0.00,0.00,0.00
74.00,54.00,25.30,0.00,0.00,0.00,0.00,0.00
