#reactor,crimson-osd
662.50,99.90
660.60,94.70
660.60,95.30
659.90,95.00
658.60,94.40
659.00,94.70
656.20,94.00
656.40,94.00
656.20,94.40
658.80,94.40
654.60,94.70
655.70,94.40
657.60,94.00
657.50,94.00
658.40,94.40
657.60,94.70
657.40,94.70
658.10,94.40
654.90,94.40
660.70,94.70
656.90,94.00
658.40,94.40
657.80,94.40
658.60,94.70
657.20,94.00
655.90,93.70
658.30,94.70
656.10,94.40
658.00,94.70
656.20,93.70
674.90,99.90
650.90,93.70
663.20,94.70
658.60,93.70
654.60,93.70
659.60,94.40
658.90,95.40
662.30,94.70
656.20,93.70
657.80,95.00
659.70,94.40
657.20,94.70
660.50,95.00
664.10,95.00
668.40,95.30
659.90,94.00
666.70,95.70
666.90,95.40
666.70,95.00
668.10,95.30
660.30,95.00
663.30,94.00
661.80,94.40
663.10,94.70
662.50,95.70
662.80,94.70
666.40,94.70
660.40,95.40
656.20,93.70
660.90,94.00
681.00,99.90
667.50,95.00
671.60,96.00
664.80,95.40
673.40,96.00
665.70,95.00
667.50,95.30
670.50,95.40
670.40,96.00
666.30,95.00
668.40,95.40
669.30,96.00
661.20,94.40
670.10,96.00
674.90,96.00
670.80,96.00
674.00,96.00
671.00,95.70
670.90,96.00
668.80,95.70
669.50,95.40
671.60,95.70
668.20,95.40
668.90,95.70
668.60,95.40
672.90,96.00
664.30,95.00
667.30,95.00
672.20,95.70
663.80,95.00
668.80,93.80
677.10,96.70
673.60,96.00
674.80,96.00
672.70,95.70
673.10,96.00
673.20,95.30
667.90,95.40
671.40,95.40
675.50,96.70
672.50,95.70
676.30,96.00
673.10,96.00
671.90,95.40
674.40,96.00
674.50,96.00
678.80,96.70
673.50,96.00
676.30,96.40
676.20,96.30
675.10,96.00
678.70,96.70
673.50,96.00
676.50,96.40
676.10,96.30
675.80,96.40
676.70,96.30
675.60,96.40
677.20,96.30
672.90,96.00
681.00,99.90
675.90,96.30
672.80,96.40
674.20,96.00
677.60,96.00
672.40,96.40
675.00,96.30
670.70,95.70
677.10,96.40
673.60,96.00
674.80,96.00
675.20,96.40
674.60,96.70
674.50,95.70
676.80,96.70
675.10,96.00
672.80,95.70
676.60,96.70
673.10,96.00
675.20,96.30
673.40,96.00
673.20,96.00
676.10,96.70
673.90,96.00
677.30,96.70
671.10,95.40
671.30,96.00
674.90,96.40
673.10,96.00
676.40,96.70
668.80,99.90
676.70,96.30
672.40,96.40
674.60,95.70
672.60,96.70
673.60,96.40
674.50,96.00
675.20,96.00
674.90,96.40
674.60,96.30
675.10,96.40
673.00,96.30
673.70,95.70
673.00,95.70
676.60,96.70
674.40,96.00
672.50,95.30
676.20,96.40
670.40,95.70
677.80,96.30
669.20,95.70
673.30,96.70
674.70,95.70
671.70,96.00
675.60,96.70
675.10,96.00
676.80,96.30
671.70,96.00
677.10,96.30
673.40,96.00
687.20,93.80
671.80,96.00
675.20,95.70
672.90,96.30
672.50,96.00
675.10,96.30
670.80,95.00
674.50,96.40
673.50,96.00
673.10,96.00
674.90,96.00
673.50,95.70
664.20,95.70
673.30,96.00
675.10,95.70
674.90,96.30
673.80,96.40
664.90,94.70
676.60,96.30
669.10,95.70
668.50,95.30
675.70,96.40
670.70,95.70
675.30,96.00
669.50,96.00
678.00,96.30
673.20,96.00
674.50,96.00
675.10,96.30
673.80,96.00
674.70,99.90
640.60,88.10
641.40,88.70
643.90,88.70
637.50,86.70
646.20,89.00
642.70,87.70
640.90,88.00
641.80,87.70
626.60,85.00
609.90,84.10
572.60,75.00
582.60,74.80
606.20,78.70
632.30,86.70
611.90,81.70
630.50,85.00
635.70,86.40
644.90,88.30
638.20,87.40
642.30,87.00
644.60,89.00
646.90,88.70
646.90,88.70
644.10,87.40
647.80,88.70
642.70,88.40
643.40,88.30
641.70,88.40
640.60,89.40
644.30,94.40
647.60,92.10
661.80,93.40
423.80,58.40
3.30,0.70
3.70,1.00
2.90,0.70
4.00,1.00
2.50,0.70
4.00,0.70
2.90,0.70
2.50,1.00
2.50,0.30
3.70,1.00
2.90,0.30
3.20,0.70
3.30,0.70
2.50,0.30
3.30,1.30
2.50,0.30
2.10,0.30
3.70,1.00
2.50,0.30
3.70,1.00
1.80,0.30
4.00,0.70
3.20,1.00
2.50,0.30
2.90,0.70
3.30,0.70
687.20,99.90
647.10,96.00
641.30,96.00
636.10,96.00
630.50,95.00
535.80,90.00
548.80,91.40
566.90,91.00
572.60,88.70
613.50,94.30
603.20,94.40
613.10,94.40
635.90,96.00
636.10,95.70
640.50,96.30
640.10,95.70
634.40,96.00
638.50,95.70
636.60,96.30
637.50,95.70
638.80,96.00
636.90,95.70
645.20,96.30
638.50,96.00
640.10,96.00
636.80,95.70
638.00,96.00
637.20,96.00
635.80,95.70
634.10,96.00
674.90,99.90
189.40,26.50
3.60,1.00
2.50,0.30
3.60,0.70
2.90,1.00
3.70,0.70
2.90,0.70
2.90,0.70
3.70,0.70
2.50,1.00
4.10,0.30
2.80,1.00
3.30,1.00
2.90,0.30
2.90,0.70
3.70,0.70
3.70,1.00
3.30,0.70
2.90,0.70
2.10,0.30
4.00,1.00
3.30,0.70
3.30,0.30
3.70,1.30
2.10,0.30
3.30,1.00
3.30,0.70
3.30,0.30
3.60,1.30
680.90,93.80
668.50,96.00
665.90,95.00
673.70,96.00
674.50,95.70
676.30,96.00
629.60,85.70
590.00,77.40
651.20,90.30
643.80,88.70
650.70,90.00
649.20,90.70
648.80,90.70
650.90,90.00
651.70,91.70
653.20,90.70
650.80,89.70
650.20,90.00
651.00,91.40
637.80,89.00
630.90,85.30
611.30,81.70
623.70,86.70
608.60,85.40
624.40,84.30
629.10,85.70
612.00,82.40
642.30,89.70
645.60,88.70
653.50,90.70
687.10,93.80
186.40,25.80
2.90,0.30
4.10,1.30
3.30,0.70
2.90,0.30
3.30,1.00
3.30,0.70
2.90,0.70
3.30,1.00
3.30,0.30
3.30,1.00
3.60,0.70
2.50,1.00
4.00,0.70
2.50,0.30
4.40,1.30
2.50,0.30
2.90,0.30
3.60,1.00
3.30,0.70
3.60,0.70
4.00,0.70
2.10,0.70
4.40,1.00
2.50,0.70
3.30,0.70
3.30,1.00
2.90,0.30
2.90,1.00
693.20,99.90
675.90,96.70
670.10,96.00
624.00,84.10
622.90,83.00
635.90,85.70
612.50,83.30
591.50,78.10
617.50,83.00
630.70,86.70
628.90,85.70
636.00,87.00
636.80,87.00
638.80,86.70
631.90,87.00
640.20,88.00
637.00,87.00
636.50,87.70
642.90,88.30
625.80,86.40
631.70,87.00
620.80,81.70
632.90,85.70
623.80,84.10
632.70,86.40
632.30,86.00
633.80,86.70
638.60,87.70
634.10,86.00
638.60,88.00
687.10,93.80
193.30,26.90
2.50,0.70
3.60,1.00
3.20,0.70
3.30,0.30
4.00,1.00
2.50,0.70
2.90,0.70
3.30,1.00
2.90,0.30
5.10,1.00
2.20,0.70
2.50,0.70
3.70,1.00
3.70,0.30
2.90,0.70
3.20,1.30
3.70,0.00
4.40,1.30
1.80,0.30
3.30,0.70
3.70,1.30
3.30,0.30
2.90,0.70
3.70,0.70
4.00,0.70
3.30,1.30
3.30,0.30
2.10,0.70
656.10,87.50
656.30,96.00
647.00,93.00
636.60,93.00
663.70,95.70
669.20,96.30
675.00,96.30
390.60,56.10
3.30,0.70
4.10,1.00
3.00,0.30
2.90,1.00
3.60,0.30
2.90,1.30
3.60,0.30
2.50,0.70
3.70,1.00
2.50,0.30
3.00,0.70
4.70,1.30
2.50,0.30
2.90,1.00
3.30,0.70
4.00,0.30
2.80,1.30
2.50,0.30
3.30,0.30
3.70,1.30
2.90,0.30
3.30,1.00
687.10,99.90
196.60,26.60
3.90,1.00
2.90,0.70
2.90,0.70
4.00,0.70
2.90,0.70
3.30,1.30
2.90,0.30
3.70,0.70
3.30,1.00
2.90,0.30
2.90,0.70
3.60,1.00
2.90,0.30
3.30,1.00
4.80,0.70
2.50,0.70
2.90,0.70
3.30,0.70
1.80,0.70
4.40,0.70
3.30,0.70
3.70,1.00
3.30,0.70
2.90,0.30
3.20,1.00
4.10,0.70
2.90,0.30
2.90,1.00
687.10,99.90
206.00,29.50
2.10,0.30
2.50,0.30
4.80,1.30
2.50,0.70
2.50,0.30
4.80,1.00
2.50,0.70
4.10,1.00
2.50,0.70
3.30,0.30
4.40,1.00
2.90,0.70
2.60,0.30
4.00,1.00
2.90,0.70
3.70,1.00
3.30,0.70
2.90,0.30
3.30,1.00
2.90,0.70
2.50,0.30
4.00,1.30
2.90,0.30
4.10,1.00
3.70,0.30
2.90,1.00
2.50,0.70
3.60,0.70
674.70,93.80
195.20,27.60
3.30,0.30
3.30,1.00
2.50,0.70
3.30,0.30
3.30,1.30
4.10,0.30
2.60,0.70
3.70,0.70
2.90,0.70
3.70,1.00
2.90,0.70
3.70,0.30
2.50,1.30
3.30,0.30
3.30,0.70
3.30,0.70
2.50,0.70
4.10,1.00
2.50,0.30
3.30,0.70
4.10,1.00
2.90,0.30
2.50,0.70
3.70,1.00
2.90,0.30
4.40,1.30
2.20,0.70
2.50,0.30
674.90,93.80
199.30,27.80
2.50,0.30
4.30,1.00
2.90,0.30
3.60,1.00
3.30,0.70
2.90,0.70
2.90,1.00
3.30,0.30
2.90,0.70
3.30,1.00
3.60,0.70
3.30,0.70
3.30,0.70
2.90,0.30
3.70,1.00
2.90,0.70
2.20,0.30
4.00,1.30
3.70,0.30
2.90,0.70
3.30,1.00
3.30,0.30
3.30,1.00
2.50,0.30
3.30,0.70
3.70,1.00
4.40,0.30
2.50,1.30
687.10,93.80
204.90,27.80
4.10,1.00
2.90,0.30
3.30,1.00
3.30,0.70
2.20,0.70
4.10,0.70
2.90,1.00
3.30,0.30
2.90,0.70
3.30,1.00
2.90,0.30
3.70,1.00
2.90,0.70
3.30,0.70
3.30,1.00
3.60,0.30
3.60,1.00
2.90,0.30
2.50,0.70
4.00,1.00
2.50,0.30
3.30,1.00
3.30,1.00
2.90,0.30
4.10,1.00
2.60,0.30
3.30,0.70
3.60,1.00
668.80,99.90
206.20,27.90
3.60,1.30
2.50,0.30
3.70,1.00
3.30,0.30
2.50,0.70
4.10,1.00
2.90,0.30
3.00,0.70
4.10,0.70
2.60,0.70
3.60,1.00
2.10,0.30
3.30,0.70
4.40,1.00
2.10,0.70
3.70,0.30
2.10,1.00
3.70,0.70
4.10,1.00
3.30,0.30
2.10,0.70
3.20,1.00
2.90,0.30
2.10,0.70
4.80,0.70
2.90,1.00
3.70,0.70
3.30,0.70
