#msgr-worker,io_context_pool,fio,log,ceph_timer,ms_dispatch,safe_timer,taskfin_librbd
0.00,0.00,0.00,0.00,0.00,0.00,0.00,0.00
229.40,160.80,68.20,0.00,0.00,0.00,0.00,0.00
223.90,157.90,70.00,0.00,0.00,0.00,0.00,0.00
226.00,161.00,68.20,0.00,0.00,0.00,0.00,0.00
229.80,161.00,70.00,0.00,0.00,0.00,0.00,0.00
228.30,162.60,69.70,0.00,0.00,0.00,0.00,0.00
227.10,161.10,72.40,0.00,0.00,0.00,0.00,0.00
229.10,163.50,69.70,0.00,0.00,0.00,0.00,0.00
228.70,159.30,70.00,0.00,0.00,0.00,0.00,0.00
222.60,159.80,67.00,0.00,0.00,0.00,0.00,0.00
229.30,164.50,68.20,0.00,0.00,0.00,0.00,0.00
227.20,161.90,78.50,0.00,0.00,0.00,0.00,0.00
227.30,158.70,68.50,0.00,0.00,0.00,0.00,0.00
230.20,164.40,70.30,0.00,0.00,0.00,0.00,0.00
228.70,163.60,68.60,0.00,0.00,0.00,0.00,0.00
224.50,158.30,69.40,0.00,0.00,0.00,0.00,0.00
229.10,161.10,69.10,0.00,0.00,0.00,0.00,0.00
225.30,162.20,67.90,0.00,0.00,0.00,0.00,0.00
228.20,157.80,70.00,0.00,0.00,0.00,0.00,0.00
229.60,165.40,70.00,0.00,0.00,0.00,0.00,0.00
224.70,158.00,67.30,0.00,0.00,0.00,0.00,0.00
227.20,163.10,70.60,0.00,0.00,0.00,0.00,0.00
224.90,158.80,76.30,0.00,0.00,0.00,0.00,0.00
229.00,162.00,69.70,0.00,0.00,0.00,0.00,0.00
228.70,161.00,69.10,0.00,0.00,0.00,0.00,0.00
226.80,160.20,70.00,0.00,0.00,0.00,0.00,0.00
226.80,158.20,67.90,0.00,0.00,0.00,0.00,0.00
218.60,157.90,67.60,0.00,0.00,0.00,0.00,0.00
228.60,161.90,71.60,0.00,0.00,0.00,0.00,0.00
225.70,159.60,67.30,0.00,0.00,0.00,0.00,0.00
224.10,229.90,68.20,0.00,0.00,0.00,0.00,0.00
289.40,209.10,88.30,0.00,0.00,0.00,0.00,0.00
283.40,206.30,88.70,0.00,0.00,0.00,0.00,0.00
287.80,211.80,90.30,0.00,0.00,0.00,0.00,0.00
278.80,201.70,87.30,0.00,0.00,0.00,0.00,0.00
290.50,213.70,92.70,0.00,0.00,0.00,0.00,0.00
280.60,204.00,86.90,0.00,0.00,0.00,0.00,0.00
281.30,205.10,86.10,0.00,0.00,0.00,0.00,0.00
289.60,211.50,89.10,0.00,0.00,0.00,0.00,0.00
289.70,210.90,96.90,0.00,0.00,0.00,0.00,0.00
283.90,208.00,85.80,0.00,0.00,0.00,0.00,0.00
287.30,209.90,89.80,0.00,0.00,0.00,0.00,0.00
288.40,214.40,90.70,0.00,0.00,0.00,0.00,0.00
290.80,208.40,87.90,0.00,0.00,0.00,0.00,0.00
279.70,206.60,86.00,0.00,0.00,0.00,0.00,0.00
286.40,207.50,88.10,0.00,0.00,0.00,0.00,0.00
278.30,203.70,86.40,0.00,0.00,0.00,0.00,0.00
285.50,205.70,96.20,0.00,0.00,0.00,0.00,0.00
282.60,209.30,87.40,0.00,0.00,0.00,0.00,0.00
290.10,213.10,90.30,0.00,0.00,0.00,0.00,0.00
288.70,211.10,91.50,0.00,0.00,0.00,0.00,0.00
290.50,211.30,88.20,0.00,0.00,0.00,0.00,0.00
289.90,214.20,91.30,0.00,0.00,0.00,0.00,0.00
284.00,206.20,87.90,0.00,0.00,0.00,0.00,0.00
290.40,211.20,88.90,0.00,0.00,0.00,0.00,0.00
288.30,211.70,91.50,0.00,0.00,0.00,0.00,0.00
290.10,211.70,90.20,0.00,0.00,0.00,0.00,0.00
281.20,206.10,85.00,0.00,0.00,0.00,0.00,0.00
288.10,208.20,89.60,0.00,0.00,0.00,0.00,0.00
281.00,207.60,88.00,0.00,0.00,0.00,0.00,0.00
324.50,192.40,105.40,0.00,0.00,0.00,0.00,0.00
336.50,257.50,105.30,0.00,0.00,0.00,0.00,0.00
331.10,250.60,106.60,0.00,0.00,0.00,0.00,0.00
337.70,256.00,105.00,0.00,0.00,0.00,0.00,0.00
338.90,257.50,108.30,0.00,0.00,0.00,0.00,0.00
333.80,252.20,104.70,0.00,0.00,0.00,0.00,0.00
341.20,260.50,107.80,0.00,0.00,0.00,0.00,0.00
332.60,255.80,104.70,0.00,0.00,0.00,0.00,0.00
341.70,260.60,112.10,0.00,0.00,0.00,0.00,0.00
342.90,268.60,110.50,0.00,0.00,0.00,0.00,0.00
334.10,254.90,105.90,0.00,0.00,0.00,0.00,0.00
336.00,254.20,103.40,0.00,0.00,0.00,0.00,0.00
336.70,258.40,106.50,0.00,0.00,0.00,0.00,0.00
334.00,249.70,104.40,0.00,0.00,0.00,0.00,0.00
318.40,244.20,99.20,0.00,0.00,0.00,0.00,0.00
332.70,255.40,116.70,0.00,0.00,0.00,0.00,0.00
335.80,253.50,104.70,0.00,0.00,0.00,0.00,0.00
328.60,249.40,102.90,0.00,0.00,0.00,0.00,0.00
342.80,262.60,108.00,0.00,0.00,0.00,0.00,0.00
325.00,243.60,101.70,0.00,0.00,0.00,0.00,0.00
340.50,260.80,109.40,0.00,0.00,0.00,0.00,0.00
335.20,258.40,107.40,0.00,0.00,0.00,0.00,0.00
340.10,261.40,107.40,0.00,0.00,0.00,0.00,0.00
336.50,255.00,105.60,0.00,0.00,0.00,0.00,0.00
334.00,254.80,105.30,0.00,0.00,0.00,0.00,0.00
335.80,252.70,103.10,0.00,0.00,0.00,0.00,0.00
321.00,242.90,102.80,0.00,0.00,0.00,0.00,0.00
335.30,250.30,105.30,0.00,0.00,0.00,0.00,0.00
334.00,255.00,104.10,0.00,0.00,0.00,0.00,0.00
326.50,245.70,116.10,0.00,0.00,0.00,0.00,0.00
294.90,230.10,59.00,0.00,0.00,0.00,0.00,0.00
426.00,352.30,147.10,0.00,0.00,0.00,0.00,0.00
393.00,313.40,130.30,0.00,0.00,0.00,0.00,0.00
396.80,313.30,129.00,0.00,0.00,0.00,0.00,0.00
403.20,324.60,135.50,0.00,0.00,0.00,0.00,0.00
398.70,318.90,130.10,0.00,0.00,0.00,0.00,0.00
386.60,305.60,125.90,0.00,0.00,0.00,0.00,0.00
387.10,312.10,133.40,0.00,0.00,0.00,0.00,0.00
395.70,314.30,127.20,0.00,0.00,0.00,0.00,0.00
412.50,333.20,135.50,0.00,0.00,0.00,0.00,0.00
394.10,311.40,129.10,0.00,0.00,0.00,0.00,0.00
387.30,312.80,127.70,0.00,0.00,0.00,0.00,0.00
395.10,316.80,131.20,0.00,0.00,0.00,0.00,0.00
396.80,316.30,130.80,0.00,0.00,0.00,0.00,0.00
420.50,353.60,151.50,0.00,0.00,0.00,0.00,0.00
397.60,321.50,129.80,0.00,0.00,0.00,0.00,0.00
394.10,314.90,129.00,0.00,0.00,0.00,0.00,0.00
408.90,330.90,135.80,0.00,0.00,0.00,0.00,0.00
401.70,324.90,131.70,0.00,0.00,0.00,0.00,0.00
409.20,335.00,137.60,0.00,0.00,0.00,0.00,0.00
410.40,330.60,135.20,0.00,0.00,0.00,0.00,0.00
392.40,315.80,130.40,0.00,0.00,0.00,0.00,0.00
406.20,324.00,134.30,0.00,0.00,0.00,0.00,0.00
384.60,303.00,122.50,0.00,0.00,0.00,0.00,0.00
391.70,311.60,129.80,0.00,0.00,0.00,0.00,0.00
411.00,332.60,138.50,0.00,0.00,0.00,0.00,0.00
389.00,311.80,132.40,0.00,0.00,0.00,0.00,0.00
395.50,316.50,137.30,0.00,0.00,0.00,0.00,0.00
398.20,312.50,129.60,0.00,0.00,0.00,0.00,0.00
399.10,318.20,132.50,0.00,0.00,0.00,0.00,0.00
312.00,279.60,111.80,0.00,0.00,0.00,0.00,0.00
321.70,274.80,105.80,0.00,0.00,0.00,0.00,0.00
325.70,281.50,109.90,0.00,0.00,0.00,0.00,0.00
311.40,271.60,103.00,0.00,0.00,0.00,0.00,0.00
317.80,273.10,111.20,0.00,0.00,0.00,0.00,0.00
323.90,280.30,109.00,0.00,0.00,0.00,0.00,0.00
312.60,263.80,102.90,0.00,0.00,0.00,0.00,0.00
322.40,274.60,113.10,0.00,0.00,0.00,0.00,0.00
326.40,279.20,106.20,0.00,0.00,0.00,0.00,0.00
322.30,280.20,106.40,0.00,0.00,0.00,0.00,0.00
316.50,271.00,104.90,0.00,0.00,0.00,0.00,0.00
323.30,274.60,105.10,0.00,0.00,0.00,0.00,0.00
319.00,273.80,107.60,0.00,0.00,0.00,0.00,0.00
316.80,271.80,106.30,0.00,0.00,0.00,0.00,0.00
321.20,274.50,110.50,0.00,0.00,0.00,0.00,0.00
329.70,284.90,110.30,0.00,0.00,0.00,0.00,0.00
319.10,274.20,105.90,0.00,0.00,0.00,0.00,0.00
332.70,293.00,112.00,0.00,0.00,0.00,0.00,0.00
318.50,273.80,104.50,0.00,0.00,0.00,0.00,0.00
318.90,274.80,107.00,0.00,0.00,0.00,0.00,0.00
336.10,292.00,112.50,0.00,0.00,0.00,0.00,0.00
323.00,274.60,107.10,0.00,0.00,0.00,0.00,0.00
314.70,268.10,104.00,0.00,0.00,0.00,0.00,0.00
317.40,267.10,104.70,0.00,0.00,0.00,0.00,0.00
316.80,273.30,103.00,0.00,0.00,0.00,0.00,0.00
325.20,274.00,113.40,0.00,0.00,0.00,0.00,0.00
307.80,261.80,103.70,0.00,0.00,0.00,0.00,0.00
314.90,272.90,114.80,0.00,0.00,0.00,0.00,0.00
322.30,277.20,106.90,0.00,0.00,0.00,0.00,0.00
319.70,272.20,105.10,0.00,0.00,0.00,0.00,0.00
268.50,267.00,68.40,0.00,0.00,0.00,0.00,0.00
291.40,249.80,96.40,0.00,0.00,0.00,0.00,0.00
292.80,251.90,97.40,0.00,0.00,0.00,0.00,0.00
300.90,265.70,102.10,0.00,0.00,0.00,0.00,0.00
295.10,260.80,101.80,0.00,0.00,0.00,0.00,0.00
297.70,262.70,99.50,0.00,0.00,0.00,0.00,0.00
295.10,261.00,100.30,0.00,0.00,0.00,0.00,0.00
295.10,255.00,101.20,0.00,0.00,0.00,0.00,0.00
294.90,257.80,99.30,0.00,0.00,0.00,0.00,0.00
301.30,264.20,99.50,0.00,0.00,0.00,0.00,0.00
298.10,269.40,103.20,0.00,0.00,0.00,0.00,0.00
297.20,260.50,100.20,0.00,0.00,0.00,0.00,0.00
298.00,266.20,101.90,0.00,0.00,0.00,0.00,0.00
289.90,255.30,100.30,0.00,0.00,0.00,0.00,0.00
301.30,264.00,107.50,0.00,0.00,0.00,0.00,0.00
298.30,265.80,98.50,0.00,0.00,0.00,0.00,0.00
293.50,260.70,97.00,0.00,0.00,0.00,0.00,0.00
307.00,270.90,103.90,0.00,0.00,0.00,0.00,0.00
287.30,252.20,96.40,0.00,0.00,0.00,0.00,0.00
300.50,265.10,99.00,0.00,0.00,0.00,0.00,0.00
289.00,248.10,96.40,0.00,0.00,0.00,0.00,0.00
291.60,258.10,96.50,0.00,0.00,0.00,0.00,0.00
296.80,257.60,99.50,0.00,0.00,0.00,0.00,0.00
295.00,260.50,100.60,0.00,0.00,0.00,0.00,0.00
284.40,244.50,93.10,0.00,0.00,0.00,0.00,0.00
296.40,261.40,102.80,0.00,0.00,0.00,0.00,0.00
288.30,250.30,100.20,0.00,0.00,0.00,0.00,0.00
293.80,256.00,101.30,0.00,0.00,0.00,0.00,0.00
297.00,253.40,99.80,0.00,0.00,0.00,0.00,0.00
298.40,259.80,100.20,0.00,0.00,0.00,0.00,0.00
274.40,192.40,80.70,0.00,0.00,0.00,0.00,0.00
278.70,250.70,95.80,0.00,0.00,0.00,0.00,0.00
269.60,241.40,96.10,0.00,0.00,0.00,0.00,0.00
280.80,253.50,94.40,0.00,0.00,0.00,0.00,0.00
274.80,244.10,97.40,0.00,0.00,0.00,0.00,0.00
279.50,248.30,98.40,0.00,0.00,0.00,0.00,0.00
269.60,241.40,91.90,0.00,0.00,0.00,0.00,0.00
280.40,252.00,99.40,0.00,0.00,0.00,0.00,0.00
279.40,254.20,98.80,0.00,0.00,0.00,0.00,0.00
276.10,250.10,94.70,0.00,0.00,0.00,0.00,0.00
276.30,245.40,93.60,0.00,0.00,0.00,0.00,0.00
273.20,245.00,93.60,0.00,0.00,0.00,0.00,0.00
282.60,254.10,97.10,0.00,0.00,0.00,0.00,0.00
276.70,243.40,97.00,0.00,0.00,0.00,0.00,0.00
275.00,246.80,97.40,0.00,0.00,0.00,0.00,0.00
281.60,254.20,99.90,0.00,0.00,0.00,0.00,0.00
272.50,243.00,90.70,0.00,0.00,0.00,0.00,0.00
283.30,255.40,97.70,0.00,0.00,0.00,0.00,0.00
278.40,253.00,96.50,0.00,0.00,0.00,0.00,0.00
281.20,253.20,96.40,0.00,0.00,0.00,0.00,0.00
286.10,259.20,98.00,0.00,0.00,0.00,0.00,0.00
274.40,247.40,96.00,0.00,0.00,0.00,0.00,0.00
275.90,248.90,96.60,0.00,0.00,0.00,0.00,0.00
276.20,252.90,95.00,0.00,0.00,0.00,0.00,0.00
277.30,246.40,97.90,0.00,0.00,0.00,0.00,0.00
275.00,253.70,101.20,0.00,0.00,0.00,0.00,0.00
275.50,246.00,97.50,0.00,0.00,0.00,0.00,0.00
282.80,259.60,100.40,0.00,0.00,0.00,0.00,0.00
276.80,243.00,97.90,0.00,0.00,0.00,0.00,0.00
272.40,244.90,92.70,0.00,0.00,0.00,0.00,0.00
229.70,206.50,76.70,0.00,0.00,0.00,0.00,0.00
266.90,246.30,94.50,0.00,0.00,0.00,0.00,0.00
270.50,243.20,93.40,0.00,0.00,0.00,0.00,0.00
268.70,248.10,94.10,0.00,0.00,0.00,0.00,0.00
272.60,250.10,97.50,0.00,0.00,0.00,0.00,0.00
271.20,246.90,92.70,0.00,0.00,0.00,0.00,0.00
264.40,242.80,95.30,0.00,0.00,0.00,0.00,0.00
266.00,246.90,93.80,0.00,0.00,0.00,0.00,0.00
270.00,249.50,96.60,0.00,0.00,0.00,0.00,0.00
269.50,251.90,94.30,0.00,0.00,0.00,0.00,0.00
269.70,248.00,94.10,0.00,0.00,0.00,0.00,0.00
257.60,235.30,88.20,0.00,0.00,0.00,0.00,0.00
256.90,238.90,92.50,0.00,0.00,0.00,0.00,0.00
272.10,242.60,94.60,0.00,0.00,0.00,0.00,0.00
262.40,239.10,92.00,0.00,0.00,0.00,0.00,0.00
267.40,243.70,92.10,0.00,0.00,0.00,0.00,0.00
265.10,243.80,94.50,0.00,0.00,0.00,0.00,0.00
266.40,240.40,90.70,0.00,0.00,0.00,0.00,0.00
270.60,246.50,90.70,0.00,0.00,0.00,0.00,0.00
265.10,243.80,92.90,0.00,0.00,0.00,0.00,0.00
262.90,242.80,93.10,0.00,0.00,0.00,0.00,0.00
264.00,236.50,90.80,0.00,0.00,0.00,0.00,0.00
267.70,245.20,93.60,0.00,0.00,0.00,0.00,0.00
268.20,248.70,94.40,0.00,0.00,0.00,0.00,0.00
267.20,247.50,94.40,0.00,0.00,0.00,0.00,0.00
264.00,241.80,95.80,0.00,0.00,0.00,0.00,0.00
265.80,241.10,92.60,0.00,0.00,0.00,0.00,0.00
264.20,241.70,96.30,0.00,0.00,0.00,0.00,0.00
260.50,240.60,92.00,0.00,0.00,0.00,0.00,0.00
264.80,245.30,93.70,0.00,0.00,0.00,0.00,0.00
205.70,171.10,64.90,0.00,0.00,0.00,0.00,0.00
256.80,239.60,91.40,0.00,0.00,0.00,0.00,0.00
254.90,236.30,92.10,0.00,0.00,0.00,0.00,0.00
251.90,234.60,91.30,0.00,0.00,0.00,0.00,0.00
256.00,234.80,89.30,0.00,0.00,0.00,0.00,0.00
256.30,238.20,91.40,0.00,0.00,0.00,0.00,0.00
245.10,231.10,89.30,0.00,0.00,0.00,0.00,0.00
247.20,228.50,89.00,0.00,0.00,0.00,0.00,0.00
257.90,241.60,90.90,0.00,0.00,0.00,0.00,0.00
247.70,229.40,89.50,0.00,0.00,0.00,0.00,0.00
250.80,232.20,86.80,0.00,0.00,0.00,0.00,0.00
245.90,226.50,95.70,0.00,0.00,0.00,0.00,0.00
257.20,240.00,93.20,0.00,0.00,0.00,0.00,0.00
250.80,231.00,89.10,0.00,0.00,0.00,0.00,0.00
253.80,237.10,92.50,0.00,0.00,0.00,0.00,0.00
253.90,231.90,89.70,0.00,0.00,0.00,0.00,0.00
248.80,229.20,85.40,0.00,0.00,0.00,0.00,0.00
252.00,227.80,87.80,0.00,0.00,0.00,0.00,0.00
247.00,233.50,86.40,0.00,0.00,0.00,0.00,0.00
245.30,227.40,88.70,0.00,0.00,0.00,0.00,0.00
249.40,236.40,89.30,0.00,0.00,0.00,0.00,0.00
252.40,231.60,92.20,0.00,0.00,0.00,0.00,0.00
254.10,237.00,91.70,0.00,0.00,0.00,0.00,0.00
250.20,232.00,90.70,0.00,0.00,0.00,0.00,0.00
246.30,226.20,86.00,0.00,0.00,0.00,0.00,0.00
250.80,235.80,90.20,0.00,0.00,0.00,0.00,0.00
251.80,233.40,89.80,0.00,0.00,0.00,0.00,0.00
252.80,237.30,91.70,0.00,0.00,0.00,0.00,0.00
254.30,235.90,89.50,0.00,0.00,0.00,0.00,0.00
253.60,234.20,89.60,0.00,0.00,0.00,0.00,0.00
206.10,161.40,55.80,0.00,0.00,0.00,0.00,0.00
235.90,231.10,87.60,0.00,0.00,0.00,0.00,0.00
250.30,237.00,90.50,0.00,0.00,0.00,0.00,0.00
240.30,231.30,90.20,0.00,0.00,0.00,0.00,0.00
241.10,227.00,88.00,0.00,0.00,0.00,0.00,0.00
244.40,231.90,87.40,0.00,0.00,0.00,0.00,0.00
230.90,218.70,83.80,0.00,0.00,0.00,0.00,0.00
247.50,236.50,92.30,0.00,0.00,0.00,0.00,0.00
248.70,235.20,87.70,0.00,0.00,0.00,0.00,0.00
243.10,232.80,87.70,0.00,0.00,0.00,0.00,0.00
244.40,233.40,90.00,0.00,0.00,0.00,0.00,0.00
249.60,237.70,92.70,0.00,0.00,0.00,0.00,0.00
245.90,232.00,88.10,0.00,0.00,0.00,0.00,0.00
251.60,240.80,93.20,0.00,0.00,0.00,0.00,0.00
244.00,233.20,86.90,0.00,0.00,0.00,0.00,0.00
242.70,233.10,87.90,0.00,0.00,0.00,0.00,0.00
239.60,229.70,88.00,0.00,0.00,0.00,0.00,0.00
236.70,227.30,84.60,0.00,0.00,0.00,0.00,0.00
246.20,231.80,88.90,0.00,0.00,0.00,0.00,0.00
237.40,227.40,102.20,0.00,0.00,0.00,0.00,0.00
244.20,233.80,87.90,0.00,0.00,0.00,0.00,0.00
239.60,229.70,91.60,0.00,0.00,0.00,0.00,0.00
241.20,233.80,90.30,0.00,0.00,0.00,0.00,0.00
231.80,227.70,87.00,0.00,0.00,0.00,0.00,0.00
235.30,225.60,85.90,0.00,0.00,0.00,0.00,0.00
239.80,234.10,86.80,0.00,0.00,0.00,0.00,0.00
231.70,230.50,86.30,0.00,0.00,0.00,0.00,0.00
238.70,233.80,87.70,0.00,0.00,0.00,0.00,0.00
226.60,221.80,97.70,0.00,0.00,0.00,0.00,0.00
233.20,225.50,86.50,0.00,0.00,0.00,0.00,0.00
