#tp_osd_tp,bstore_kv_sync,rocksdb:high,bstore_kv_final,bstore_aio,rocksdb:low,OpHistorySvc,bstore_mempool,log,admin_socket,safe_timer,ceph_timer,osd_srv_heartbt,ceph-osd,service,ms_dispatch,signal_handler,io_context_pool,fn_anonymous,cfin,ms_local,finisher,osd_srv_agent
0.00,0.00,0.00,0.00,0.00,0.00,0.00,0.00,0.00,0.00,0.00,0.00,0.00,0.00,0.00,0.00,0.00,0.00,0.00,0.00,0.00,0.00,0.00
655.00,71.90,11.30,31.50,13.90,1.00,7.00,0.00,0.00,0.00,0.00,0.00,0.00,0.00,0.00,0.00,0.00,0.00,0.00,0.00,0.00,0.00,0.00
645.30,72.50,18.50,31.10,13.90,0.00,6.30,0.30,0.00,0.00,0.00,0.00,0.00,0.00,0.00,0.00,0.00,0.00,0.00,0.00,0.00,0.00,0.00
644.10,70.10,37.50,30.60,14.60,15.90,6.00,1.70,0.00,0.00,0.00,0.00,0.00,0.00,0.00,0.00,0.00,0.00,0.00,0.00,0.00,0.00,0.00
647.00,71.50,12.30,31.10,14.90,0.00,7.00,0.30,0.00,0.00,0.30,0.00,0.00,0.00,0.00,0.00,0.00,0.00,0.00,0.00,0.00,0.00,0.00
646.20,70.20,18.50,27.80,15.20,0.00,6.60,0.70,0.00,0.00,0.00,0.00,0.00,0.00,0.00,0.00,0.00,0.00,0.00,0.00,0.00,0.00,0.00
631.80,68.90,38.70,31.50,13.90,15.60,6.60,1.00,0.00,0.00,0.00,0.00,0.00,0.00,0.00,0.00,0.00,0.00,0.00,0.00,0.00,0.00,0.00
650.30,69.80,13.30,31.90,14.30,0.00,5.00,0.00,0.00,0.00,0.00,0.00,0.00,0.00,0.00,0.00,0.00,0.00,0.00,0.00,0.00,0.00,0.00
642.70,69.20,19.90,28.50,13.90,0.00,5.30,0.70,0.00,0.00,0.00,0.00,0.00,0.00,0.00,0.00,0.00,0.00,0.00,0.00,0.00,0.00,0.00
632.60,68.50,41.10,25.50,14.90,33.10,5.00,1.00,0.00,0.00,0.00,0.00,0.00,0.00,0.00,0.00,0.00,0.00,0.00,0.00,0.00,0.00,0.00
641.60,68.40,21.90,25.90,15.00,32.60,5.30,1.00,0.00,0.00,0.00,0.00,0.00,0.00,0.00,0.00,0.00,0.00,0.00,0.00,0.00,0.00,0.00
650.60,70.20,16.20,26.80,14.20,3.00,5.30,0.00,0.00,0.00,0.00,0.00,0.00,0.00,0.00,0.00,0.00,0.00,0.00,0.00,0.00,0.00,0.00
645.00,68.50,38.70,26.20,14.20,15.90,6.30,1.30,0.00,0.00,0.00,0.00,0.00,0.00,0.00,0.00,0.00,0.00,0.00,0.00,0.00,0.00,0.00
640.60,69.50,20.20,28.80,15.60,0.00,6.00,0.70,0.00,0.00,0.00,0.00,0.00,0.00,0.00,0.00,0.00,0.00,0.00,0.00,0.00,0.00,0.00
641.40,71.40,19.90,27.60,15.00,0.00,6.00,0.30,0.00,0.00,0.00,0.00,0.00,0.00,0.00,0.00,0.00,0.00,0.00,0.00,0.00,0.00,0.00
630.10,70.50,47.70,27.80,13.20,21.20,5.60,1.30,0.00,0.00,0.00,0.00,0.00,0.00,0.00,0.00,0.00,0.00,0.00,0.00,0.00,0.00,0.00
635.80,70.20,23.80,28.50,16.20,0.00,7.00,0.30,0.00,0.30,0.00,0.00,0.00,0.00,0.00,0.00,0.00,0.00,0.00,0.00,0.00,0.00,0.00
660.00,71.10,12.30,33.60,16.60,0.00,6.00,0.30,0.00,0.00,0.00,0.00,0.00,0.00,0.00,0.00,0.00,0.00,0.00,0.00,0.00,0.00,0.00
631.00,69.20,43.00,27.50,15.60,15.60,7.00,1.00,0.30,0.00,0.00,0.00,0.00,0.00,0.00,0.00,0.00,0.00,0.00,0.00,0.00,0.00,0.00
632.30,69.50,23.50,26.80,15.20,32.80,6.60,1.00,0.00,0.00,0.00,0.00,0.00,0.00,0.00,0.00,0.00,0.00,0.00,0.00,0.00,0.00,0.00
634.90,71.10,18.90,26.60,14.30,28.20,6.30,0.70,0.00,0.00,0.00,0.00,0.00,0.00,0.00,0.00,0.00,0.00,0.00,0.00,0.00,0.00,0.00
625.60,68.50,48.70,26.20,14.90,15.90,5.60,1.00,0.00,0.00,0.00,0.30,0.00,0.00,0.00,0.00,0.00,0.00,0.00,0.00,0.00,0.00,0.00
643.00,68.90,21.90,26.80,15.20,0.00,5.30,0.70,0.00,0.00,0.00,0.00,0.00,0.00,0.00,0.00,0.00,0.00,0.00,0.00,0.00,0.00,0.00
652.10,70.20,15.20,28.10,16.20,0.00,6.60,0.30,0.00,0.00,0.00,0.00,0.00,0.00,0.00,0.00,0.00,0.00,0.00,0.00,0.00,0.00,0.00
636.00,67.80,43.90,26.20,15.00,17.60,6.00,1.30,0.30,0.00,0.00,0.00,0.00,0.00,0.00,0.00,0.00,0.00,0.00,0.00,0.00,0.00,0.00
642.60,69.20,24.50,27.80,13.60,0.00,6.30,0.70,0.00,0.00,0.00,0.00,0.00,0.00,0.00,0.00,0.00,0.00,0.00,0.00,0.00,0.00,0.00
650.70,68.90,25.50,28.50,14.90,0.00,5.60,0.70,0.00,0.00,0.00,0.00,0.00,0.00,0.00,0.00,0.00,0.00,0.00,0.00,0.00,0.00,0.00
616.80,70.90,49.70,25.20,13.90,18.20,6.00,1.00,0.00,0.00,0.00,0.00,0.00,0.00,0.00,0.00,0.00,0.00,0.00,0.00,0.00,0.00,0.00
637.90,68.80,24.30,26.60,14.30,12.60,6.00,0.30,0.00,0.00,0.00,0.00,0.00,0.00,0.00,0.00,0.00,0.00,0.00,0.00,0.00,0.00,0.00
632.30,70.50,14.20,30.10,14.90,30.10,5.30,1.00,0.00,0.00,0.00,0.00,0.00,0.00,0.00,0.00,0.00,0.00,0.00,0.00,0.00,0.00,0.00
731.60,81.20,93.80,25.00,12.50,0.00,0.00,0.00,0.00,0.00,0.00,0.00,0.00,0.00,0.00,0.00,0.00,0.00,0.00,0.00,0.00,0.00,0.00
837.30,78.80,29.10,28.80,18.50,0.00,7.30,0.70,0.30,0.00,0.00,0.00,0.00,0.00,0.00,0.00,0.00,0.00,0.00,0.00,0.00,0.00,0.00
800.10,77.80,48.30,29.10,17.20,15.20,7.00,1.30,0.00,0.00,0.00,0.00,0.00,0.00,0.00,0.00,0.00,0.00,0.00,0.00,0.00,0.00,0.00
837.10,78.50,25.50,27.80,17.50,20.90,6.60,0.30,0.30,0.00,0.00,0.00,0.00,0.00,0.00,0.00,0.00,0.00,0.00,0.00,0.00,0.00,0.00
809.20,76.10,44.90,26.60,16.60,58.50,6.30,1.30,0.00,0.00,0.00,0.00,0.00,0.00,0.00,0.00,0.00,0.00,0.00,0.00,0.00,0.00,0.00
842.40,79.10,29.50,28.50,18.20,0.00,6.60,0.70,0.00,0.00,0.00,0.00,0.00,0.00,0.00,0.00,0.00,0.00,0.00,0.00,0.00,0.00,0.00
827.70,77.50,45.70,27.50,18.20,15.20,6.60,1.00,0.00,0.00,0.00,0.00,0.00,0.00,0.00,0.00,0.00,0.00,0.00,0.00,0.00,0.00,0.00
852.00,79.10,26.80,28.80,19.20,0.00,6.60,0.70,0.00,0.00,0.00,0.00,0.00,0.00,0.00,0.00,0.00,0.00,0.00,0.00,0.00,0.00,0.00
829.00,78.40,49.50,29.60,21.30,15.00,7.30,1.00,0.00,0.00,0.00,0.00,0.00,0.00,0.00,0.00,0.00,0.00,0.00,0.00,0.00,0.00,0.00
835.70,78.50,27.50,30.80,20.20,18.90,7.30,1.00,0.00,0.00,0.00,0.00,0.00,0.00,0.00,0.00,0.00,0.00,0.00,0.00,0.00,0.00,0.00
822.00,76.50,54.00,26.20,19.90,54.70,6.30,0.70,0.00,0.00,0.00,0.00,0.00,0.00,0.00,0.00,0.00,0.00,0.00,0.00,0.00,0.00,0.00
829.10,79.80,26.50,27.20,20.20,0.00,7.00,1.00,0.00,0.00,0.00,0.00,0.00,0.00,0.00,0.00,0.00,0.00,0.00,0.00,0.00,0.00,0.00
795.20,79.70,46.50,25.60,17.60,15.30,7.30,1.00,0.00,0.00,0.00,0.00,0.00,0.00,0.00,0.00,0.00,0.00,0.00,0.00,0.00,0.00,0.00
851.30,79.50,25.80,32.10,17.90,0.00,7.00,0.30,0.00,0.00,0.00,0.00,0.00,0.00,0.00,0.00,0.00,0.00,0.00,0.00,0.00,0.00,0.00
819.90,77.80,51.30,27.80,18.20,15.90,7.00,1.30,0.00,0.00,0.00,0.00,0.00,0.00,0.00,0.00,0.00,0.00,0.00,0.00,0.00,0.00,0.00
846.80,78.50,21.50,26.80,19.20,19.20,8.90,1.00,0.00,0.00,0.00,0.00,0.00,0.00,0.00,0.00,0.00,0.00,0.00,0.00,0.00,0.00,0.00
815.50,77.40,50.20,25.90,17.30,45.60,7.00,1.00,0.00,0.00,0.00,0.30,0.00,0.00,0.00,0.00,0.00,0.00,0.00,0.00,0.00,0.00,0.00
849.40,78.80,27.50,27.20,20.20,9.60,7.00,1.00,0.00,0.00,0.00,0.00,0.00,0.00,0.00,0.00,0.00,0.00,0.00,0.00,0.00,0.00,0.00
811.80,78.80,50.70,26.20,18.20,19.20,7.00,0.70,0.00,0.00,0.00,0.00,0.00,0.00,0.00,0.00,0.00,0.00,0.00,0.00,0.00,0.00,0.00
819.10,80.50,26.50,26.80,20.50,0.00,6.00,0.70,0.30,0.00,0.00,0.00,0.00,0.00,0.00,0.00,0.00,0.00,0.00,0.00,0.00,0.00,0.00
818.90,79.10,47.20,26.90,18.30,15.30,7.60,1.30,0.00,0.00,0.00,0.00,0.00,0.00,0.00,0.00,0.00,0.00,0.00,0.00,0.00,0.00,0.00
834.20,79.50,28.10,30.80,17.90,3.30,8.60,0.30,0.00,0.00,0.00,0.00,0.00,0.00,0.00,0.00,0.00,0.00,0.00,0.00,0.00,0.00,0.00
809.40,78.50,44.00,29.50,18.20,52.60,8.30,0.70,0.00,0.00,0.00,0.00,0.00,0.00,0.00,0.00,0.00,0.00,0.00,0.00,0.00,0.00,0.00
822.70,78.10,26.80,27.50,18.20,19.50,7.90,1.00,0.00,0.00,0.30,0.00,0.00,0.00,0.00,0.00,0.00,0.00,0.00,0.00,0.00,0.00,0.00
831.50,78.50,54.30,28.10,19.50,15.90,7.90,0.30,0.00,0.00,0.00,0.00,0.00,0.00,0.00,0.00,0.00,0.00,0.00,0.00,0.00,0.00,0.00
789.40,81.40,21.60,25.20,19.30,0.00,7.30,1.70,0.00,0.00,0.00,0.00,0.00,0.00,0.00,0.00,0.00,0.00,0.00,0.00,0.00,0.00,0.00
837.10,79.10,50.70,27.50,19.50,10.90,8.60,0.30,0.00,0.30,0.00,0.00,0.00,0.00,0.00,0.00,0.00,0.00,0.00,0.00,0.00,0.00,0.00
807.90,79.50,27.20,27.80,18.90,4.30,7.60,1.30,0.00,0.00,0.00,0.00,0.00,0.00,0.00,0.00,0.00,0.00,0.00,0.00,0.00,0.00,0.00
823.40,78.50,43.40,26.80,21.20,39.40,8.30,0.30,0.00,0.00,0.00,0.00,0.00,0.00,0.00,0.00,0.00,0.00,0.00,0.00,0.00,0.00,0.00
820.10,76.50,30.10,26.50,20.20,34.50,6.60,1.30,0.30,0.00,0.00,0.00,0.00,0.00,0.00,0.00,0.00,0.00,0.00,0.00,0.00,0.00,0.00
1024.90,87.50,0.00,25.00,25.00,0.00,12.50,0.00,0.00,0.00,0.00,0.00,0.00,0.00,0.00,0.00,0.00,0.00,0.00,0.00,0.00,0.00,0.00
965.00,83.10,58.30,29.10,20.20,15.60,8.30,0.30,0.00,0.00,0.00,0.00,0.00,0.00,0.00,0.00,0.00,0.00,0.00,0.00,0.00,0.00,0.00
962.30,83.70,26.20,28.90,20.30,0.00,8.30,1.30,0.00,0.00,0.00,0.00,0.00,0.00,0.00,0.00,0.00,0.00,0.00,0.00,0.00,0.00,0.00
950.30,81.80,56.60,28.10,19.90,42.40,8.30,1.00,0.00,0.00,0.00,0.00,0.00,0.00,0.00,0.00,0.00,0.00,0.00,0.00,0.00,0.00,0.00
975.90,83.40,27.50,29.10,20.50,30.50,8.30,0.70,0.00,0.00,0.00,0.00,0.00,0.00,0.00,0.00,0.00,0.00,0.00,0.00,0.00,0.00,0.00
947.30,83.40,54.60,27.80,19.90,14.90,7.90,1.30,0.00,0.00,0.00,0.00,0.00,0.00,0.00,0.00,0.00,0.00,0.00,0.00,0.00,0.00,0.00
973.30,84.40,50.20,28.90,20.60,0.00,11.30,0.70,0.00,0.00,0.00,0.00,0.00,0.00,0.00,0.00,0.00,0.00,0.00,0.00,0.00,0.00,0.00
944.80,82.50,40.70,28.50,20.50,15.60,8.90,1.70,0.30,0.00,0.00,0.00,0.00,0.00,0.00,0.00,0.00,0.00,0.00,0.00,0.00,0.00,0.00
936.10,83.10,53.30,27.50,21.50,24.80,7.90,1.30,0.00,0.00,0.00,0.00,0.00,0.00,0.00,0.00,0.00,0.00,0.00,0.00,0.00,0.00,0.00
928.40,84.10,28.10,28.10,19.90,55.30,7.90,1.00,0.00,0.30,0.00,0.00,0.00,0.00,0.00,0.00,0.00,0.00,0.00,0.00,0.00,0.00,0.00
948.10,83.10,58.90,30.80,19.90,15.20,8.60,1.30,0.00,0.00,0.00,0.00,0.00,0.00,0.00,0.00,0.00,0.00,0.00,0.00,0.00,0.00,0.00
975.20,84.70,26.20,27.90,21.60,0.00,7.60,0.30,0.00,0.00,0.00,0.00,0.00,0.00,0.00,0.00,0.00,0.00,0.00,0.00,0.00,0.00,0.00
939.80,83.80,58.90,27.50,21.50,18.90,7.90,1.00,0.00,0.00,0.00,0.00,0.00,0.00,0.00,0.00,0.00,0.00,0.00,0.00,0.00,0.00,0.00
972.20,83.80,45.00,29.10,20.80,0.00,8.30,0.70,0.30,0.00,0.00,0.00,0.00,0.00,0.00,0.00,0.00,0.00,0.00,0.00,0.00,0.00,0.00
938.20,81.80,46.70,30.50,18.90,49.70,8.30,1.30,0.00,0.00,0.30,0.00,0.00,0.00,0.00,0.00,0.00,0.00,0.00,0.00,0.00,0.00,0.00
942.90,83.40,51.80,28.20,20.30,44.80,11.00,1.30,0.00,0.00,0.00,0.30,0.00,0.00,0.00,0.00,0.00,0.00,0.00,0.00,0.00,0.00,0.00
967.40,84.10,35.80,33.10,21.20,4.30,10.90,0.70,0.00,0.00,0.00,0.00,0.00,0.00,0.00,0.00,0.00,0.00,0.00,0.00,0.00,0.00,0.00
937.70,83.40,50.30,33.40,19.50,15.60,8.60,1.70,0.00,0.00,0.00,0.00,0.00,0.00,0.00,0.00,0.00,0.00,0.00,0.00,0.00,0.00,0.00
956.80,84.80,31.50,29.50,20.50,0.00,9.60,0.30,0.00,0.00,0.30,0.00,0.00,0.00,0.00,0.00,0.00,0.00,0.00,0.00,0.00,0.00,0.00
951.50,82.10,45.40,28.50,21.50,34.10,9.60,1.00,0.00,0.00,0.00,0.00,0.00,0.00,0.00,0.00,0.00,0.00,0.00,0.00,0.00,0.00,0.00
943.60,83.70,41.90,29.20,19.90,42.20,8.30,1.00,0.00,0.00,0.00,0.00,0.00,0.00,0.00,0.00,0.00,0.00,0.00,0.00,0.00,0.00,0.00
915.40,84.40,50.00,30.50,19.20,16.90,9.30,1.70,0.30,0.00,0.00,0.00,0.00,0.00,0.00,0.00,0.00,0.00,0.00,0.00,0.00,0.00,0.00
942.00,84.40,48.70,28.80,19.90,2.00,7.90,0.30,0.00,0.00,0.00,0.00,0.00,0.00,0.00,0.00,0.00,0.00,0.00,0.00,0.00,0.00,0.00
952.90,82.80,39.40,28.50,21.90,14.20,10.60,1.00,0.00,0.00,0.30,0.00,0.00,0.00,0.00,0.00,0.00,0.00,0.00,0.00,0.00,0.00,0.00
951.20,84.10,51.30,27.80,22.80,16.90,10.30,1.30,0.00,0.00,0.00,0.00,0.00,0.00,0.00,0.00,0.00,0.00,0.00,0.00,0.00,0.00,0.00
967.20,83.70,28.90,29.20,20.30,37.90,11.00,0.30,0.00,0.00,0.30,0.00,0.00,0.00,0.00,0.00,0.00,0.00,0.00,0.00,0.00,0.00,0.00
949.80,82.10,59.60,28.10,19.50,34.10,8.30,1.30,0.00,0.00,0.00,0.00,0.00,0.00,0.00,0.00,0.00,0.00,0.00,0.00,0.00,0.00,0.00
957.80,84.40,29.10,32.50,20.20,0.00,7.90,0.30,0.00,0.00,0.00,0.00,0.00,0.00,0.00,0.00,0.00,0.00,0.00,0.00,0.00,0.00,0.00
951.60,83.40,56.30,30.10,20.50,15.60,9.90,1.70,0.00,0.00,0.00,0.00,0.00,0.00,0.00,0.00,0.00,0.00,0.00,0.00,0.00,0.00,0.00
977.30,83.80,53.00,31.10,21.20,3.60,7.90,0.00,0.00,0.00,0.00,0.00,0.00,0.00,0.00,0.00,0.00,0.00,0.00,0.00,0.00,0.00,0.00
976.30,82.40,0.00,23.50,23.50,0.00,5.90,0.00,0.00,0.00,0.00,0.00,0.00,0.00,0.00,0.00,0.00,0.00,0.00,0.00,0.00,0.00,0.00
990.90,88.40,48.80,28.20,20.90,19.90,10.00,0.30,0.00,0.00,0.00,0.00,0.00,0.00,0.00,0.00,0.00,0.00,0.00,0.00,0.00,0.00,0.00
1015.10,84.80,45.70,29.50,23.80,53.00,10.60,1.70,0.00,0.00,0.00,0.00,0.00,0.00,0.00,0.00,0.00,0.00,0.00,0.00,0.00,0.00,0.00
1039.30,86.10,56.30,30.80,21.80,15.90,10.60,1.30,0.00,0.00,0.00,0.00,0.00,0.00,0.00,0.00,0.00,0.00,0.00,0.00,0.00,0.00,0.00
1043.10,87.10,30.10,29.80,21.90,0.00,11.90,0.30,0.00,0.00,0.00,0.00,0.00,0.00,0.00,0.00,0.00,0.00,0.00,0.00,0.00,0.00,0.00
1023.00,85.40,57.60,30.50,20.90,18.20,10.90,2.00,0.00,0.00,0.00,0.00,0.00,0.00,0.00,0.00,0.00,0.00,0.00,0.00,0.00,0.00,0.00
1034.90,85.70,52.50,31.60,22.30,38.20,10.00,1.00,0.30,0.00,0.00,0.00,0.00,0.00,0.00,0.00,0.00,0.00,0.00,0.00,0.00,0.00,0.00
1033.20,86.40,31.50,28.50,23.80,38.00,9.30,0.70,0.00,0.00,0.00,0.00,0.00,0.00,0.00,0.00,0.00,0.00,0.00,0.00,0.00,0.00,0.00
1024.70,85.40,58.30,29.50,22.50,20.50,9.30,1.30,0.00,0.00,0.00,0.00,0.00,0.00,0.00,0.00,0.00,0.00,0.00,0.00,0.00,0.00,0.00
1041.10,87.40,49.30,29.10,22.20,0.00,12.60,0.30,0.00,0.00,0.00,0.00,0.30,0.00,0.00,0.00,0.00,0.00,0.00,0.00,0.00,0.00,0.00
1035.80,85.10,41.70,29.10,21.20,18.20,13.20,1.70,0.00,0.00,0.00,0.00,0.00,0.00,0.00,0.00,0.00,0.00,0.00,0.00,0.00,0.00,0.00
1039.90,85.00,56.80,28.20,21.90,38.90,12.00,1.70,0.00,0.00,0.00,0.30,0.00,0.00,0.00,0.00,0.00,0.00,0.00,0.00,0.00,0.00,0.00
1031.30,86.40,28.80,28.10,22.20,40.70,9.90,0.70,0.00,0.00,0.00,0.00,0.00,0.00,0.00,0.00,0.00,0.00,0.00,0.00,0.00,0.00,0.00
1028.00,85.40,61.30,30.10,22.20,17.90,9.30,2.00,0.00,0.00,0.30,0.00,0.00,0.00,0.00,0.00,0.00,0.00,0.00,0.00,0.00,0.00,0.00
972.30,87.10,53.60,26.50,23.20,9.30,8.90,0.30,0.00,0.00,0.00,0.00,0.00,0.00,0.00,0.00,0.00,0.00,0.00,0.00,0.00,0.00,0.00
1038.40,86.00,32.60,28.60,22.90,6.60,9.30,1.70,0.00,0.00,0.00,0.00,0.00,0.00,0.00,0.00,0.00,0.00,0.00,0.00,0.00,0.00,0.00
1023.50,85.10,53.30,29.80,20.90,35.70,9.30,1.70,0.00,0.00,0.00,0.00,0.00,0.00,0.00,0.00,0.00,0.00,0.00,0.00,0.00,0.00,0.00
1034.60,86.10,48.00,30.50,22.50,37.80,10.30,0.70,0.30,0.00,0.00,0.00,0.00,0.00,0.00,0.00,0.00,0.00,0.00,0.00,0.00,0.00,0.00
1014.10,86.40,47.00,28.10,20.20,15.60,11.60,1.30,0.00,0.00,0.00,0.00,0.00,0.00,0.00,0.00,0.00,0.00,0.00,0.00,0.00,0.00,0.00
998.40,87.40,55.60,29.10,21.80,15.60,9.90,0.70,0.30,0.30,0.30,0.00,0.00,0.00,0.00,0.00,0.00,0.00,0.00,0.00,0.00,0.00,0.00
1033.70,86.40,30.10,28.80,21.20,0.00,10.30,1.70,0.00,0.00,0.00,0.00,0.00,0.00,0.00,0.00,0.00,0.00,0.00,0.00,0.00,0.00,0.00
1025.10,86.00,54.80,29.90,23.30,34.90,10.00,1.00,0.00,0.00,0.00,0.00,0.00,0.00,0.00,0.00,0.00,0.00,0.00,0.00,0.00,0.00,0.00
1039.40,85.80,59.60,29.50,21.90,39.70,11.30,1.00,0.00,0.00,0.00,0.00,0.00,0.00,0.00,0.00,0.00,0.00,0.00,0.00,0.00,0.00,0.00
1030.70,85.80,46.40,30.80,22.20,17.90,10.90,1.70,0.00,0.00,0.00,0.00,0.00,0.00,0.00,0.00,0.00,0.00,0.00,0.00,0.00,0.00,0.00
1024.70,85.80,55.60,31.80,22.80,15.90,10.90,1.00,0.00,0.00,0.00,0.00,0.00,0.00,0.00,0.00,0.00,0.00,0.00,0.00,0.00,0.00,0.00
1014.50,87.70,43.00,28.50,23.20,0.00,8.90,1.00,0.00,0.00,0.00,0.00,0.00,0.00,0.00,0.00,0.00,0.00,0.00,0.00,0.00,0.00,0.00
1035.50,86.40,47.50,30.60,22.60,35.90,12.00,1.00,0.30,0.00,0.00,0.00,0.00,0.00,0.00,0.00,0.00,0.00,0.00,0.00,0.00,0.00,0.00
1021.90,85.40,62.90,30.80,21.50,43.40,11.60,1.30,0.00,0.00,0.00,0.00,0.00,0.00,0.00,0.00,0.00,0.00,0.00,0.00,0.00,0.00,0.00
1013.00,87.40,25.50,35.40,21.90,12.90,12.30,1.30,0.00,0.00,0.00,0.00,0.00,0.00,0.00,0.00,0.00,0.00,0.00,0.00,0.00,0.00,0.00
1029.40,86.10,59.60,32.50,21.80,17.90,10.90,1.30,0.00,0.00,0.00,0.00,0.00,0.00,0.00,0.00,0.00,0.00,0.00,0.00,0.00,0.00,0.00
1081.00,81.20,93.80,31.20,18.80,0.00,12.50,0.00,0.00,6.20,0.00,0.00,0.00,0.00,0.00,0.00,0.00,0.00,0.00,0.00,0.00,0.00,0.00
1027.80,86.80,50.30,29.50,20.90,35.80,11.90,0.30,0.00,0.00,0.00,0.00,0.00,0.00,0.00,0.00,0.00,0.00,0.00,0.00,0.00,0.00,0.00
1034.10,86.10,33.40,28.10,22.50,18.90,12.60,1.00,0.00,0.00,0.00,0.00,0.00,0.00,0.00,0.00,0.00,0.00,0.00,0.00,0.00,0.00,0.00
975.50,86.70,50.50,27.20,22.30,15.90,12.00,2.00,0.00,0.00,0.00,0.00,0.00,0.00,0.00,0.00,0.00,0.00,0.00,0.00,0.00,0.00,0.00
1040.10,86.40,53.30,28.50,21.90,18.50,10.90,0.70,0.00,0.00,0.00,0.00,0.00,0.00,0.00,0.00,0.00,0.00,0.00,0.00,0.00,0.00,0.00
1000.00,86.10,46.00,27.20,20.50,17.20,11.90,1.70,0.00,0.00,0.00,0.00,0.00,0.00,0.00,0.00,0.00,0.00,0.00,0.00,0.00,0.00,0.00
1030.80,86.10,51.30,27.80,25.20,37.80,10.30,0.70,0.00,0.00,0.00,0.00,0.00,0.00,0.00,0.00,0.00,0.00,0.00,0.00,0.00,0.00,0.00
1057.10,86.00,36.90,28.20,26.20,19.30,12.00,1.00,0.00,0.00,0.00,0.00,0.00,0.00,0.00,0.00,0.00,0.00,0.00,0.00,0.00,0.00,0.00
1028.80,85.80,61.30,27.80,22.50,16.60,11.30,1.70,0.30,0.00,0.00,0.00,0.00,0.00,0.00,0.00,0.00,0.00,0.00,0.00,0.00,0.00,0.00
1024.20,86.80,55.60,28.50,21.20,28.80,9.30,0.70,0.00,0.00,0.00,0.00,0.00,0.00,0.00,0.00,0.00,0.00,0.00,0.00,0.00,0.00,0.00
1050.10,85.40,34.80,28.50,23.80,5.30,10.30,1.30,0.00,0.00,0.00,0.00,0.00,0.00,0.00,0.00,0.00,0.00,0.00,0.00,0.00,0.00,0.00
1026.40,84.80,61.90,27.50,22.80,44.00,12.60,1.30,0.00,0.00,0.00,0.00,0.00,0.00,0.00,0.00,0.00,0.00,0.00,0.00,0.00,0.00,0.00
1042.70,86.70,43.90,28.60,23.30,10.00,10.30,0.70,0.00,0.00,0.00,0.00,0.00,0.00,0.00,0.00,0.00,0.00,0.00,0.00,0.00,0.00,0.00
1031.90,85.40,46.40,28.80,22.50,18.20,11.30,1.30,0.00,0.00,0.00,0.00,0.00,0.00,0.00,0.00,0.00,0.00,0.00,0.00,0.00,0.00,0.00
1019.60,85.40,61.30,29.10,20.90,36.40,10.90,1.30,0.00,0.00,0.00,0.00,0.00,0.00,0.00,0.00,0.00,0.00,0.00,0.00,0.00,0.00,0.00
1033.10,87.10,32.80,28.50,21.50,9.30,9.60,1.00,0.00,0.00,0.00,0.00,0.00,0.00,0.00,0.00,0.00,0.00,0.00,0.00,0.00,0.00,0.00
1036.40,85.40,54.60,27.80,22.50,37.00,9.90,1.30,0.00,0.00,0.30,0.00,0.00,0.00,0.00,0.00,0.00,0.00,0.00,0.00,0.00,0.00,0.00
988.00,87.70,56.10,27.60,20.60,24.30,11.60,0.30,0.00,0.00,0.00,0.00,0.00,0.00,0.00,0.00,0.00,0.00,0.00,0.00,0.00,0.00,0.00
1017.30,86.10,29.80,28.50,20.20,2.30,10.60,2.00,0.00,0.00,0.00,0.00,0.00,0.00,0.00,0.00,0.00,0.00,0.00,0.00,0.00,0.00,0.00
999.80,85.80,61.30,27.80,20.80,36.40,11.60,1.70,0.30,0.00,0.00,0.00,0.00,0.00,0.00,0.00,0.00,0.00,0.00,0.00,0.00,0.00,0.00
1006.40,87.70,42.40,28.80,20.90,9.30,13.60,0.30,0.30,0.00,0.00,0.00,0.00,0.00,0.00,0.00,0.00,0.00,0.00,0.00,0.00,0.00,0.00
1025.00,85.80,48.30,28.50,20.90,39.40,13.60,1.30,0.00,0.00,0.00,0.00,0.00,0.00,0.00,0.00,0.00,0.00,0.00,0.00,0.00,0.00,0.00
1007.60,85.70,60.10,30.90,20.60,23.60,10.60,1.70,0.00,0.00,0.00,0.00,0.00,0.00,0.00,0.00,0.00,0.00,0.00,0.00,0.00,0.00,0.00
1041.50,86.80,30.80,28.80,22.20,0.00,10.30,0.30,0.00,0.00,0.00,0.00,0.00,0.00,0.00,0.00,0.00,0.00,0.00,0.00,0.00,0.00,0.00
1011.60,85.80,57.90,29.50,20.20,35.50,11.60,1.70,0.00,0.70,0.00,0.00,0.00,0.00,0.00,0.00,0.00,0.00,0.00,0.00,0.00,0.00,0.00
1051.30,87.10,51.70,29.50,22.20,4.60,12.30,0.30,0.00,0.00,0.00,0.00,0.30,0.00,0.00,0.00,0.00,0.00,0.00,0.00,0.00,0.00,0.00
1005.30,85.10,37.40,27.80,21.90,54.30,9.60,1.70,0.00,0.00,0.00,0.00,0.00,0.00,0.00,0.00,0.00,0.00,0.00,0.00,0.00,0.00,0.00
1031.10,86.40,55.80,28.90,20.90,18.60,9.30,1.70,0.00,0.00,0.00,0.00,0.00,0.30,0.00,0.00,0.00,0.00,0.00,0.00,0.00,0.00,0.00
1026.90,87.40,35.40,28.50,20.90,0.00,9.30,0.70,0.00,0.00,0.00,0.00,0.00,0.00,0.00,0.00,0.00,0.00,0.00,0.00,0.00,0.00,0.00
1027.30,85.40,56.60,28.80,21.20,37.10,9.90,1.70,0.00,0.00,0.00,0.00,0.00,0.00,0.00,0.00,0.00,0.00,0.00,0.00,0.00,0.00,0.00
1049.90,87.50,93.80,25.00,25.00,0.00,12.50,0.00,0.00,0.00,0.00,0.00,0.00,0.00,0.00,0.00,0.00,0.00,0.00,0.00,0.00,0.00,0.00
1065.90,86.80,35.40,31.50,24.80,5.30,9.90,0.70,0.00,0.00,0.00,0.00,0.00,0.00,0.00,0.00,0.00,0.00,0.00,0.00,0.00,0.00,0.00
1032.40,86.10,60.30,28.80,21.90,33.40,10.30,1.30,0.00,0.00,0.00,0.00,0.00,0.00,0.00,0.00,0.00,0.00,0.00,0.00,0.00,0.00,0.00
991.60,87.70,51.00,32.10,20.50,13.90,9.60,1.30,0.30,0.00,0.30,0.00,0.00,0.00,0.00,0.00,0.00,0.00,0.00,0.00,0.00,0.00,0.00
1011.60,87.40,32.80,32.10,21.20,22.80,11.90,1.00,0.00,0.00,0.00,0.00,0.00,0.00,0.00,0.00,0.00,0.00,0.00,0.00,0.00,0.00,0.00
1019.20,86.40,51.80,28.20,22.60,36.50,11.30,1.30,0.00,0.00,0.00,0.00,0.00,0.00,0.00,0.00,0.00,0.00,0.00,0.00,0.00,0.00,0.00
1029.20,87.70,49.00,27.50,24.20,0.00,10.30,1.00,0.00,0.00,0.00,0.00,0.00,0.00,0.00,0.00,0.00,0.00,0.00,0.00,0.00,0.00,0.00
1032.60,85.80,46.70,29.50,25.20,37.70,10.30,1.00,0.00,0.00,0.00,0.00,0.00,0.00,0.00,0.00,0.00,0.00,0.00,0.00,0.00,0.00,0.00
1035.00,86.10,53.30,28.10,25.80,16.90,10.60,1.00,0.00,0.00,0.00,0.00,0.00,0.00,0.00,0.00,0.00,0.00,0.00,0.00,0.00,0.00,0.00
1036.70,87.70,35.50,28.90,21.30,5.60,9.60,1.30,0.00,0.30,0.00,0.00,0.00,0.00,0.00,0.00,0.00,0.00,0.00,0.00,0.00,0.00,0.00
989.80,87.10,54.30,27.80,20.20,48.40,8.90,1.00,0.30,0.00,0.00,0.00,0.00,0.00,0.00,0.00,0.00,0.00,0.00,0.00,0.00,0.00,0.00
1013.20,86.80,57.00,28.10,21.50,14.60,9.60,2.00,0.00,0.00,0.00,0.00,0.00,0.00,0.00,0.00,0.00,0.00,0.00,0.00,0.00,0.00,0.00
992.60,88.10,27.20,31.10,23.50,19.90,8.90,0.70,0.00,0.00,0.00,0.00,0.00,0.00,0.00,0.00,0.00,0.00,0.00,0.00,0.00,0.00,0.00
1032.10,86.10,57.30,28.50,21.50,17.20,9.30,1.30,0.00,0.00,0.00,0.00,0.00,0.00,0.00,0.00,0.00,0.00,0.00,0.00,0.00,0.00,0.00
1032.90,88.00,43.50,29.20,21.60,0.00,9.60,1.00,0.00,0.00,0.00,0.00,0.00,0.00,0.00,0.00,0.00,0.00,0.00,0.00,0.00,0.00,0.00
1012.70,85.80,51.70,28.50,22.20,54.30,9.90,1.00,0.00,0.00,0.00,0.00,0.00,0.00,0.00,0.00,0.00,0.00,0.00,0.00,0.00,0.00,0.00
1027.80,86.10,57.00,27.80,25.20,15.90,9.90,1.70,0.00,0.00,0.00,0.00,0.00,0.00,0.30,0.00,0.00,0.00,0.00,0.00,0.00,0.00,0.00
1033.80,87.10,27.50,27.50,25.50,19.90,11.90,1.30,0.00,0.00,0.00,0.00,0.00,0.00,0.00,0.00,0.00,0.00,0.00,0.00,0.00,0.00,0.00
1013.40,86.40,58.30,28.50,22.80,17.20,10.30,1.00,0.00,0.00,0.00,0.00,0.00,0.00,0.00,0.00,0.00,0.00,0.00,0.00,0.00,0.00,0.00
1035.50,87.70,50.80,28.60,21.60,15.60,9.60,0.70,0.30,0.00,0.00,0.30,0.00,0.00,0.00,0.00,0.00,0.00,0.00,0.00,0.00,0.00,0.00
1031.30,86.10,32.10,28.80,20.90,40.00,10.30,1.30,0.00,0.00,0.00,0.00,0.00,0.00,0.00,0.00,0.00,0.00,0.00,0.00,0.00,0.00,0.00
1005.10,87.10,52.00,28.50,21.20,15.60,10.90,1.70,0.00,0.00,0.00,0.00,0.00,0.00,0.00,0.00,0.00,0.00,0.00,0.00,0.00,0.00,0.00
1035.80,86.40,53.30,29.10,21.80,18.90,10.30,0.70,0.00,0.00,0.00,0.00,0.00,0.00,0.00,0.00,0.00,0.00,0.00,0.00,0.00,0.00,0.00
1033.80,86.00,42.20,28.20,25.20,15.30,12.00,1.30,0.30,0.00,0.00,0.00,0.00,0.00,0.00,0.00,0.00,0.00,0.00,0.00,0.00,0.00,0.00
1030.90,85.40,51.00,28.10,23.50,15.90,9.60,1.30,0.00,0.00,0.00,0.00,0.00,0.00,0.00,0.00,0.00,0.00,0.00,0.00,0.00,0.00,0.00
999.80,87.40,33.10,27.50,21.50,37.70,9.30,0.70,0.00,0.00,0.00,0.00,0.00,0.00,0.00,0.00,0.00,0.00,0.00,0.00,0.00,0.00,0.00
1026.50,86.40,54.00,28.50,24.50,15.20,8.90,1.30,0.00,0.00,0.00,0.00,0.00,0.00,0.00,0.00,0.00,0.00,0.00,0.00,0.00,0.00,0.00
1047.30,86.40,57.90,28.50,23.50,33.50,9.90,0.30,0.00,0.00,0.00,0.00,0.00,0.00,0.00,0.00,0.00,0.00,0.00,0.00,0.00,0.00,0.00
1050.30,86.80,30.50,31.50,23.80,1.00,10.30,1.30,0.00,0.00,0.00,0.00,0.00,0.00,0.00,0.00,0.00,0.00,0.00,0.00,0.00,0.00,0.00
1031.40,86.70,55.80,28.90,21.30,15.60,9.60,1.30,0.00,0.00,0.00,0.00,0.00,0.00,0.00,0.00,0.00,0.00,0.00,0.00,0.00,0.00,0.00
1056.20,87.50,0.00,31.20,18.80,0.00,12.50,6.20,0.00,0.00,0.00,0.00,0.00,0.00,0.00,0.00,0.00,0.00,0.00,0.00,0.00,0.00,0.00
1032.70,86.80,48.70,28.80,22.50,19.50,9.60,0.30,0.00,0.00,0.00,0.00,0.00,0.00,0.00,0.00,0.00,0.00,0.00,0.00,0.00,0.00,0.00
1036.70,86.00,40.20,29.20,23.60,15.60,9.60,1.30,0.00,0.00,0.30,0.00,0.00,0.00,0.00,0.00,0.00,0.00,0.00,0.00,0.00,0.00,0.00
1024.30,86.10,56.60,28.50,23.20,20.50,10.60,1.70,0.00,0.00,0.00,0.00,0.00,0.00,0.00,0.00,0.00,0.00,0.00,0.00,0.00,0.00,0.00
1033.90,87.40,43.00,29.80,22.20,20.50,9.90,0.70,0.30,0.00,0.00,0.00,0.00,0.00,0.00,0.00,0.00,0.00,0.00,0.00,0.00,0.00,0.00
1025.70,86.10,48.70,29.50,21.50,36.40,12.30,1.30,0.00,0.00,0.00,0.00,0.00,0.00,0.00,0.00,0.00,0.00,0.00,0.00,0.00,0.00,0.00
1006.80,85.80,57.10,32.30,20.80,35.00,10.20,1.30,0.00,0.00,0.00,0.00,0.00,0.00,0.00,0.00,0.00,0.00,0.00,0.00,0.00,0.00,0.00
1045.60,87.70,28.90,29.60,21.60,0.00,10.60,1.00,0.00,0.00,0.00,0.00,0.00,0.00,0.00,0.00,0.00,0.00,0.00,0.00,0.00,0.00,0.00
1008.80,86.80,57.00,27.80,21.20,17.90,10.30,2.00,0.00,0.00,0.00,0.30,0.00,0.00,0.00,0.00,0.00,0.00,0.00,0.00,0.00,0.00,0.00
1019.10,86.10,55.10,27.40,26.00,31.00,10.90,1.30,0.00,0.00,0.00,0.00,0.00,0.00,0.00,0.00,0.00,0.00,0.00,0.00,0.00,0.00,0.00
1022.30,87.40,29.80,35.80,21.20,22.80,13.20,0.70,0.00,0.00,0.00,0.00,0.00,0.00,0.00,0.00,0.00,0.00,0.00,0.00,0.00,0.00,0.00
1025.20,86.40,57.60,30.80,21.50,38.10,10.90,1.30,0.00,0.00,0.00,0.00,0.00,0.00,0.00,0.00,0.00,0.00,0.00,0.00,0.00,0.00,0.00
1045.10,88.10,49.00,29.10,22.20,0.00,10.90,0.70,0.00,0.00,0.00,0.00,0.00,0.00,0.00,0.00,0.00,0.00,0.00,0.00,0.00,0.00,0.00
1032.60,85.80,45.90,28.40,22.10,19.50,9.90,1.00,0.00,0.00,0.00,0.00,0.00,0.00,0.00,0.00,0.00,0.00,0.00,0.00,0.00,0.00,0.00
1013.50,86.40,50.30,27.80,23.20,34.10,10.30,1.70,0.30,0.00,0.00,0.00,0.00,0.00,0.00,0.00,0.00,0.00,0.00,0.00,0.00,0.00,0.00
1035.70,87.40,38.70,28.50,21.20,16.20,10.90,0.70,0.00,0.00,0.00,0.00,0.00,0.00,0.00,0.00,0.00,0.00,0.00,0.00,0.00,0.00,0.00
1009.50,86.40,48.70,28.80,21.20,42.40,9.30,1.70,0.30,0.00,0.00,0.00,0.00,0.00,0.00,0.00,0.00,0.00,0.00,0.00,0.00,0.00,0.00
1032.30,86.80,61.70,28.70,21.80,16.80,12.20,0.00,0.00,0.00,0.00,0.00,0.00,0.00,0.00,0.00,0.00,0.00,0.00,0.00,0.00,0.00,0.00
1001.40,87.40,24.50,30.10,21.50,0.00,12.30,2.00,0.00,0.00,0.00,0.00,0.00,0.00,0.00,0.00,0.00,0.00,0.00,0.00,0.00,0.00,0.00
1020.60,86.10,60.60,28.10,22.50,37.10,12.90,1.00,0.00,0.00,0.00,0.00,0.00,0.00,0.00,0.00,0.00,0.00,0.00,0.00,0.00,0.00,0.00
1024.80,87.40,54.30,27.80,23.80,24.50,12.90,1.00,0.00,0.00,0.00,0.00,0.00,0.00,0.00,0.00,0.00,0.00,0.00,0.00,0.00,0.00,0.00
1016.50,86.40,33.20,27.90,22.30,28.60,13.00,1.70,0.00,0.00,0.00,0.00,0.00,0.00,0.00,0.00,0.00,0.00,0.00,0.00,0.00,0.00,0.00
1018.80,86.50,60.10,28.10,25.10,17.20,12.20,1.30,0.00,0.00,0.00,0.00,0.00,0.00,0.00,0.00,0.00,0.00,0.00,0.00,0.00,0.00,0.00
1020.60,87.70,37.50,28.90,21.60,17.60,10.60,0.00,0.00,0.00,0.00,0.00,0.00,0.00,0.00,0.00,0.00,0.00,0.00,0.00,0.00,0.00,0.00
1020.70,85.80,55.10,27.70,22.10,20.40,10.90,1.30,0.00,0.00,0.00,0.00,0.00,0.00,0.00,0.00,0.00,0.00,0.00,0.00,0.00,0.00,0.00
999.50,87.00,52.50,27.90,20.60,35.60,12.30,1.70,0.00,0.00,0.00,0.00,0.00,0.00,0.00,0.00,0.00,0.00,0.00,0.00,0.00,0.00,0.00
1007.70,86.50,33.00,29.40,20.50,17.20,10.20,1.00,0.00,0.00,0.00,0.00,0.00,0.00,0.00,0.00,0.00,0.00,0.00,0.00,0.00,0.00,0.00
989.50,87.70,57.00,27.80,21.50,15.90,9.60,1.30,0.00,0.00,0.00,0.00,0.00,0.00,0.00,0.00,0.00,0.00,0.00,0.00,0.00,0.00,0.00
1035.80,86.80,52.30,33.10,21.20,20.90,10.90,0.70,0.00,0.00,0.00,0.30,0.00,0.00,0.00,0.00,0.00,0.00,0.00,0.00,0.00,0.00,0.00
1021.50,85.10,38.90,29.70,21.10,16.50,9.60,1.70,0.00,0.00,0.00,0.00,0.00,0.00,0.00,0.00,0.00,0.00,0.00,0.00,0.00,0.00,0.00
940.90,88.20,0.00,29.40,17.60,94.10,11.80,0.00,0.00,0.00,0.00,0.00,0.00,0.00,0.00,0.00,0.00,0.00,0.00,0.00,0.00,0.00,0.00
1025.20,86.40,57.80,27.60,24.60,21.30,10.60,1.30,0.00,0.00,0.00,0.00,0.00,0.00,0.00,0.00,0.00,0.00,0.00,0.00,0.00,0.00,0.00
1037.40,86.10,31.50,27.50,25.50,26.80,12.60,1.30,0.00,0.00,0.00,0.00,0.00,0.00,0.00,0.00,0.00,0.00,0.00,0.00,0.00,0.00,0.00
1019.90,86.40,52.60,27.80,22.80,15.20,12.90,1.00,0.00,0.00,0.00,0.00,0.00,0.00,0.00,0.00,0.00,0.00,0.00,0.00,0.00,0.00,0.00
1028.80,86.80,55.60,27.20,24.80,21.50,12.30,0.70,0.00,0.30,0.00,0.00,0.00,0.00,0.00,0.00,0.00,0.00,0.00,0.00,0.00,0.00,0.00
1033.90,85.40,38.40,28.50,21.50,25.50,12.90,1.30,0.00,0.00,0.00,0.00,0.00,0.00,0.00,0.00,0.00,0.00,0.00,0.00,0.00,0.00,0.00
1013.00,86.70,53.50,27.20,19.90,24.90,11.60,1.70,0.00,0.00,0.00,0.00,0.00,0.00,0.00,0.00,0.00,0.00,0.00,0.00,0.00,0.00,0.00
1008.70,85.40,59.30,27.80,20.50,33.40,10.30,1.30,0.30,0.00,0.00,0.00,0.00,0.00,0.00,0.00,0.00,0.00,0.00,0.00,0.00,0.00,0.00
1011.00,87.10,27.20,28.80,21.50,0.00,12.90,1.00,0.00,0.00,0.00,0.00,0.00,0.00,0.00,0.00,0.00,0.00,0.00,0.00,0.00,0.00,0.00
1000.40,87.40,53.80,29.90,21.30,33.90,12.30,0.70,0.00,0.00,0.00,0.00,0.00,0.00,0.00,0.00,0.00,0.00,0.00,0.00,0.00,0.00,0.00
1008.30,87.70,48.70,28.50,20.90,0.30,11.60,1.00,0.00,0.00,0.00,0.00,0.00,0.00,0.00,0.00,0.00,0.00,0.00,0.00,0.00,0.00,0.00
1022.50,85.80,40.10,31.10,20.90,34.80,9.60,1.30,0.00,0.00,0.00,0.00,0.00,0.00,0.00,0.00,0.00,0.00,0.00,0.00,0.00,0.00,0.00
974.60,87.40,54.30,27.20,19.80,34.80,9.30,1.70,0.00,0.00,0.30,0.00,0.00,0.00,0.00,0.00,0.00,0.00,0.00,0.00,0.00,0.00,0.00
1035.10,87.10,32.80,34.10,21.20,0.00,9.60,0.30,0.00,0.00,0.00,0.00,0.00,0.00,0.00,0.00,0.00,0.00,0.00,0.00,0.00,0.00,0.00
1010.90,86.00,57.10,30.20,21.30,37.50,12.00,1.70,0.00,0.00,0.00,0.00,0.00,0.00,0.00,0.00,0.00,0.00,0.00,0.00,0.00,0.00,0.00
1015.90,87.40,49.30,28.50,21.20,16.20,9.90,0.70,0.00,0.00,0.00,0.00,0.00,0.00,0.00,0.00,0.00,0.00,0.00,0.00,0.00,0.00,0.00
1010.00,86.40,32.10,27.80,24.20,19.20,11.60,1.30,0.00,0.00,0.00,0.00,0.00,0.00,0.00,0.00,0.00,0.00,0.00,0.00,0.00,0.00,0.00
1028.50,86.10,55.30,28.80,20.50,34.40,10.90,1.30,0.30,0.00,0.30,0.00,0.00,0.00,0.00,0.00,0.00,0.00,0.00,0.00,0.00,0.00,0.00
1026.90,87.40,52.00,28.80,20.90,1.30,9.60,0.70,0.00,0.00,0.00,0.00,0.00,0.00,0.00,0.00,0.00,0.00,0.00,0.00,0.00,0.00,0.00
1022.40,86.40,38.50,28.20,20.30,32.60,9.60,1.70,0.00,0.30,0.00,0.00,0.00,0.00,0.00,0.00,0.00,0.00,0.00,0.00,0.00,0.00,0.00
1009.90,86.40,55.60,28.50,20.90,32.80,9.30,1.30,0.00,0.00,0.00,0.00,0.30,0.00,0.00,0.00,0.00,0.00,0.00,0.00,0.00,0.00,0.00
1014.90,88.10,32.10,29.10,20.50,2.00,9.30,0.70,0.00,0.00,0.00,0.00,0.00,0.00,0.00,0.00,0.00,0.00,0.00,0.00,0.00,0.00,0.00
990.40,86.40,56.30,29.80,20.90,36.40,11.90,1.00,0.00,0.00,0.00,0.00,0.00,0.00,0.00,0.00,0.00,0.00,0.00,0.00,0.00,0.00,0.00
986.70,88.00,49.80,30.60,20.60,12.60,11.00,1.00,0.00,0.00,0.00,0.30,0.00,0.00,0.00,0.00,0.00,0.00,0.00,0.00,0.00,0.00,0.00
1003.20,86.40,33.40,28.50,23.20,24.50,10.30,1.30,0.00,0.00,0.00,0.00,0.00,0.00,0.00,0.00,0.00,0.00,0.00,0.00,0.00,0.00,0.00
1007.70,85.80,52.00,28.10,20.90,37.10,10.30,1.30,0.00,0.00,0.00,0.00,0.00,0.00,0.00,0.00,0.00,0.00,0.00,0.00,0.00,0.00,0.00
1019.30,87.10,54.30,29.10,20.90,0.00,9.90,0.70,0.30,0.00,0.00,0.00,0.00,0.00,0.00,0.00,0.00,0.00,0.00,0.00,0.00,0.00,0.00
1003.30,86.10,40.40,27.80,20.50,36.80,11.90,1.70,0.00,0.00,0.00,0.00,0.00,0.00,0.00,0.00,0.00,0.00,0.00,0.00,0.00,0.00,0.00
998.80,86.70,51.80,27.90,19.90,17.30,9.30,1.00,0.00,0.00,0.00,0.00,0.00,0.00,0.00,0.00,0.00,0.00,0.00,0.00,0.00,0.00,0.00
1008.50,86.10,37.40,28.10,20.20,18.50,9.60,1.00,0.00,0.00,0.00,0.00,0.00,0.00,0.00,0.00,0.00,0.00,0.00,0.00,0.00,0.00,0.00
970.40,88.20,17.60,29.40,17.60,0.00,5.90,0.00,0.00,0.00,0.00,0.00,0.00,0.00,0.00,0.00,0.00,0.00,0.00,0.00,0.00,0.00,0.00
1025.00,87.00,49.80,28.90,21.60,38.90,10.30,0.70,0.00,0.00,0.00,0.00,0.00,0.00,0.00,0.00,0.00,0.00,0.00,0.00,0.00,0.00,0.00
1027.80,86.40,45.70,28.80,21.50,20.20,9.90,1.70,0.00,0.00,0.00,0.00,0.00,0.00,0.00,0.00,0.00,0.00,0.00,0.00,0.00,0.00,0.00
1019.80,86.80,51.00,35.80,23.20,29.20,9.30,1.00,0.00,0.00,0.00,0.00,0.00,0.00,0.00,0.00,0.00,0.00,0.00,0.00,0.00,0.00,0.00
1028.10,87.70,44.40,30.50,21.20,5.60,9.60,0.70,0.30,0.00,0.00,0.00,0.00,0.00,0.00,0.00,0.00,0.00,0.00,0.00,0.00,0.00,0.00
1011.50,86.80,47.40,28.80,21.20,26.80,9.30,1.30,0.00,0.00,0.00,0.00,0.00,0.00,0.00,0.00,0.00,0.00,0.00,0.00,0.00,0.00,0.00
1000.70,88.00,52.50,28.20,21.90,41.20,10.60,0.30,0.00,0.00,0.00,0.00,0.00,0.00,0.00,0.00,0.00,0.00,0.00,0.00,0.00,0.00,0.00
995.80,87.10,30.80,29.80,22.20,8.90,9.90,2.00,0.00,0.00,0.00,0.00,0.00,0.00,0.00,0.00,0.00,0.00,0.00,0.00,0.00,0.00,0.00
996.60,87.40,52.80,28.60,21.60,35.90,10.00,2.00,0.00,0.00,0.00,0.00,0.00,0.00,0.00,0.00,0.00,0.00,0.00,0.00,0.00,0.00,0.00
1015.40,87.40,53.60,30.10,20.90,9.90,9.30,0.30,0.00,0.00,0.00,0.00,0.00,0.00,0.00,0.00,0.00,0.00,0.00,0.00,0.00,0.00,0.00
1023.00,86.80,27.80,28.50,21.80,7.30,9.90,1.30,0.00,0.00,0.30,0.00,0.00,0.00,0.00,0.00,0.00,0.00,0.00,0.00,0.00,0.00,0.00
1004.90,87.00,56.10,31.60,20.90,52.80,10.60,1.70,0.00,0.00,0.00,0.00,0.00,0.00,0.00,0.00,0.00,0.00,0.00,0.00,0.00,0.00,0.00
1016.20,87.70,42.40,28.80,21.20,0.00,12.90,0.70,0.00,0.00,0.00,0.00,0.00,0.00,0.00,0.00,0.00,0.00,0.00,0.00,0.00,0.00,0.00
1025.60,86.70,44.20,35.50,21.30,36.50,13.00,1.30,0.00,0.00,0.00,0.00,0.00,0.00,0.00,0.00,0.00,0.00,0.00,0.00,0.00,0.00,0.00
997.30,87.40,46.70,29.10,21.20,16.20,12.30,1.30,0.00,0.00,0.00,0.00,0.00,0.00,0.00,0.00,0.00,0.00,0.00,0.00,0.00,0.00,0.00
1025.90,88.00,35.20,31.20,22.30,0.00,12.30,0.70,0.30,0.00,0.00,0.00,0.00,0.00,0.00,0.00,0.00,0.00,0.00,0.00,0.00,0.00,0.00
1018.70,86.40,51.70,32.50,21.20,50.00,12.30,1.30,0.00,0.00,0.00,0.00,0.00,0.00,0.00,0.00,0.00,0.00,0.00,0.00,0.00,0.00,0.00
1039.40,87.10,46.00,29.10,22.50,17.50,12.60,0.70,0.30,0.00,0.00,0.00,0.00,0.00,0.00,0.00,0.00,0.00,0.00,0.00,0.00,0.00,0.00
1005.20,87.00,31.90,27.90,21.20,19.30,10.60,1.70,0.00,0.00,0.00,0.00,0.00,0.00,0.00,0.00,0.00,0.00,0.00,0.00,0.00,0.00,0.00
997.80,87.10,50.70,27.80,22.80,15.90,10.30,1.30,0.00,0.00,0.00,0.00,0.00,0.00,0.00,0.00,0.00,0.00,0.00,0.00,0.00,0.00,0.00
1015.60,88.00,52.50,29.60,21.60,5.60,9.60,0.30,0.00,0.00,0.30,0.00,0.00,0.00,0.00,0.00,0.00,0.00,0.00,0.00,0.00,0.00,0.00
1030.60,86.40,31.80,30.10,21.90,45.00,11.60,1.70,0.00,0.00,0.00,0.00,0.00,0.00,0.00,0.00,0.00,0.00,0.00,0.00,0.00,0.00,0.00
1014.80,87.00,51.20,29.20,22.60,15.60,9.30,1.00,0.00,0.00,0.00,0.00,0.00,0.00,0.00,0.00,0.00,0.00,0.00,0.00,0.00,0.00,0.00
1023.50,87.40,44.70,28.80,23.80,19.50,10.30,1.00,0.00,0.30,0.00,0.30,0.00,0.00,0.00,0.00,0.00,0.00,0.00,0.00,0.00,0.00,0.00
1012.10,86.40,41.10,34.40,20.90,15.60,9.90,1.30,0.00,0.00,0.00,0.00,0.00,0.00,0.00,0.00,0.00,0.00,0.00,0.00,0.00,0.00,0.00
1001.50,87.40,48.80,28.20,21.60,25.90,9.60,1.70,0.00,0.00,0.00,0.00,0.00,0.00,0.00,0.00,0.00,0.00,0.00,0.00,0.00,0.00,0.00
1003.40,87.40,33.10,28.50,20.90,28.80,10.30,0.30,0.00,0.00,0.00,0.00,0.00,0.00,0.00,0.00,0.00,0.00,0.00,0.00,0.00,0.00,0.00
992.50,88.00,46.80,30.20,21.90,17.60,11.00,1.30,0.00,0.00,0.00,0.00,0.00,0.00,0.00,0.00,0.00,0.00,0.00,0.00,0.00,0.00,0.00
939.40,89.70,47.70,34.40,19.90,21.80,9.30,0.70,0.00,0.00,0.30,0.00,0.00,0.00,0.00,0.00,0.00,0.00,0.00,0.00,0.00,0.00,0.00
1020.20,87.40,34.90,29.60,22.90,12.00,10.30,1.30,0.30,0.00,0.00,0.30,0.00,0.00,0.00,0.00,0.00,0.00,0.00,0.00,0.00,0.00,0.00
962.20,81.20,87.50,25.00,25.00,93.80,6.20,0.00,0.00,0.00,0.00,0.00,0.00,0.00,0.00,0.00,0.00,0.00,0.00,0.00,0.00,0.00,0.00
987.70,85.80,37.40,27.20,21.50,47.70,10.30,1.30,0.00,0.00,0.00,0.00,0.00,0.00,0.00,0.00,0.00,0.00,0.00,0.00,0.00,0.00,0.00
994.00,86.40,54.50,31.60,21.20,17.90,11.00,1.70,0.00,0.00,0.00,0.00,0.00,0.00,0.00,0.00,0.00,0.00,0.00,0.00,0.00,0.00,0.00
1001.40,87.10,36.10,28.10,21.90,0.00,9.30,0.70,0.30,0.00,0.00,0.00,0.00,0.00,0.00,0.00,0.00,0.00,0.00,0.00,0.00,0.00,0.00
998.50,86.10,47.00,31.80,19.90,15.90,9.30,1.30,0.00,0.30,0.00,0.00,0.00,0.00,0.00,0.00,0.00,0.00,0.00,0.00,0.00,0.00,0.00
1000.80,85.40,52.50,31.60,19.90,42.90,9.60,1.30,0.00,0.00,0.00,0.00,0.00,0.00,0.00,0.00,0.00,0.00,0.00,0.00,0.00,0.00,0.00
1010.90,86.10,27.20,28.10,20.50,32.50,11.60,0.70,0.00,0.00,0.00,0.00,0.00,0.00,0.00,0.00,0.00,0.00,0.00,0.00,0.00,0.00,0.00
1001.40,86.70,51.50,28.90,20.90,15.30,11.00,1.70,0.30,0.00,0.30,0.00,0.00,0.00,0.00,0.00,0.00,0.00,0.00,0.00,0.00,0.00,0.00
1016.00,86.40,48.00,30.80,21.20,3.00,11.30,0.30,0.00,0.00,0.30,0.00,0.00,0.00,0.00,0.00,0.00,0.00,0.00,0.00,0.00,0.00,0.00
1024.90,85.70,32.20,28.20,21.90,17.30,11.60,1.30,0.00,0.00,0.00,0.00,0.00,0.00,0.00,0.00,0.00,0.00,0.00,0.00,0.00,0.00,0.00
1006.40,86.10,47.70,27.50,22.20,47.00,10.90,1.70,0.00,0.00,0.00,0.00,0.00,0.00,0.00,0.00,0.00,0.00,0.00,0.00,0.00,0.00,0.00
1025.70,86.70,43.90,27.20,24.60,20.00,11.30,0.70,0.00,0.00,0.00,0.00,0.00,0.00,0.00,0.00,0.00,0.00,0.00,0.00,0.00,0.00,0.00
1014.30,85.40,50.30,28.10,21.20,15.90,12.30,1.70,0.00,0.00,0.00,0.00,0.00,0.00,0.00,0.00,0.00,0.00,0.00,0.00,0.00,0.00,0.00
1020.30,86.00,36.90,27.90,21.90,14.60,12.30,1.00,0.30,0.00,0.00,0.00,0.00,0.00,0.00,0.00,0.00,0.00,0.00,0.00,0.00,0.00,0.00
1006.10,85.10,56.60,29.10,21.90,14.90,11.60,1.30,0.00,0.00,0.00,0.00,0.00,0.00,0.00,0.00,0.00,0.00,0.00,0.00,0.00,0.00,0.00
996.70,86.70,25.20,28.20,19.90,35.20,11.00,0.70,0.00,0.00,0.00,0.00,0.00,0.00,0.00,0.00,0.00,0.00,0.00,0.00,0.00,0.00,0.00
996.20,85.40,47.20,29.90,19.60,32.60,9.60,1.30,0.00,0.00,0.00,0.00,0.00,0.00,0.00,0.00,0.00,0.00,0.00,0.00,0.00,0.00,0.00
998.60,85.80,49.70,27.80,20.20,5.60,9.30,1.70,0.00,0.00,0.00,0.30,0.00,0.00,0.00,0.00,0.00,0.00,0.00,0.00,0.00,0.00,0.00
1029.30,85.70,28.20,28.60,20.30,11.60,11.00,0.70,0.00,0.00,0.00,0.00,0.00,0.00,0.00,0.00,0.00,0.00,0.00,0.00,0.00,0.00,0.00
987.30,85.40,45.70,30.50,20.20,17.50,9.90,1.70,0.00,0.00,0.00,0.00,0.00,0.00,0.00,0.00,0.00,0.00,0.00,0.00,0.00,0.00,0.00
1015.30,85.40,40.50,27.90,20.60,34.50,10.30,0.30,0.00,0.00,0.00,0.00,0.00,0.00,0.00,0.00,0.00,0.00,0.00,0.00,0.00,0.00,0.00
998.90,85.10,41.10,28.10,20.50,32.80,11.30,1.30,0.00,0.00,0.00,0.00,0.00,0.00,0.00,0.30,0.00,0.00,0.00,0.00,0.00,0.00,0.00
992.60,85.70,46.80,27.90,21.90,16.90,12.30,1.70,0.00,0.00,0.00,0.00,0.00,0.00,0.00,0.00,0.00,0.00,0.00,0.00,0.00,0.00,0.00
967.50,86.80,26.80,26.80,19.50,0.00,9.60,1.30,0.30,0.00,0.00,0.00,0.00,0.00,0.00,0.00,0.00,0.00,0.00,0.00,0.00,0.00,0.00
989.00,85.40,47.20,26.90,21.60,15.60,10.30,1.30,0.00,0.00,0.00,0.00,0.00,0.00,0.00,0.00,0.00,0.00,0.00,0.00,0.00,0.00,0.00
966.50,86.70,45.50,28.20,21.60,35.20,9.30,1.00,0.00,0.00,0.00,0.00,0.00,0.00,0.00,0.00,0.00,0.00,0.00,0.00,0.00,0.00,0.00
939.60,86.80,30.80,26.20,18.80,33.70,8.90,1.30,0.00,0.00,0.00,0.00,0.00,0.00,0.00,0.00,0.00,0.00,0.00,0.00,0.00,0.00,0.00
954.40,85.70,44.20,26.90,18.90,17.30,8.60,2.00,0.00,0.00,0.30,0.00,0.00,0.00,0.00,0.00,0.00,0.00,0.00,0.00,0.00,0.00,0.00
960.70,86.80,23.80,26.80,20.50,0.00,9.60,0.70,0.00,0.00,0.00,0.00,0.00,0.00,0.00,0.00,0.00,0.00,0.00,0.00,0.00,0.00,0.00
975.60,86.40,43.90,26.90,21.30,16.30,9.30,1.30,0.00,0.00,0.00,0.00,0.00,0.00,0.00,0.00,0.00,0.00,0.00,0.00,0.00,0.00,0.00
