#tp_osd_tp,ceph-osd,safe_timer,ms_dispatch,ms_local,rocksdb:low,io_context_pool,ceph_timer,fn_anonymous,bstore_aio,log,service,admin_socket,signal_handler,rocksdb:high,cfin,bstore_mempool,finisher,osd_srv_agent,osd_srv_heartbt,bstore_kv_sync,bstore_kv_final,OpHistorySvc
0.00,10.80,7.20,6.30,6.30,1.80,1.80,1.80,1.80,0.90,0.90,0.90,0.90,0.90,0.90,0.90,0.90,0.90,0.90,0.90,0.00,0.00,0.00
16.00,12.00,8.00,7.00,7.00,3.00,2.00,2.00,2.00,2.00,1.00,1.00,1.00,1.00,1.00,1.00,1.00,1.00,1.00,1.00,1.00,1.00,1.00
16.00,12.00,8.00,7.00,7.00,3.00,2.00,2.00,2.00,2.00,1.00,1.00,1.00,1.00,1.00,1.00,1.00,1.00,1.00,1.00,1.00,1.00,1.00
14.40,10.80,7.20,6.30,6.30,2.70,1.80,1.80,1.80,1.80,0.90,0.90,0.90,0.90,0.90,0.90,0.90,0.90,0.90,0.90,0.90,0.90,0.90
16.00,12.00,8.00,7.00,7.00,3.00,2.00,2.00,2.00,2.00,1.00,1.00,1.00,1.00,1.00,1.00,1.00,1.00,1.00,1.00,1.00,1.00,1.00
16.00,12.00,8.00,7.00,7.00,3.00,2.00,2.00,2.00,2.00,1.00,1.00,1.00,1.00,1.00,1.00,1.00,1.00,1.00,1.00,1.00,1.00,1.00
16.00,12.00,8.00,7.00,7.00,3.00,2.00,2.00,2.00,2.00,1.00,1.00,1.00,1.00,1.00,1.00,1.00,1.00,1.00,1.00,1.00,1.00,1.00
16.00,12.00,8.00,7.00,7.00,3.00,2.00,2.00,2.00,2.00,1.00,1.00,1.00,1.00,1.00,1.00,1.00,1.00,1.00,1.00,1.00,1.00,1.00
16.00,12.00,8.00,7.00,7.00,3.00,2.00,2.00,2.00,2.00,1.00,1.00,1.00,1.00,1.00,1.00,1.00,1.00,1.00,1.00,1.00,1.00,1.00
16.00,12.00,8.00,7.00,7.00,3.00,2.00,2.00,2.00,2.00,1.00,1.00,1.00,1.00,1.00,1.00,1.00,1.00,1.00,1.00,1.00,1.00,1.00
16.00,12.00,8.00,7.00,7.00,3.00,2.00,2.00,2.00,2.00,1.00,1.00,1.00,1.00,1.00,1.00,1.00,1.00,1.00,1.00,1.00,1.00,1.00
16.00,12.00,8.00,7.00,7.00,3.00,2.00,2.00,2.00,2.00,1.00,1.00,1.00,1.00,1.00,1.00,1.00,1.00,1.00,1.00,1.00,1.00,1.00
16.00,12.00,8.00,7.00,7.00,3.00,2.00,2.00,2.00,2.00,1.00,1.00,1.00,1.00,1.00,1.00,1.00,1.00,1.00,1.00,1.00,1.00,1.00
16.00,12.00,8.00,7.00,7.00,3.00,2.00,2.00,2.00,2.00,1.00,1.00,1.00,1.00,1.00,1.00,1.00,1.00,1.00,1.00,1.00,1.00,1.00
16.00,12.00,8.00,7.00,7.00,3.00,2.00,2.00,2.00,2.00,1.00,1.00,1.00,1.00,1.00,1.00,1.00,1.00,1.00,1.00,1.00,1.00,1.00
14.40,10.80,7.20,6.30,6.30,2.70,1.80,1.80,1.80,1.80,0.90,0.90,0.90,0.90,0.90,0.90,0.90,0.90,0.90,0.90,0.90,0.90,0.90
16.00,12.00,8.00,7.00,7.00,3.00,2.00,2.00,2.00,2.00,1.00,1.00,1.00,1.00,1.00,1.00,1.00,1.00,1.00,1.00,1.00,1.00,1.00
16.00,12.00,8.00,7.00,7.00,3.00,2.00,2.00,2.00,2.00,1.00,1.00,1.00,1.00,1.00,1.00,1.00,1.00,1.00,1.00,1.00,1.00,1.00
16.00,12.00,8.00,7.00,7.00,3.00,2.00,2.00,2.00,2.00,1.00,1.00,1.00,1.00,1.00,1.00,1.00,1.00,1.00,1.00,1.00,1.00,1.00
16.00,12.00,8.00,7.00,7.00,3.00,2.00,2.00,2.00,2.00,1.00,1.00,1.00,1.00,1.00,1.00,1.00,1.00,1.00,1.00,1.00,1.00,1.00
16.00,12.00,8.00,7.00,7.00,3.00,2.00,2.00,2.00,2.00,1.00,1.00,1.00,1.00,1.00,1.00,1.00,1.00,1.00,1.00,1.00,1.00,1.00
16.00,12.00,8.00,7.00,7.00,3.00,2.00,2.00,2.00,2.00,1.00,1.00,1.00,1.00,1.00,1.00,1.00,1.00,1.00,1.00,1.00,1.00,1.00
16.00,12.00,8.00,7.00,7.00,3.00,2.00,2.00,2.00,2.00,1.00,1.00,1.00,1.00,1.00,1.00,1.00,1.00,1.00,1.00,1.00,1.00,1.00
17.60,13.20,8.80,7.70,7.70,3.30,2.20,2.20,2.20,2.20,1.10,1.10,1.10,1.10,1.10,1.10,1.10,1.10,1.10,1.10,1.10,1.10,1.10
16.00,12.00,8.00,7.00,7.00,3.00,2.00,2.00,2.00,2.00,1.00,1.00,1.00,1.00,1.00,1.00,1.00,1.00,1.00,1.00,1.00,1.00,1.00
16.00,12.00,8.00,7.00,7.00,3.00,2.00,2.00,2.00,2.00,1.00,1.00,1.00,1.00,1.00,1.00,1.00,1.00,1.00,1.00,1.00,1.00,1.00
16.00,12.00,8.00,7.00,7.00,3.00,2.00,2.00,2.00,2.00,1.00,1.00,1.00,1.00,1.00,1.00,1.00,1.00,1.00,1.00,1.00,1.00,1.00
16.00,12.00,8.00,7.00,7.00,3.00,2.00,2.00,2.00,2.00,1.00,1.00,1.00,1.00,1.00,1.00,1.00,1.00,1.00,1.00,1.00,1.00,1.00
16.00,12.00,8.00,7.00,7.00,3.00,2.00,2.00,2.00,2.00,1.00,1.00,1.00,1.00,1.00,1.00,1.00,1.00,1.00,1.00,1.00,1.00,1.00
17.60,13.20,8.80,7.70,7.70,3.30,2.20,2.20,2.20,2.20,1.10,1.10,1.10,1.10,1.10,1.10,1.10,1.10,1.10,1.10,1.10,1.10,1.10
9.60,7.20,4.80,4.20,4.20,1.80,1.20,1.20,1.20,1.20,0.60,0.60,0.60,0.60,0.60,0.60,0.60,0.60,0.60,0.60,0.60,0.60,0.60
11.20,8.40,5.60,4.90,4.90,2.10,1.40,1.40,1.40,1.40,0.70,0.70,0.70,0.70,0.70,0.70,0.70,0.70,0.70,0.70,0.70,0.70,0.70
9.60,7.20,4.80,4.20,4.20,1.80,1.20,1.20,1.20,1.20,0.60,0.60,0.60,0.60,0.60,0.60,0.60,0.60,0.60,0.60,0.60,0.60,0.60
11.20,8.40,5.60,4.90,4.90,2.10,1.40,1.40,1.40,1.40,0.70,0.70,0.70,0.70,0.70,0.70,0.70,0.70,0.70,0.70,0.70,0.70,0.70
9.60,7.20,4.80,4.20,4.20,1.80,1.20,1.20,1.20,1.20,0.60,0.60,0.60,0.60,0.60,0.60,0.60,0.60,0.60,0.60,0.60,0.60,0.60
11.20,8.40,5.60,4.90,4.90,2.10,1.40,1.40,1.40,1.40,0.70,0.70,0.70,0.70,0.70,0.70,0.70,0.70,0.70,0.70,0.70,0.70,0.70
9.60,7.20,4.80,4.20,4.20,1.80,1.20,1.20,1.20,1.20,0.60,0.60,0.60,0.60,0.60,0.60,0.60,0.60,0.60,0.60,0.60,0.60,0.60
11.20,8.40,5.60,4.90,4.90,2.10,1.40,1.40,1.40,1.40,0.70,0.70,0.70,0.70,0.70,0.70,0.70,0.70,0.70,0.70,0.70,0.70,0.70
9.60,7.20,4.80,4.20,4.20,1.80,1.20,1.20,1.20,1.20,0.60,0.60,0.60,0.60,0.60,0.60,0.60,0.60,0.60,0.60,0.60,0.60,0.60
11.20,8.40,5.60,4.90,4.90,2.10,1.40,1.40,1.40,1.40,0.70,0.70,0.70,0.70,0.70,0.70,0.70,0.70,0.70,0.70,0.70,0.70,0.70
9.60,7.20,4.80,4.20,4.20,1.80,1.20,1.20,1.20,1.20,0.60,0.60,0.60,0.60,0.60,0.60,0.60,0.60,0.60,0.60,0.60,0.60,0.60
11.20,8.40,5.60,4.90,4.90,2.10,1.40,1.40,1.40,1.40,0.70,0.70,0.70,0.70,0.70,0.70,0.70,0.70,0.70,0.70,0.70,0.70,0.70
9.60,7.20,4.80,4.20,4.20,1.80,1.20,1.20,1.20,1.20,0.60,0.60,0.60,0.60,0.60,0.60,0.60,0.60,0.60,0.60,0.60,0.60,0.60
11.20,8.40,5.60,4.90,4.90,2.10,1.40,1.40,1.40,1.40,0.70,0.70,0.70,0.70,0.70,0.70,0.70,0.70,0.70,0.70,0.70,0.70,0.70
9.60,7.20,4.80,4.20,4.20,1.80,1.20,1.20,1.20,1.20,0.60,0.60,0.60,0.60,0.60,0.60,0.60,0.60,0.60,0.60,0.60,0.60,0.60
11.20,8.40,5.60,4.90,4.90,2.10,1.40,1.40,1.40,1.40,0.70,0.70,0.70,0.70,0.70,0.70,0.70,0.70,0.70,0.70,0.70,0.70,0.70
9.60,7.20,4.80,4.20,4.20,1.80,1.20,1.20,1.20,1.20,0.60,0.60,0.60,0.60,0.60,0.60,0.60,0.60,0.60,0.60,0.60,0.60,0.60
11.20,8.40,5.60,4.90,4.90,2.10,1.40,1.40,1.40,1.40,0.70,0.70,0.70,0.70,0.70,0.70,0.70,0.70,0.70,0.70,0.70,0.70,0.70
9.60,7.20,4.80,4.20,4.20,1.80,1.20,1.20,1.20,1.20,0.60,0.60,0.60,0.60,0.60,0.60,0.60,0.60,0.60,0.60,0.60,0.60,0.60
11.20,8.40,5.60,4.90,4.90,2.10,1.40,1.40,1.40,1.40,0.70,0.70,0.70,0.70,0.70,0.70,0.70,0.70,0.70,0.70,0.70,0.70,0.70
9.60,7.20,4.80,4.20,4.20,1.80,1.20,1.20,1.20,1.20,0.60,0.60,0.60,0.60,0.60,0.60,0.60,0.60,0.60,0.60,0.60,0.60,0.60
11.20,8.40,5.60,4.90,4.90,2.10,1.40,1.40,1.40,1.40,0.70,0.70,0.70,0.70,0.70,0.70,0.70,0.70,0.70,0.70,0.70,0.70,0.70
11.20,8.40,5.60,4.90,4.90,2.10,1.40,1.40,1.40,1.40,0.70,0.70,0.70,0.70,0.70,0.70,0.70,0.70,0.70,0.70,0.70,0.70,0.70
11.20,8.40,5.60,4.90,4.90,2.10,1.40,1.40,1.40,1.40,0.70,0.70,0.70,0.70,0.70,0.70,0.70,0.70,0.70,0.70,0.70,0.70,0.70
11.20,8.40,5.60,4.90,4.90,2.10,1.40,1.40,1.40,1.40,0.70,0.70,0.70,0.70,0.70,0.70,0.70,0.70,0.70,0.70,0.70,0.70,0.70
11.20,8.40,5.60,4.90,4.90,2.10,1.40,1.40,1.40,1.40,0.70,0.70,0.70,0.70,0.70,0.70,0.70,0.70,0.70,0.70,0.70,0.70,0.70
11.20,8.40,5.60,4.90,4.90,2.10,1.40,1.40,1.40,1.40,0.70,0.70,0.70,0.70,0.70,0.70,0.70,0.70,0.70,0.70,0.70,0.70,0.70
11.20,8.40,5.60,4.90,4.90,2.10,1.40,1.40,1.40,1.40,0.70,0.70,0.70,0.70,0.70,0.70,0.70,0.70,0.70,0.70,0.70,0.70,0.70
11.20,8.40,5.60,4.90,4.90,2.10,1.40,1.40,1.40,1.40,0.70,0.70,0.70,0.70,0.70,0.70,0.70,0.70,0.70,0.70,0.70,0.70,0.70
11.20,8.40,5.60,4.90,4.90,2.10,1.40,1.40,1.40,1.40,0.70,0.70,0.70,0.70,0.70,0.70,0.70,0.70,0.70,0.70,0.70,0.70,0.70
12.80,9.60,6.40,5.60,5.60,2.40,1.60,1.60,1.60,1.60,0.80,0.80,0.80,0.80,0.80,0.80,0.80,0.80,0.80,0.80,0.80,0.80,0.80
14.40,10.80,7.20,6.30,6.30,2.70,1.80,1.80,1.80,1.80,0.90,0.90,0.90,0.90,0.90,0.90,0.90,0.90,0.90,0.90,0.90,0.90,0.90
12.80,9.60,6.40,5.60,5.60,2.40,1.60,1.60,1.60,1.60,0.80,0.80,0.80,0.80,0.80,0.80,0.80,0.80,0.80,0.80,0.80,0.80,0.80
12.80,9.60,6.40,5.60,5.60,2.40,1.60,1.60,1.60,1.60,0.80,0.80,0.80,0.80,0.80,0.80,0.80,0.80,0.80,0.80,0.80,0.80,0.80
14.40,10.80,7.20,6.30,6.30,2.70,1.80,1.80,1.80,1.80,0.90,0.90,0.90,0.90,0.90,0.90,0.90,0.90,0.90,0.90,0.90,0.90,0.90
12.80,9.60,6.40,5.60,5.60,2.40,1.60,1.60,1.60,1.60,0.80,0.80,0.80,0.80,0.80,0.80,0.80,0.80,0.80,0.80,0.80,0.80,0.80
14.40,10.80,7.20,6.30,6.30,2.70,1.80,1.80,1.80,1.80,0.90,0.90,0.90,0.90,0.90,0.90,0.90,0.90,0.90,0.90,0.90,0.90,0.90
12.80,9.60,6.40,5.60,5.60,2.40,1.60,1.60,1.60,1.60,0.80,0.80,0.80,0.80,0.80,0.80,0.80,0.80,0.80,0.80,0.80,0.80,0.80
12.80,9.60,6.40,5.60,5.60,2.40,1.60,1.60,1.60,1.60,0.80,0.80,0.80,0.80,0.80,0.80,0.80,0.80,0.80,0.80,0.80,0.80,0.80
12.80,9.60,6.40,5.60,5.60,2.40,1.60,1.60,1.60,1.60,0.80,0.80,0.80,0.80,0.80,0.80,0.80,0.80,0.80,0.80,0.80,0.80,0.80
12.80,9.60,6.40,5.60,5.60,2.40,1.60,1.60,1.60,1.60,0.80,0.80,0.80,0.80,0.80,0.80,0.80,0.80,0.80,0.80,0.80,0.80,0.80
14.40,10.80,7.20,6.30,6.30,2.70,1.80,1.80,1.80,1.80,0.90,0.90,0.90,0.90,0.90,0.90,0.90,0.90,0.90,0.90,0.90,0.90,0.90
12.80,9.60,6.40,5.60,5.60,2.40,1.60,1.60,1.60,1.60,0.80,0.80,0.80,0.80,0.80,0.80,0.80,0.80,0.80,0.80,0.80,0.80,0.80
14.40,10.80,7.20,6.30,6.30,2.70,1.80,1.80,1.80,1.80,0.90,0.90,0.90,0.90,0.90,0.90,0.90,0.90,0.90,0.90,0.90,0.90,0.90
12.80,9.60,6.40,5.60,5.60,2.40,1.60,1.60,1.60,1.60,0.80,0.80,0.80,0.80,0.80,0.80,0.80,0.80,0.80,0.80,0.80,0.80,0.80
12.80,9.60,6.40,5.60,5.60,2.40,1.60,1.60,1.60,1.60,0.80,0.80,0.80,0.80,0.80,0.80,0.80,0.80,0.80,0.80,0.80,0.80,0.80
12.80,9.60,6.40,5.60,5.60,2.40,1.60,1.60,1.60,1.60,0.80,0.80,0.80,0.80,0.80,0.80,0.80,0.80,0.80,0.80,0.80,0.80,0.80
12.80,9.60,6.40,5.60,5.60,2.40,1.60,1.60,1.60,1.60,0.80,0.80,0.80,0.80,0.80,0.80,0.80,0.80,0.80,0.80,0.80,0.80,0.80
14.40,10.80,7.20,6.30,6.30,2.70,1.80,1.80,1.80,1.80,0.90,0.90,0.90,0.90,0.90,0.90,0.90,0.90,0.90,0.90,0.90,0.90,0.90
12.80,9.60,6.40,5.60,5.60,2.40,1.60,1.60,1.60,1.60,0.80,0.80,0.80,0.80,0.80,0.80,0.80,0.80,0.80,0.80,0.80,0.80,0.80
14.40,10.80,7.20,6.30,6.30,2.70,1.80,1.80,1.80,1.80,0.90,0.90,0.90,0.90,0.90,0.90,0.90,0.90,0.90,0.90,0.90,0.90,0.90
14.40,10.80,7.20,6.30,6.30,2.70,1.80,1.80,1.80,1.80,0.90,0.90,0.90,0.90,0.90,0.90,0.90,0.90,0.90,0.90,0.90,0.90,0.90
14.40,10.80,7.20,6.30,6.30,2.70,1.80,1.80,1.80,1.80,0.90,0.90,0.90,0.90,0.90,0.90,0.90,0.90,0.90,0.90,0.90,0.90,0.90
14.40,10.80,7.20,6.30,6.30,2.70,1.80,1.80,1.80,1.80,0.90,0.90,0.90,0.90,0.90,0.90,0.90,0.90,0.90,0.90,0.90,0.90,0.90
12.80,9.60,6.40,5.60,5.60,2.40,1.60,1.60,1.60,1.60,0.80,0.80,0.80,0.80,0.80,0.80,0.80,0.80,0.80,0.80,0.80,0.80,0.80
14.40,10.80,7.20,6.30,6.30,2.70,1.80,1.80,1.80,1.80,0.90,0.90,0.90,0.90,0.90,0.90,0.90,0.90,0.90,0.90,0.90,0.90,0.90
12.80,9.60,6.40,5.60,5.60,2.40,1.60,1.60,1.60,1.60,0.80,0.80,0.80,0.80,0.80,0.80,0.80,0.80,0.80,0.80,0.80,0.80,0.80
14.40,10.80,7.20,6.30,6.30,2.70,1.80,1.80,1.80,1.80,0.90,0.90,0.90,0.90,0.90,0.90,0.90,0.90,0.90,0.90,0.90,0.90,0.90
14.40,10.80,7.20,6.30,6.30,2.70,1.80,1.80,1.80,1.80,0.90,0.90,0.90,0.90,0.90,0.90,0.90,0.90,0.90,0.90,0.90,0.90,0.90
14.40,10.80,7.20,6.30,6.30,2.70,1.80,1.80,1.80,1.80,0.90,0.90,0.90,0.90,0.90,0.90,0.90,0.90,0.90,0.90,0.90,0.90,0.90
16.00,12.00,8.00,7.00,7.00,3.00,2.00,2.00,2.00,2.00,1.00,1.00,1.00,1.00,1.00,1.00,1.00,1.00,1.00,1.00,1.00,1.00,1.00
16.00,12.00,8.00,7.00,7.00,3.00,2.00,2.00,2.00,2.00,1.00,1.00,1.00,1.00,1.00,1.00,1.00,1.00,1.00,1.00,1.00,1.00,1.00
16.00,12.00,8.00,7.00,7.00,3.00,2.00,2.00,2.00,2.00,1.00,1.00,1.00,1.00,1.00,1.00,1.00,1.00,1.00,1.00,1.00,1.00,1.00
14.40,10.80,7.20,6.30,6.30,2.70,1.80,1.80,1.80,1.80,0.90,0.90,0.90,0.90,0.90,0.90,0.90,0.90,0.90,0.90,0.90,0.90,0.90
16.00,12.00,8.00,7.00,7.00,3.00,2.00,2.00,2.00,2.00,1.00,1.00,1.00,1.00,1.00,1.00,1.00,1.00,1.00,1.00,1.00,1.00,1.00
16.00,12.00,8.00,7.00,7.00,3.00,2.00,2.00,2.00,2.00,1.00,1.00,1.00,1.00,1.00,1.00,1.00,1.00,1.00,1.00,1.00,1.00,1.00
14.40,10.80,7.20,6.30,6.30,2.70,1.80,1.80,1.80,1.80,0.90,0.90,0.90,0.90,0.90,0.90,0.90,0.90,0.90,0.90,0.90,0.90,0.90
16.00,12.00,8.00,7.00,7.00,3.00,2.00,2.00,2.00,2.00,1.00,1.00,1.00,1.00,1.00,1.00,1.00,1.00,1.00,1.00,1.00,1.00,1.00
16.00,12.00,8.00,7.00,7.00,3.00,2.00,2.00,2.00,2.00,1.00,1.00,1.00,1.00,1.00,1.00,1.00,1.00,1.00,1.00,1.00,1.00,1.00
16.00,12.00,8.00,7.00,7.00,3.00,2.00,2.00,2.00,2.00,1.00,1.00,1.00,1.00,1.00,1.00,1.00,1.00,1.00,1.00,1.00,1.00,1.00
16.00,12.00,8.00,7.00,7.00,3.00,2.00,2.00,2.00,2.00,1.00,1.00,1.00,1.00,1.00,1.00,1.00,1.00,1.00,1.00,1.00,1.00,1.00
14.40,10.80,7.20,6.30,6.30,2.70,1.80,1.80,1.80,1.80,0.90,0.90,0.90,0.90,0.90,0.90,0.90,0.90,0.90,0.90,0.90,0.90,0.90
16.00,12.00,8.00,7.00,7.00,3.00,2.00,2.00,2.00,2.00,1.00,1.00,1.00,1.00,1.00,1.00,1.00,1.00,1.00,1.00,1.00,1.00,1.00
16.00,12.00,8.00,7.00,7.00,3.00,2.00,2.00,2.00,2.00,1.00,1.00,1.00,1.00,1.00,1.00,1.00,1.00,1.00,1.00,1.00,1.00,1.00
16.00,12.00,8.00,7.00,7.00,3.00,2.00,2.00,2.00,2.00,1.00,1.00,1.00,1.00,1.00,1.00,1.00,1.00,1.00,1.00,1.00,1.00,1.00
16.00,12.00,8.00,7.00,7.00,3.00,2.00,2.00,2.00,2.00,1.00,1.00,1.00,1.00,1.00,1.00,1.00,1.00,1.00,1.00,1.00,1.00,1.00
16.00,12.00,8.00,7.00,7.00,3.00,2.00,2.00,2.00,2.00,1.00,1.00,1.00,1.00,1.00,1.00,1.00,1.00,1.00,1.00,1.00,1.00,1.00
16.00,12.00,8.00,7.00,7.00,3.00,2.00,2.00,2.00,2.00,1.00,1.00,1.00,1.00,1.00,1.00,1.00,1.00,1.00,1.00,1.00,1.00,1.00
16.00,12.00,8.00,7.00,7.00,3.00,2.00,2.00,2.00,2.00,1.00,1.00,1.00,1.00,1.00,1.00,1.00,1.00,1.00,1.00,1.00,1.00,1.00
17.60,13.20,8.80,7.70,7.70,3.30,2.20,2.20,2.20,2.20,1.10,1.10,1.10,1.10,1.10,1.10,1.10,1.10,1.10,1.10,1.10,1.10,1.10
16.00,12.00,8.00,7.00,7.00,3.00,2.00,2.00,2.00,2.00,1.00,1.00,1.00,1.00,1.00,1.00,1.00,1.00,1.00,1.00,1.00,1.00,1.00
16.00,12.00,8.00,7.00,7.00,3.00,2.00,2.00,2.00,2.00,1.00,1.00,1.00,1.00,1.00,1.00,1.00,1.00,1.00,1.00,1.00,1.00,1.00
16.00,12.00,8.00,7.00,7.00,3.00,2.00,2.00,2.00,2.00,1.00,1.00,1.00,1.00,1.00,1.00,1.00,1.00,1.00,1.00,1.00,1.00,1.00
16.00,12.00,8.00,7.00,7.00,3.00,2.00,2.00,2.00,2.00,1.00,1.00,1.00,1.00,1.00,1.00,1.00,1.00,1.00,1.00,1.00,1.00,1.00
16.00,12.00,8.00,7.00,7.00,3.00,2.00,2.00,2.00,2.00,1.00,1.00,1.00,1.00,1.00,1.00,1.00,1.00,1.00,1.00,1.00,1.00,1.00
16.00,12.00,8.00,7.00,7.00,3.00,2.00,2.00,2.00,2.00,1.00,1.00,1.00,1.00,1.00,1.00,1.00,1.00,1.00,1.00,1.00,1.00,1.00
16.00,12.00,8.00,7.00,7.00,3.00,2.00,2.00,2.00,2.00,1.00,1.00,1.00,1.00,1.00,1.00,1.00,1.00,1.00,1.00,1.00,1.00,1.00
16.00,12.00,8.00,7.00,7.00,3.00,2.00,2.00,2.00,2.00,1.00,1.00,1.00,1.00,1.00,1.00,1.00,1.00,1.00,1.00,1.00,1.00,1.00
16.00,12.00,8.00,7.00,7.00,3.00,2.00,2.00,2.00,2.00,1.00,1.00,1.00,1.00,1.00,1.00,1.00,1.00,1.00,1.00,1.00,1.00,1.00
16.00,12.00,8.00,7.00,7.00,3.00,2.00,2.00,2.00,2.00,1.00,1.00,1.00,1.00,1.00,1.00,1.00,1.00,1.00,1.00,1.00,1.00,1.00
16.00,12.00,8.00,7.00,7.00,3.00,2.00,2.00,2.00,2.00,1.00,1.00,1.00,1.00,1.00,1.00,1.00,1.00,1.00,1.00,1.00,1.00,1.00
17.60,13.20,8.80,7.70,7.70,3.30,2.20,2.20,2.20,2.20,1.10,1.10,1.10,1.10,1.10,1.10,1.10,1.10,1.10,1.10,1.10,1.10,1.10
16.00,12.00,8.00,7.00,7.00,3.00,2.00,2.00,2.00,2.00,1.00,1.00,1.00,1.00,1.00,1.00,1.00,1.00,1.00,1.00,1.00,1.00,1.00
16.00,12.00,8.00,7.00,7.00,3.00,2.00,2.00,2.00,2.00,1.00,1.00,1.00,1.00,1.00,1.00,1.00,1.00,1.00,1.00,1.00,1.00,1.00
17.60,13.20,8.80,7.70,7.70,3.30,2.20,2.20,2.20,2.20,1.10,1.10,1.10,1.10,1.10,1.10,1.10,1.10,1.10,1.10,1.10,1.10,1.10
16.00,12.00,8.00,7.00,7.00,3.00,2.00,2.00,2.00,2.00,1.00,1.00,1.00,1.00,1.00,1.00,1.00,1.00,1.00,1.00,1.00,1.00,1.00
17.60,13.20,8.80,7.70,7.70,3.30,2.20,2.20,2.20,2.20,1.10,1.10,1.10,1.10,1.10,1.10,1.10,1.10,1.10,1.10,1.10,1.10,1.10
16.00,12.00,8.00,7.00,7.00,3.00,2.00,2.00,2.00,2.00,1.00,1.00,1.00,1.00,1.00,1.00,1.00,1.00,1.00,1.00,1.00,1.00,1.00
16.00,12.00,8.00,7.00,7.00,3.00,2.00,2.00,2.00,2.00,1.00,1.00,1.00,1.00,1.00,1.00,1.00,1.00,1.00,1.00,1.00,1.00,1.00
17.60,13.20,8.80,7.70,7.70,3.30,2.20,2.20,2.20,2.20,1.10,1.10,1.10,1.10,1.10,1.10,1.10,1.10,1.10,1.10,1.10,1.10,1.10
16.00,12.00,8.00,7.00,7.00,3.00,2.00,2.00,2.00,2.00,1.00,1.00,1.00,1.00,1.00,1.00,1.00,1.00,1.00,1.00,1.00,1.00,1.00
16.00,12.00,8.00,7.00,7.00,3.00,2.00,2.00,2.00,2.00,1.00,1.00,1.00,1.00,1.00,1.00,1.00,1.00,1.00,1.00,1.00,1.00,1.00
17.60,13.20,8.80,7.70,7.70,3.30,2.20,2.20,2.20,2.20,1.10,1.10,1.10,1.10,1.10,1.10,1.10,1.10,1.10,1.10,1.10,1.10,1.10
16.00,12.00,8.00,7.00,7.00,3.00,2.00,2.00,2.00,2.00,1.00,1.00,1.00,1.00,1.00,1.00,1.00,1.00,1.00,1.00,1.00,1.00,1.00
16.00,12.00,8.00,7.00,7.00,3.00,2.00,2.00,2.00,2.00,1.00,1.00,1.00,1.00,1.00,1.00,1.00,1.00,1.00,1.00,1.00,1.00,1.00
17.60,13.20,8.80,7.70,7.70,3.30,2.20,2.20,2.20,2.20,1.10,1.10,1.10,1.10,1.10,1.10,1.10,1.10,1.10,1.10,1.10,1.10,1.10
16.00,12.00,8.00,7.00,7.00,3.00,2.00,2.00,2.00,2.00,1.00,1.00,1.00,1.00,1.00,1.00,1.00,1.00,1.00,1.00,1.00,1.00,1.00
17.60,13.20,8.80,7.70,7.70,3.30,2.20,2.20,2.20,2.20,1.10,1.10,1.10,1.10,1.10,1.10,1.10,1.10,1.10,1.10,1.10,1.10,1.10
16.00,12.00,8.00,7.00,7.00,3.00,2.00,2.00,2.00,2.00,1.00,1.00,1.00,1.00,1.00,1.00,1.00,1.00,1.00,1.00,1.00,1.00,1.00
16.00,12.00,8.00,7.00,7.00,3.00,2.00,2.00,2.00,2.00,1.00,1.00,1.00,1.00,1.00,1.00,1.00,1.00,1.00,1.00,1.00,1.00,1.00
17.60,13.20,8.80,7.70,7.70,3.30,2.20,2.20,2.20,2.20,1.10,1.10,1.10,1.10,1.10,1.10,1.10,1.10,1.10,1.10,1.10,1.10,1.10
16.00,12.00,8.00,7.00,7.00,3.00,2.00,2.00,2.00,2.00,1.00,1.00,1.00,1.00,1.00,1.00,1.00,1.00,1.00,1.00,1.00,1.00,1.00
16.00,12.00,8.00,7.00,7.00,3.00,2.00,2.00,2.00,2.00,1.00,1.00,1.00,1.00,1.00,1.00,1.00,1.00,1.00,1.00,1.00,1.00,1.00
16.00,12.00,8.00,7.00,7.00,3.00,2.00,2.00,2.00,2.00,1.00,1.00,1.00,1.00,1.00,1.00,1.00,1.00,1.00,1.00,1.00,1.00,1.00
16.00,12.00,8.00,7.00,7.00,3.00,2.00,2.00,2.00,2.00,1.00,1.00,1.00,1.00,1.00,1.00,1.00,1.00,1.00,1.00,1.00,1.00,1.00
17.60,13.20,8.80,7.70,7.70,3.30,2.20,2.20,2.20,2.20,1.10,1.10,1.10,1.10,1.10,1.10,1.10,1.10,1.10,1.10,1.10,1.10,1.10
16.00,12.00,8.00,7.00,7.00,3.00,2.00,2.00,2.00,2.00,1.00,1.00,1.00,1.00,1.00,1.00,1.00,1.00,1.00,1.00,1.00,1.00,1.00
16.00,12.00,8.00,7.00,7.00,3.00,2.00,2.00,2.00,2.00,1.00,1.00,1.00,1.00,1.00,1.00,1.00,1.00,1.00,1.00,1.00,1.00,1.00
17.60,13.20,8.80,7.70,7.70,3.30,2.20,2.20,2.20,2.20,1.10,1.10,1.10,1.10,1.10,1.10,1.10,1.10,1.10,1.10,1.10,1.10,1.10
16.00,12.00,8.00,7.00,7.00,3.00,2.00,2.00,2.00,2.00,1.00,1.00,1.00,1.00,1.00,1.00,1.00,1.00,1.00,1.00,1.00,1.00,1.00
16.00,12.00,8.00,7.00,7.00,3.00,2.00,2.00,2.00,2.00,1.00,1.00,1.00,1.00,1.00,1.00,1.00,1.00,1.00,1.00,1.00,1.00,1.00
17.60,13.20,8.80,7.70,7.70,3.30,2.20,2.20,2.20,2.20,1.10,1.10,1.10,1.10,1.10,1.10,1.10,1.10,1.10,1.10,1.10,1.10,1.10
16.00,12.00,8.00,7.00,7.00,3.00,2.00,2.00,2.00,2.00,1.00,1.00,1.00,1.00,1.00,1.00,1.00,1.00,1.00,1.00,1.00,1.00,1.00
16.00,12.00,8.00,7.00,7.00,3.00,2.00,2.00,2.00,2.00,1.00,1.00,1.00,1.00,1.00,1.00,1.00,1.00,1.00,1.00,1.00,1.00,1.00
16.00,12.00,8.00,7.00,7.00,3.00,2.00,2.00,2.00,2.00,1.00,1.00,1.00,1.00,1.00,1.00,1.00,1.00,1.00,1.00,1.00,1.00,1.00
16.00,12.00,8.00,7.00,7.00,3.00,2.00,2.00,2.00,2.00,1.00,1.00,1.00,1.00,1.00,1.00,1.00,1.00,1.00,1.00,1.00,1.00,1.00
17.60,13.20,8.80,7.70,7.70,3.30,2.20,2.20,2.20,2.20,1.10,1.10,1.10,1.10,1.10,1.10,1.10,1.10,1.10,1.10,1.10,1.10,1.10
16.00,12.00,8.00,7.00,7.00,3.00,2.00,2.00,2.00,2.00,1.00,1.00,1.00,1.00,1.00,1.00,1.00,1.00,1.00,1.00,1.00,1.00,1.00
16.00,12.00,8.00,7.00,7.00,3.00,2.00,2.00,2.00,2.00,1.00,1.00,1.00,1.00,1.00,1.00,1.00,1.00,1.00,1.00,1.00,1.00,1.00
16.00,12.00,8.00,7.00,7.00,3.00,2.00,2.00,2.00,2.00,1.00,1.00,1.00,1.00,1.00,1.00,1.00,1.00,1.00,1.00,1.00,1.00,1.00
16.00,12.00,8.00,7.00,7.00,3.00,2.00,2.00,2.00,2.00,1.00,1.00,1.00,1.00,1.00,1.00,1.00,1.00,1.00,1.00,1.00,1.00,1.00
16.00,12.00,8.00,7.00,7.00,3.00,2.00,2.00,2.00,2.00,1.00,1.00,1.00,1.00,1.00,1.00,1.00,1.00,1.00,1.00,1.00,1.00,1.00
16.00,12.00,8.00,7.00,7.00,3.00,2.00,2.00,2.00,2.00,1.00,1.00,1.00,1.00,1.00,1.00,1.00,1.00,1.00,1.00,1.00,1.00,1.00
16.00,12.00,8.00,7.00,7.00,3.00,2.00,2.00,2.00,2.00,1.00,1.00,1.00,1.00,1.00,1.00,1.00,1.00,1.00,1.00,1.00,1.00,1.00
17.60,13.20,8.80,7.70,7.70,3.30,2.20,2.20,2.20,2.20,1.10,1.10,1.10,1.10,1.10,1.10,1.10,1.10,1.10,1.10,1.10,1.10,1.10
16.00,12.00,8.00,7.00,7.00,3.00,2.00,2.00,2.00,2.00,1.00,1.00,1.00,1.00,1.00,1.00,1.00,1.00,1.00,1.00,1.00,1.00,1.00
16.00,12.00,8.00,7.00,7.00,3.00,2.00,2.00,2.00,2.00,1.00,1.00,1.00,1.00,1.00,1.00,1.00,1.00,1.00,1.00,1.00,1.00,1.00
16.00,12.00,8.00,7.00,7.00,3.00,2.00,2.00,2.00,2.00,1.00,1.00,1.00,1.00,1.00,1.00,1.00,1.00,1.00,1.00,1.00,1.00,1.00
16.00,12.00,8.00,7.00,7.00,3.00,2.00,2.00,2.00,2.00,1.00,1.00,1.00,1.00,1.00,1.00,1.00,1.00,1.00,1.00,1.00,1.00,1.00
17.60,13.20,8.80,7.70,7.70,3.30,2.20,2.20,2.20,2.20,1.10,1.10,1.10,1.10,1.10,1.10,1.10,1.10,1.10,1.10,1.10,1.10,1.10
16.00,12.00,8.00,7.00,7.00,3.00,2.00,2.00,2.00,2.00,1.00,1.00,1.00,1.00,1.00,1.00,1.00,1.00,1.00,1.00,1.00,1.00,1.00
16.00,12.00,8.00,7.00,7.00,3.00,2.00,2.00,2.00,2.00,1.00,1.00,1.00,1.00,1.00,1.00,1.00,1.00,1.00,1.00,1.00,1.00,1.00
17.60,13.20,8.80,7.70,7.70,3.30,2.20,2.20,2.20,2.20,1.10,1.10,1.10,1.10,1.10,1.10,1.10,1.10,1.10,1.10,1.10,1.10,1.10
16.00,12.00,8.00,7.00,7.00,3.00,2.00,2.00,2.00,2.00,1.00,1.00,1.00,1.00,1.00,1.00,1.00,1.00,1.00,1.00,1.00,1.00,1.00
16.00,12.00,8.00,7.00,7.00,3.00,2.00,2.00,2.00,2.00,1.00,1.00,1.00,1.00,1.00,1.00,1.00,1.00,1.00,1.00,1.00,1.00,1.00
17.60,13.20,8.80,7.70,7.70,3.30,2.20,2.20,2.20,2.20,1.10,1.10,1.10,1.10,1.10,1.10,1.10,1.10,1.10,1.10,1.10,1.10,1.10
16.00,12.00,8.00,7.00,7.00,3.00,2.00,2.00,2.00,2.00,1.00,1.00,1.00,1.00,1.00,1.00,1.00,1.00,1.00,1.00,1.00,1.00,1.00
17.60,13.20,8.80,7.70,7.70,3.30,2.20,2.20,2.20,2.20,1.10,1.10,1.10,1.10,1.10,1.10,1.10,1.10,1.10,1.10,1.10,1.10,1.10
16.00,12.00,8.00,7.00,7.00,3.00,2.00,2.00,2.00,2.00,1.00,1.00,1.00,1.00,1.00,1.00,1.00,1.00,1.00,1.00,1.00,1.00,1.00
16.00,12.00,8.00,7.00,7.00,3.00,2.00,2.00,2.00,2.00,1.00,1.00,1.00,1.00,1.00,1.00,1.00,1.00,1.00,1.00,1.00,1.00,1.00
16.00,12.00,8.00,7.00,7.00,3.00,2.00,2.00,2.00,2.00,1.00,1.00,1.00,1.00,1.00,1.00,1.00,1.00,1.00,1.00,1.00,1.00,1.00
17.60,13.20,8.80,7.70,7.70,3.30,2.20,2.20,2.20,2.20,1.10,1.10,1.10,1.10,1.10,1.10,1.10,1.10,1.10,1.10,1.10,1.10,1.10
16.00,12.00,8.00,7.00,7.00,3.00,2.00,2.00,2.00,2.00,1.00,1.00,1.00,1.00,1.00,1.00,1.00,1.00,1.00,1.00,1.00,1.00,1.00
16.00,12.00,8.00,7.00,7.00,3.00,2.00,2.00,2.00,2.00,1.00,1.00,1.00,1.00,1.00,1.00,1.00,1.00,1.00,1.00,1.00,1.00,1.00
17.60,13.20,8.80,7.70,7.70,3.30,2.20,2.20,2.20,2.20,1.10,1.10,1.10,1.10,1.10,1.10,1.10,1.10,1.10,1.10,1.10,1.10,1.10
16.00,12.00,8.00,7.00,7.00,3.00,2.00,2.00,2.00,2.00,1.00,1.00,1.00,1.00,1.00,1.00,1.00,1.00,1.00,1.00,1.00,1.00,1.00
16.00,12.00,8.00,7.00,7.00,3.00,2.00,2.00,2.00,2.00,1.00,1.00,1.00,1.00,1.00,1.00,1.00,1.00,1.00,1.00,1.00,1.00,1.00
16.00,12.00,8.00,7.00,7.00,3.00,2.00,2.00,2.00,2.00,1.00,1.00,1.00,1.00,1.00,1.00,1.00,1.00,1.00,1.00,1.00,1.00,1.00
16.00,12.00,8.00,7.00,7.00,3.00,2.00,2.00,2.00,2.00,1.00,1.00,1.00,1.00,1.00,1.00,1.00,1.00,1.00,1.00,1.00,1.00,1.00
16.00,12.00,8.00,7.00,7.00,3.00,2.00,2.00,2.00,2.00,1.00,1.00,1.00,1.00,1.00,1.00,1.00,1.00,1.00,1.00,1.00,1.00,1.00
16.00,12.00,8.00,7.00,7.00,3.00,2.00,2.00,2.00,2.00,1.00,1.00,1.00,1.00,1.00,1.00,1.00,1.00,1.00,1.00,1.00,1.00,1.00
16.00,12.00,8.00,7.00,7.00,3.00,2.00,2.00,2.00,2.00,1.00,1.00,1.00,1.00,1.00,1.00,1.00,1.00,1.00,1.00,1.00,1.00,1.00
17.60,13.20,8.80,7.70,7.70,3.30,2.20,2.20,2.20,2.20,1.10,1.10,1.10,1.10,1.10,1.10,1.10,1.10,1.10,1.10,1.10,1.10,1.10
16.00,12.00,8.00,7.00,7.00,3.00,2.00,2.00,2.00,2.00,1.00,1.00,1.00,1.00,1.00,1.00,1.00,1.00,1.00,1.00,1.00,1.00,1.00
16.00,12.00,8.00,7.00,7.00,3.00,2.00,2.00,2.00,2.00,1.00,1.00,1.00,1.00,1.00,1.00,1.00,1.00,1.00,1.00,1.00,1.00,1.00
17.60,13.20,8.80,7.70,7.70,3.30,2.20,2.20,2.20,2.20,1.10,1.10,1.10,1.10,1.10,1.10,1.10,1.10,1.10,1.10,1.10,1.10,1.10
16.00,12.00,8.00,7.00,7.00,3.00,2.00,2.00,2.00,2.00,1.00,1.00,1.00,1.00,1.00,1.00,1.00,1.00,1.00,1.00,1.00,1.00,1.00
17.60,13.20,8.80,7.70,7.70,3.30,2.20,2.20,2.20,2.20,1.10,1.10,1.10,1.10,1.10,1.10,1.10,1.10,1.10,1.10,1.10,1.10,1.10
16.00,12.00,8.00,7.00,7.00,3.00,2.00,2.00,2.00,2.00,1.00,1.00,1.00,1.00,1.00,1.00,1.00,1.00,1.00,1.00,1.00,1.00,1.00
16.00,12.00,8.00,7.00,7.00,3.00,2.00,2.00,2.00,2.00,1.00,1.00,1.00,1.00,1.00,1.00,1.00,1.00,1.00,1.00,1.00,1.00,1.00
17.60,13.20,8.80,7.70,7.70,3.30,2.20,2.20,2.20,2.20,1.10,1.10,1.10,1.10,1.10,1.10,1.10,1.10,1.10,1.10,1.10,1.10,1.10
16.00,12.00,8.00,7.00,7.00,3.00,2.00,2.00,2.00,2.00,1.00,1.00,1.00,1.00,1.00,1.00,1.00,1.00,1.00,1.00,1.00,1.00,1.00
16.00,12.00,8.00,7.00,7.00,3.00,2.00,2.00,2.00,2.00,1.00,1.00,1.00,1.00,1.00,1.00,1.00,1.00,1.00,1.00,1.00,1.00,1.00
17.60,13.20,8.80,7.70,7.70,3.30,2.20,2.20,2.20,2.20,1.10,1.10,1.10,1.10,1.10,1.10,1.10,1.10,1.10,1.10,1.10,1.10,1.10
16.00,12.00,8.00,7.00,7.00,3.00,2.00,2.00,2.00,2.00,1.00,1.00,1.00,1.00,1.00,1.00,1.00,1.00,1.00,1.00,1.00,1.00,1.00
16.00,12.00,8.00,7.00,7.00,3.00,2.00,2.00,2.00,2.00,1.00,1.00,1.00,1.00,1.00,1.00,1.00,1.00,1.00,1.00,1.00,1.00,1.00
16.00,12.00,8.00,7.00,7.00,3.00,2.00,2.00,2.00,2.00,1.00,1.00,1.00,1.00,1.00,1.00,1.00,1.00,1.00,1.00,1.00,1.00,1.00
16.00,12.00,8.00,7.00,7.00,3.00,2.00,2.00,2.00,2.00,1.00,1.00,1.00,1.00,1.00,1.00,1.00,1.00,1.00,1.00,1.00,1.00,1.00
17.60,13.20,8.80,7.70,7.70,3.30,2.20,2.20,2.20,2.20,1.10,1.10,1.10,1.10,1.10,1.10,1.10,1.10,1.10,1.10,1.10,1.10,1.10
16.00,12.00,8.00,7.00,7.00,3.00,2.00,2.00,2.00,2.00,1.00,1.00,1.00,1.00,1.00,1.00,1.00,1.00,1.00,1.00,1.00,1.00,1.00
16.00,12.00,8.00,7.00,7.00,3.00,2.00,2.00,2.00,2.00,1.00,1.00,1.00,1.00,1.00,1.00,1.00,1.00,1.00,1.00,1.00,1.00,1.00
16.00,12.00,8.00,7.00,7.00,3.00,2.00,2.00,2.00,2.00,1.00,1.00,1.00,1.00,1.00,1.00,1.00,1.00,1.00,1.00,1.00,1.00,1.00
16.00,12.00,8.00,7.00,7.00,3.00,2.00,2.00,2.00,2.00,1.00,1.00,1.00,1.00,1.00,1.00,1.00,1.00,1.00,1.00,1.00,1.00,1.00
16.00,12.00,8.00,7.00,7.00,3.00,2.00,2.00,2.00,2.00,1.00,1.00,1.00,1.00,1.00,1.00,1.00,1.00,1.00,1.00,1.00,1.00,1.00
17.60,13.20,8.80,7.70,7.70,3.30,2.20,2.20,2.20,2.20,1.10,1.10,1.10,1.10,1.10,1.10,1.10,1.10,1.10,1.10,1.10,1.10,1.10
16.00,12.00,8.00,7.00,7.00,3.00,2.00,2.00,2.00,2.00,1.00,1.00,1.00,1.00,1.00,1.00,1.00,1.00,1.00,1.00,1.00,1.00,1.00
16.00,12.00,8.00,7.00,7.00,3.00,2.00,2.00,2.00,2.00,1.00,1.00,1.00,1.00,1.00,1.00,1.00,1.00,1.00,1.00,1.00,1.00,1.00
16.00,12.00,8.00,7.00,7.00,3.00,2.00,2.00,2.00,2.00,1.00,1.00,1.00,1.00,1.00,1.00,1.00,1.00,1.00,1.00,1.00,1.00,1.00
16.00,12.00,8.00,7.00,7.00,3.00,2.00,2.00,2.00,2.00,1.00,1.00,1.00,1.00,1.00,1.00,1.00,1.00,1.00,1.00,1.00,1.00,1.00
16.00,12.00,8.00,7.00,7.00,3.00,2.00,2.00,2.00,2.00,1.00,1.00,1.00,1.00,1.00,1.00,1.00,1.00,1.00,1.00,1.00,1.00,1.00
17.60,13.20,8.80,7.70,7.70,3.30,2.20,2.20,2.20,2.20,1.10,1.10,1.10,1.10,1.10,1.10,1.10,1.10,1.10,1.10,1.10,1.10,1.10
16.00,12.00,8.00,7.00,7.00,3.00,2.00,2.00,2.00,2.00,1.00,1.00,1.00,1.00,1.00,1.00,1.00,1.00,1.00,1.00,1.00,1.00,1.00
16.00,12.00,8.00,7.00,7.00,3.00,2.00,2.00,2.00,2.00,1.00,1.00,1.00,1.00,1.00,1.00,1.00,1.00,1.00,1.00,1.00,1.00,1.00
16.00,12.00,8.00,7.00,7.00,3.00,2.00,2.00,2.00,2.00,1.00,1.00,1.00,1.00,1.00,1.00,1.00,1.00,1.00,1.00,1.00,1.00,1.00
16.00,12.00,8.00,7.00,7.00,3.00,2.00,2.00,2.00,2.00,1.00,1.00,1.00,1.00,1.00,1.00,1.00,1.00,1.00,1.00,1.00,1.00,1.00
17.60,13.20,8.80,7.70,7.70,3.30,2.20,2.20,2.20,2.20,1.10,1.10,1.10,1.10,1.10,1.10,1.10,1.10,1.10,1.10,1.10,1.10,1.10
16.00,12.00,8.00,7.00,7.00,3.00,2.00,2.00,2.00,2.00,1.00,1.00,1.00,1.00,1.00,1.00,1.00,1.00,1.00,1.00,1.00,1.00,1.00
16.00,12.00,8.00,7.00,7.00,3.00,2.00,2.00,2.00,2.00,1.00,1.00,1.00,1.00,1.00,1.00,1.00,1.00,1.00,1.00,1.00,1.00,1.00
17.60,13.20,8.80,7.70,7.70,3.30,2.20,2.20,2.20,2.20,1.10,1.10,1.10,1.10,1.10,1.10,1.10,1.10,1.10,1.10,1.10,1.10,1.10
16.00,12.00,8.00,7.00,7.00,3.00,2.00,2.00,2.00,2.00,1.00,1.00,1.00,1.00,1.00,1.00,1.00,1.00,1.00,1.00,1.00,1.00,1.00
16.00,12.00,8.00,7.00,7.00,3.00,2.00,2.00,2.00,2.00,1.00,1.00,1.00,1.00,1.00,1.00,1.00,1.00,1.00,1.00,1.00,1.00,1.00
16.00,12.00,8.00,7.00,7.00,3.00,2.00,2.00,2.00,2.00,1.00,1.00,1.00,1.00,1.00,1.00,1.00,1.00,1.00,1.00,1.00,1.00,1.00
16.00,12.00,8.00,7.00,7.00,3.00,2.00,2.00,2.00,2.00,1.00,1.00,1.00,1.00,1.00,1.00,1.00,1.00,1.00,1.00,1.00,1.00,1.00
17.60,13.20,8.80,7.70,7.70,3.30,2.20,2.20,2.20,2.20,1.10,1.10,1.10,1.10,1.10,1.10,1.10,1.10,1.10,1.10,1.10,1.10,1.10
16.00,12.00,8.00,7.00,7.00,3.00,2.00,2.00,2.00,2.00,1.00,1.00,1.00,1.00,1.00,1.00,1.00,1.00,1.00,1.00,1.00,1.00,1.00
16.00,12.00,8.00,7.00,7.00,3.00,2.00,2.00,2.00,2.00,1.00,1.00,1.00,1.00,1.00,1.00,1.00,1.00,1.00,1.00,1.00,1.00,1.00
17.60,13.20,8.80,7.70,7.70,3.30,2.20,2.20,2.20,2.20,1.10,1.10,1.10,1.10,1.10,1.10,1.10,1.10,1.10,1.10,1.10,1.10,1.10
16.00,12.00,8.00,7.00,7.00,3.00,2.00,2.00,2.00,2.00,1.00,1.00,1.00,1.00,1.00,1.00,1.00,1.00,1.00,1.00,1.00,1.00,1.00
16.00,12.00,8.00,7.00,7.00,3.00,2.00,2.00,2.00,2.00,1.00,1.00,1.00,1.00,1.00,1.00,1.00,1.00,1.00,1.00,1.00,1.00,1.00
17.60,13.20,8.80,7.70,7.70,3.30,2.20,2.20,2.20,2.20,1.10,1.10,1.10,1.10,1.10,1.10,1.10,1.10,1.10,1.10,1.10,1.10,1.10
16.00,12.00,8.00,7.00,7.00,3.00,2.00,2.00,2.00,2.00,1.00,1.00,1.00,1.00,1.00,1.00,1.00,1.00,1.00,1.00,1.00,1.00,1.00
17.60,13.20,8.80,7.70,7.70,3.30,2.20,2.20,2.20,2.20,1.10,1.10,1.10,1.10,1.10,1.10,1.10,1.10,1.10,1.10,1.10,1.10,1.10
16.00,12.00,8.00,7.00,7.00,3.00,2.00,2.00,2.00,2.00,1.00,1.00,1.00,1.00,1.00,1.00,1.00,1.00,1.00,1.00,1.00,1.00,1.00
16.00,12.00,8.00,7.00,7.00,3.00,2.00,2.00,2.00,2.00,1.00,1.00,1.00,1.00,1.00,1.00,1.00,1.00,1.00,1.00,1.00,1.00,1.00
16.00,12.00,8.00,7.00,7.00,3.00,2.00,2.00,2.00,2.00,1.00,1.00,1.00,1.00,1.00,1.00,1.00,1.00,1.00,1.00,1.00,1.00,1.00
16.00,12.00,8.00,7.00,7.00,3.00,2.00,2.00,2.00,2.00,1.00,1.00,1.00,1.00,1.00,1.00,1.00,1.00,1.00,1.00,1.00,1.00,1.00
17.60,13.20,8.80,7.70,7.70,3.30,2.20,2.20,2.20,2.20,1.10,1.10,1.10,1.10,1.10,1.10,1.10,1.10,1.10,1.10,1.10,1.10,1.10
17.60,13.20,8.80,7.70,7.70,3.30,2.20,2.20,2.20,2.20,1.10,1.10,1.10,1.10,1.10,1.10,1.10,1.10,1.10,1.10,1.10,1.10,1.10
16.00,12.00,8.00,7.00,7.00,3.00,2.00,2.00,2.00,2.00,1.00,1.00,1.00,1.00,1.00,1.00,1.00,1.00,1.00,1.00,1.00,1.00,1.00
17.60,13.20,8.80,7.70,7.70,3.30,2.20,2.20,2.20,2.20,1.10,1.10,1.10,1.10,1.10,1.10,1.10,1.10,1.10,1.10,1.10,1.10,1.10
16.00,12.00,8.00,7.00,7.00,3.00,2.00,2.00,2.00,2.00,1.00,1.00,1.00,1.00,1.00,1.00,1.00,1.00,1.00,1.00,1.00,1.00,1.00
16.00,12.00,8.00,7.00,7.00,3.00,2.00,2.00,2.00,2.00,1.00,1.00,1.00,1.00,1.00,1.00,1.00,1.00,1.00,1.00,1.00,1.00,1.00
16.00,12.00,8.00,7.00,7.00,3.00,2.00,2.00,2.00,2.00,1.00,1.00,1.00,1.00,1.00,1.00,1.00,1.00,1.00,1.00,1.00,1.00,1.00
16.00,12.00,8.00,7.00,7.00,3.00,2.00,2.00,2.00,2.00,1.00,1.00,1.00,1.00,1.00,1.00,1.00,1.00,1.00,1.00,1.00,1.00,1.00
16.00,12.00,8.00,7.00,7.00,3.00,2.00,2.00,2.00,2.00,1.00,1.00,1.00,1.00,1.00,1.00,1.00,1.00,1.00,1.00,1.00,1.00,1.00
17.60,13.20,8.80,7.70,7.70,3.30,2.20,2.20,2.20,2.20,1.10,1.10,1.10,1.10,1.10,1.10,1.10,1.10,1.10,1.10,1.10,1.10,1.10
16.00,12.00,8.00,7.00,7.00,3.00,2.00,2.00,2.00,2.00,1.00,1.00,1.00,1.00,1.00,1.00,1.00,1.00,1.00,1.00,1.00,1.00,1.00
17.60,13.20,8.80,7.70,7.70,3.30,2.20,2.20,2.20,2.20,1.10,1.10,1.10,1.10,1.10,1.10,1.10,1.10,1.10,1.10,1.10,1.10,1.10
16.00,12.00,8.00,7.00,7.00,3.00,2.00,2.00,2.00,2.00,1.00,1.00,1.00,1.00,1.00,1.00,1.00,1.00,1.00,1.00,1.00,1.00,1.00
16.00,12.00,8.00,7.00,7.00,3.00,2.00,2.00,2.00,2.00,1.00,1.00,1.00,1.00,1.00,1.00,1.00,1.00,1.00,1.00,1.00,1.00,1.00
17.60,13.20,8.80,7.70,7.70,3.30,2.20,2.20,2.20,2.20,1.10,1.10,1.10,1.10,1.10,1.10,1.10,1.10,1.10,1.10,1.10,1.10,1.10
16.00,12.00,8.00,7.00,7.00,3.00,2.00,2.00,2.00,2.00,1.00,1.00,1.00,1.00,1.00,1.00,1.00,1.00,1.00,1.00,1.00,1.00,1.00
16.00,12.00,8.00,7.00,7.00,3.00,2.00,2.00,2.00,2.00,1.00,1.00,1.00,1.00,1.00,1.00,1.00,1.00,1.00,1.00,1.00,1.00,1.00
16.00,12.00,8.00,7.00,7.00,3.00,2.00,2.00,2.00,2.00,1.00,1.00,1.00,1.00,1.00,1.00,1.00,1.00,1.00,1.00,1.00,1.00,1.00
16.00,12.00,8.00,7.00,7.00,3.00,2.00,2.00,2.00,2.00,1.00,1.00,1.00,1.00,1.00,1.00,1.00,1.00,1.00,1.00,1.00,1.00,1.00
16.00,12.00,8.00,7.00,7.00,3.00,2.00,2.00,2.00,2.00,1.00,1.00,1.00,1.00,1.00,1.00,1.00,1.00,1.00,1.00,1.00,1.00,1.00
17.60,13.20,8.80,7.70,7.70,3.30,2.20,2.20,2.20,2.20,1.10,1.10,1.10,1.10,1.10,1.10,1.10,1.10,1.10,1.10,1.10,1.10,1.10
16.00,12.00,8.00,7.00,7.00,3.00,2.00,2.00,2.00,2.00,1.00,1.00,1.00,1.00,1.00,1.00,1.00,1.00,1.00,1.00,1.00,1.00,1.00
17.60,13.20,8.80,7.70,7.70,3.30,2.20,2.20,2.20,2.20,1.10,1.10,1.10,1.10,1.10,1.10,1.10,1.10,1.10,1.10,1.10,1.10,1.10
16.00,12.00,8.00,7.00,7.00,3.00,2.00,2.00,2.00,2.00,1.00,1.00,1.00,1.00,1.00,1.00,1.00,1.00,1.00,1.00,1.00,1.00,1.00
17.60,13.20,8.80,7.70,7.70,3.30,2.20,2.20,2.20,2.20,1.10,1.10,1.10,1.10,1.10,1.10,1.10,1.10,1.10,1.10,1.10,1.10,1.10
16.00,12.00,8.00,7.00,7.00,3.00,2.00,2.00,2.00,2.00,1.00,1.00,1.00,1.00,1.00,1.00,1.00,1.00,1.00,1.00,1.00,1.00,1.00
16.00,12.00,8.00,7.00,7.00,3.00,2.00,2.00,2.00,2.00,1.00,1.00,1.00,1.00,1.00,1.00,1.00,1.00,1.00,1.00,1.00,1.00,1.00
16.00,12.00,8.00,7.00,7.00,3.00,2.00,2.00,2.00,2.00,1.00,1.00,1.00,1.00,1.00,1.00,1.00,1.00,1.00,1.00,1.00,1.00,1.00
16.00,12.00,8.00,7.00,7.00,3.00,2.00,2.00,2.00,2.00,1.00,1.00,1.00,1.00,1.00,1.00,1.00,1.00,1.00,1.00,1.00,1.00,1.00
16.00,12.00,8.00,7.00,7.00,3.00,2.00,2.00,2.00,2.00,1.00,1.00,1.00,1.00,1.00,1.00,1.00,1.00,1.00,1.00,1.00,1.00,1.00
16.00,12.00,8.00,7.00,7.00,3.00,2.00,2.00,2.00,2.00,1.00,1.00,1.00,1.00,1.00,1.00,1.00,1.00,1.00,1.00,1.00,1.00,1.00
16.00,12.00,8.00,7.00,7.00,3.00,2.00,2.00,2.00,2.00,1.00,1.00,1.00,1.00,1.00,1.00,1.00,1.00,1.00,1.00,1.00,1.00,1.00
17.60,13.20,8.80,7.70,7.70,3.30,2.20,2.20,2.20,2.20,1.10,1.10,1.10,1.10,1.10,1.10,1.10,1.10,1.10,1.10,1.10,1.10,1.10
16.00,12.00,8.00,7.00,7.00,3.00,2.00,2.00,2.00,2.00,1.00,1.00,1.00,1.00,1.00,1.00,1.00,1.00,1.00,1.00,1.00,1.00,1.00
16.00,12.00,8.00,7.00,7.00,3.00,2.00,2.00,2.00,2.00,1.00,1.00,1.00,1.00,1.00,1.00,1.00,1.00,1.00,1.00,1.00,1.00,1.00
16.00,12.00,8.00,7.00,7.00,3.00,2.00,2.00,2.00,2.00,1.00,1.00,1.00,1.00,1.00,1.00,1.00,1.00,1.00,1.00,1.00,1.00,1.00
16.00,12.00,8.00,7.00,7.00,3.00,2.00,2.00,2.00,2.00,1.00,1.00,1.00,1.00,1.00,1.00,1.00,1.00,1.00,1.00,1.00,1.00,1.00
16.00,12.00,8.00,7.00,7.00,3.00,2.00,2.00,2.00,2.00,1.00,1.00,1.00,1.00,1.00,1.00,1.00,1.00,1.00,1.00,1.00,1.00,1.00
16.00,12.00,8.00,7.00,7.00,3.00,2.00,2.00,2.00,2.00,1.00,1.00,1.00,1.00,1.00,1.00,1.00,1.00,1.00,1.00,1.00,1.00,1.00
16.00,12.00,8.00,7.00,7.00,3.00,2.00,2.00,2.00,2.00,1.00,1.00,1.00,1.00,1.00,1.00,1.00,1.00,1.00,1.00,1.00,1.00,1.00
16.00,12.00,8.00,7.00,7.00,3.00,2.00,2.00,2.00,2.00,1.00,1.00,1.00,1.00,1.00,1.00,1.00,1.00,1.00,1.00,1.00,1.00,1.00
16.00,12.00,8.00,7.00,7.00,3.00,2.00,2.00,2.00,2.00,1.00,1.00,1.00,1.00,1.00,1.00,1.00,1.00,1.00,1.00,1.00,1.00,1.00
16.00,12.00,8.00,7.00,7.00,3.00,2.00,2.00,2.00,2.00,1.00,1.00,1.00,1.00,1.00,1.00,1.00,1.00,1.00,1.00,1.00,1.00,1.00
16.00,12.00,8.00,7.00,7.00,3.00,2.00,2.00,2.00,2.00,1.00,1.00,1.00,1.00,1.00,1.00,1.00,1.00,1.00,1.00,1.00,1.00,1.00
16.00,12.00,8.00,7.00,7.00,3.00,2.00,2.00,2.00,2.00,1.00,1.00,1.00,1.00,1.00,1.00,1.00,1.00,1.00,1.00,1.00,1.00,1.00
16.00,12.00,8.00,7.00,7.00,3.00,2.00,2.00,2.00,2.00,1.00,1.00,1.00,1.00,1.00,1.00,1.00,1.00,1.00,1.00,1.00,1.00,1.00
16.00,12.00,8.00,7.00,7.00,3.00,2.00,2.00,2.00,2.00,1.00,1.00,1.00,1.00,1.00,1.00,1.00,1.00,1.00,1.00,1.00,1.00,1.00
16.00,12.00,8.00,7.00,7.00,3.00,2.00,2.00,2.00,2.00,1.00,1.00,1.00,1.00,1.00,1.00,1.00,1.00,1.00,1.00,1.00,1.00,1.00
16.00,12.00,8.00,7.00,7.00,3.00,2.00,2.00,2.00,2.00,1.00,1.00,1.00,1.00,1.00,1.00,1.00,1.00,1.00,1.00,1.00,1.00,1.00
17.60,13.20,8.80,7.70,7.70,3.30,2.20,2.20,2.20,2.20,1.10,1.10,1.10,1.10,1.10,1.10,1.10,1.10,1.10,1.10,1.10,1.10,1.10
16.00,12.00,8.00,7.00,7.00,3.00,2.00,2.00,2.00,2.00,1.00,1.00,1.00,1.00,1.00,1.00,1.00,1.00,1.00,1.00,1.00,1.00,1.00
16.00,12.00,8.00,7.00,7.00,3.00,2.00,2.00,2.00,2.00,1.00,1.00,1.00,1.00,1.00,1.00,1.00,1.00,1.00,1.00,1.00,1.00,1.00
16.00,12.00,8.00,7.00,7.00,3.00,2.00,2.00,2.00,2.00,1.00,1.00,1.00,1.00,1.00,1.00,1.00,1.00,1.00,1.00,1.00,1.00,1.00
16.00,12.00,8.00,7.00,7.00,3.00,2.00,2.00,2.00,2.00,1.00,1.00,1.00,1.00,1.00,1.00,1.00,1.00,1.00,1.00,1.00,1.00,1.00
