#msgr-worker,io_context_pool,fio,log,ceph_timer,ms_dispatch,safe_timer,taskfin_librbd
0.00,0.00,0.00,0.00,0.00,0.00,0.00,0.00
14.60,9.40,4.30,0.00,0.00,0.00,0.00,0.00
14.00,9.00,4.00,0.00,0.00,0.00,0.00,0.00
14.30,9.30,4.30,0.00,0.00,0.00,0.00,0.00
14.30,9.00,4.40,0.00,0.00,0.00,0.00,0.00
14.60,9.60,4.30,0.00,0.00,0.00,0.00,0.00
14.70,9.40,4.00,0.00,0.00,0.00,0.00,0.00
14.30,9.40,4.00,0.00,0.00,0.00,0.00,0.00
14.70,9.70,5.00,0.00,0.00,0.00,0.00,0.00
14.30,9.00,4.00,0.00,0.00,0.00,0.00,0.00
14.70,9.00,4.30,0.00,0.00,0.00,0.00,0.00
14.30,9.60,4.30,0.00,0.00,0.00,0.00,0.00
14.00,9.30,4.30,0.00,0.00,0.00,0.00,0.00
14.60,9.30,4.00,0.00,0.00,0.00,0.00,0.00
14.00,9.00,4.30,0.00,0.00,0.00,0.00,0.00
14.30,9.00,4.30,0.00,0.00,0.00,0.00,0.00
14.00,9.30,4.00,0.00,0.00,0.00,0.00,0.00
14.30,9.70,4.30,0.00,0.00,0.00,0.00,0.00
14.30,9.30,4.30,0.00,0.00,0.00,0.00,0.00
14.30,9.00,4.30,0.00,0.00,0.00,0.00,0.00
14.00,9.00,4.30,0.00,0.00,0.00,0.00,0.00
14.30,9.30,4.30,0.00,0.00,0.00,0.00,0.00
14.60,9.30,4.00,0.00,0.00,0.00,0.00,0.00
14.00,9.30,4.30,0.00,0.00,0.00,0.00,0.00
14.30,9.60,4.00,0.00,0.00,0.00,0.00,0.00
14.70,9.40,4.30,0.00,0.00,0.00,0.00,0.00
14.00,9.00,4.00,0.00,0.00,0.00,0.00,0.00
14.70,9.30,4.60,0.00,0.00,0.00,0.00,0.00
14.00,9.00,3.70,0.00,0.00,0.00,0.00,0.00
14.30,9.60,4.60,0.00,0.00,0.00,0.00,0.00
20.00,6.70,6.70,0.00,0.00,0.00,0.00,0.00
18.00,13.70,6.00,0.00,0.00,0.00,0.00,0.00
17.60,14.00,6.00,0.00,0.00,0.00,0.00,0.00
18.30,13.40,6.30,0.00,0.00,0.00,0.00,0.00
17.60,12.90,5.90,0.00,0.00,0.00,0.00,0.00
18.30,13.70,6.00,0.00,0.00,0.00,0.00,0.00
17.90,12.90,6.00,0.00,0.00,0.00,0.00,0.00
17.70,13.40,5.60,0.00,0.00,0.00,0.00,0.00
18.60,14.00,6.00,0.00,0.00,0.00,0.00,0.00
17.30,13.40,6.60,0.00,0.00,0.00,0.00,0.00
18.30,13.20,6.00,0.00,0.00,0.00,0.00,0.00
17.70,13.70,6.30,0.00,0.00,0.00,0.00,0.00
18.30,13.20,5.60,0.00,0.00,0.00,0.00,0.00
17.70,13.00,6.00,0.00,0.00,0.00,0.00,0.00
18.00,13.70,6.00,0.00,0.00,0.00,0.00,0.00
18.30,14.00,6.00,0.00,0.00,0.00,0.00,0.00
18.00,13.00,6.30,0.00,0.00,0.00,0.00,0.00
17.60,13.60,6.00,0.00,0.00,0.00,0.00,0.00
18.00,13.40,6.30,0.00,0.00,0.00,0.00,0.00
17.60,13.30,5.90,0.00,0.00,0.00,0.00,0.00
18.00,13.70,6.60,0.00,0.00,0.00,0.00,0.00
17.60,13.20,5.90,0.00,0.00,0.00,0.00,0.00
18.00,13.70,6.30,0.00,0.00,0.00,0.00,0.00
17.60,13.20,6.30,0.00,0.00,0.00,0.00,0.00
17.70,13.00,5.70,0.00,0.00,0.00,0.00,0.00
18.30,13.60,6.30,0.00,0.00,0.00,0.00,0.00
17.70,13.00,6.00,0.00,0.00,0.00,0.00,0.00
17.90,13.90,6.70,0.00,0.00,0.00,0.00,0.00
18.00,13.00,5.70,0.00,0.00,0.00,0.00,0.00
17.60,13.20,5.90,0.00,0.00,0.00,0.00,0.00
6.70,6.70,0.00,0.00,0.00,0.00,0.00,0.00
19.30,16.00,6.30,0.00,0.00,0.00,0.00,0.00
19.30,15.30,6.60,0.00,0.00,0.00,0.00,0.00
19.30,15.90,6.30,0.00,0.00,0.00,0.00,0.00
19.70,15.70,7.00,0.00,0.00,0.00,0.00,0.00
19.30,15.60,6.60,0.00,0.00,0.00,0.00,0.00
19.30,16.30,6.30,0.00,0.00,0.00,0.00,0.00
19.30,15.70,7.00,0.00,0.00,0.00,0.00,0.00
19.30,15.20,6.30,0.00,0.00,0.00,0.00,0.00
19.70,16.00,6.70,0.00,0.00,0.00,0.00,0.00
19.90,16.00,7.00,0.00,0.00,0.00,0.00,0.00
19.30,16.00,6.30,0.00,0.00,0.00,0.00,0.00
19.30,14.90,6.60,0.00,0.00,0.00,0.00,0.00
19.70,16.30,6.60,0.00,0.00,0.00,0.00,0.00
19.30,15.20,6.60,0.00,0.00,0.00,0.00,0.00
19.70,16.30,6.30,0.00,0.00,0.00,0.00,0.00
19.60,15.20,6.90,0.00,0.00,0.00,0.00,0.00
19.30,16.00,6.60,0.00,0.00,0.00,0.00,0.00
19.30,15.60,6.30,0.00,0.00,0.00,0.00,0.00
19.70,17.00,7.00,0.00,0.00,0.00,0.00,0.00
19.60,20.30,6.30,0.00,0.00,0.00,0.00,0.00
19.00,19.70,6.60,0.00,0.00,0.00,0.00,0.00
19.30,19.90,6.90,0.00,0.00,0.00,0.00,0.00
19.70,20.00,6.00,0.00,0.00,0.00,0.00,0.00
19.60,18.90,6.60,0.00,0.00,0.00,0.00,0.00
19.30,16.00,6.60,0.00,0.00,0.00,0.00,0.00
19.30,15.20,6.30,0.00,0.00,0.00,0.00,0.00
19.70,16.30,6.30,0.00,0.00,0.00,0.00,0.00
19.60,15.60,6.30,0.00,0.00,0.00,0.00,0.00
19.30,15.30,7.00,0.00,0.00,0.00,0.00,0.00
13.30,6.70,6.70,0.00,0.00,0.00,0.00,0.00
19.70,17.40,7.30,0.00,0.00,0.00,0.00,0.00
18.90,16.30,6.60,0.00,0.00,0.00,0.00,0.00
19.70,17.70,7.00,0.00,0.00,0.00,0.00,0.00
19.30,16.30,6.60,0.00,0.00,0.00,0.00,0.00
19.30,17.40,6.60,0.00,0.00,0.00,0.00,0.00
18.60,16.30,6.90,0.00,0.00,0.00,0.00,0.00
19.30,16.60,7.00,0.00,0.00,0.00,0.00,0.00
19.60,16.90,7.30,0.00,0.00,0.00,0.00,0.00
19.00,17.40,6.30,0.00,0.00,0.00,0.00,0.00
19.90,16.90,6.60,0.00,0.00,0.00,0.00,0.00
19.00,17.00,7.00,0.00,0.00,0.00,0.00,0.00
19.30,16.60,6.90,0.00,0.00,0.00,0.00,0.00
19.30,17.40,7.00,0.00,0.00,0.00,0.00,0.00
19.30,16.60,6.30,0.00,0.00,0.00,0.00,0.00
19.30,16.30,7.60,0.00,0.00,0.00,0.00,0.00
18.90,17.20,6.90,0.00,0.00,0.00,0.00,0.00
19.00,16.60,6.60,0.00,0.00,0.00,0.00,0.00
19.30,16.60,6.60,0.00,0.00,0.00,0.00,0.00
19.30,17.00,6.60,0.00,0.00,0.00,0.00,0.00
19.30,16.90,6.90,0.00,0.00,0.00,0.00,0.00
19.70,16.60,6.60,0.00,0.00,0.00,0.00,0.00
19.30,16.90,7.30,0.00,0.00,0.00,0.00,0.00
19.70,17.00,6.30,0.00,0.00,0.00,0.00,0.00
18.90,16.60,6.60,0.00,0.00,0.00,0.00,0.00
19.00,17.00,7.00,0.00,0.00,0.00,0.00,0.00
19.30,17.00,7.30,0.00,0.00,0.00,0.00,0.00
19.60,16.60,6.90,0.00,0.00,0.00,0.00,0.00
19.00,16.60,6.00,0.00,0.00,0.00,0.00,0.00
19.30,16.90,7.60,0.00,0.00,0.00,0.00,0.00
6.70,13.40,6.70,0.00,0.00,0.00,0.00,0.00
18.30,17.40,7.30,0.00,0.00,0.00,0.00,0.00
17.90,18.00,6.90,0.00,0.00,0.00,0.00,0.00
18.70,17.70,7.00,0.00,0.00,0.00,0.00,0.00
17.90,16.90,6.60,0.00,0.00,0.00,0.00,0.00
18.30,18.00,7.00,0.00,0.00,0.00,0.00,0.00
17.90,16.90,6.60,0.00,0.00,0.00,0.00,0.00
18.00,18.00,7.00,0.00,0.00,0.00,0.00,0.00
18.30,17.60,6.90,0.00,0.00,0.00,0.00,0.00
18.30,17.40,6.30,0.00,0.00,0.00,0.00,0.00
18.30,17.60,7.30,0.00,0.00,0.00,0.00,0.00
18.00,17.40,6.30,0.00,0.00,0.00,0.00,0.00
18.30,17.60,6.90,0.00,0.00,0.00,0.00,0.00
18.30,18.00,7.30,0.00,0.00,0.00,0.00,0.00
17.60,16.60,7.30,0.00,0.00,0.00,0.00,0.00
18.70,18.30,7.00,0.00,0.00,0.00,0.00,0.00
17.90,17.20,7.00,0.00,0.00,0.00,0.00,0.00
20.30,19.00,7.00,0.00,0.00,0.00,0.00,0.00
19.60,19.00,6.30,0.00,0.00,0.00,0.00,0.00
17.70,17.40,7.00,0.00,0.00,0.00,0.00,0.00
18.60,18.30,6.60,0.00,0.00,0.00,0.00,0.00
18.00,17.40,7.30,0.00,0.00,0.00,0.00,0.00
19.00,18.00,6.70,0.00,0.00,0.00,0.00,0.00
17.90,17.20,6.90,0.00,0.00,0.00,0.00,0.00
18.30,17.70,6.70,0.00,0.00,0.00,0.00,0.00
17.90,17.20,6.60,0.00,0.00,0.00,0.00,0.00
18.00,17.70,6.60,0.00,0.00,0.00,0.00,0.00
18.60,17.60,7.30,0.00,0.00,0.00,0.00,0.00
18.00,17.40,6.30,0.00,0.00,0.00,0.00,0.00
18.30,18.00,6.90,0.00,0.00,0.00,0.00,0.00
13.30,13.40,0.00,0.00,0.00,0.00,0.00,0.00
16.30,16.90,6.60,0.00,0.00,0.00,0.00,0.00
16.70,16.60,6.60,0.00,0.00,0.00,0.00,0.00
16.90,16.90,6.30,0.00,0.00,0.00,0.00,0.00
16.30,16.60,6.30,0.00,0.00,0.00,0.00,0.00
17.00,16.60,6.60,0.00,0.00,0.00,0.00,0.00
16.60,16.90,6.60,0.00,0.00,0.00,0.00,0.00
16.60,16.90,6.20,0.00,0.00,0.00,0.00,0.00
16.30,16.60,6.60,0.00,0.00,0.00,0.00,0.00
16.60,16.90,6.30,0.00,0.00,0.00,0.00,0.00
17.00,17.30,6.00,0.00,0.00,0.00,0.00,0.00
16.30,16.30,6.30,0.00,0.00,0.00,0.00,0.00
16.30,16.30,6.60,0.00,0.00,0.00,0.00,0.00
16.70,17.00,6.30,0.00,0.00,0.00,0.00,0.00
16.30,16.60,6.30,0.00,0.00,0.00,0.00,0.00
17.00,17.40,6.70,0.00,0.00,0.00,0.00,0.00
16.30,16.30,6.30,0.00,0.00,0.00,0.00,0.00
17.00,17.40,7.00,0.00,0.00,0.00,0.00,0.00
16.60,16.90,5.90,0.00,0.00,0.00,0.00,0.00
16.70,16.60,6.60,0.00,0.00,0.00,0.00,0.00
16.90,16.90,7.00,0.00,0.00,0.00,0.00,0.00
16.30,17.00,6.00,0.00,0.00,0.00,0.00,0.00
17.30,17.20,6.60,0.00,0.00,0.00,0.00,0.00
16.70,16.30,6.00,0.00,0.00,0.00,0.00,0.00
16.00,17.00,6.30,0.00,0.00,0.00,0.00,0.00
17.30,16.90,6.60,0.00,0.00,0.00,0.00,0.00
16.70,17.00,6.60,0.00,0.00,0.00,0.00,0.00
16.60,16.90,6.30,0.00,0.00,0.00,0.00,0.00
16.70,16.60,6.30,0.00,0.00,0.00,0.00,0.00
16.60,16.60,7.00,0.00,0.00,0.00,0.00,0.00
6.70,0.00,0.00,0.00,0.00,0.00,0.00,0.00
16.30,16.30,6.40,0.00,0.00,0.00,0.00,0.00
16.30,15.60,6.00,0.00,0.00,0.00,0.00,0.00
17.00,16.30,6.60,0.00,0.00,0.00,0.00,0.00
16.60,16.00,5.90,0.00,0.00,0.00,0.00,0.00
16.30,16.00,6.30,0.00,0.00,0.00,0.00,0.00
16.30,16.00,6.00,0.00,0.00,0.00,0.00,0.00
16.30,16.00,6.60,0.00,0.00,0.00,0.00,0.00
16.60,16.30,5.90,0.00,0.00,0.00,0.00,0.00
16.30,16.00,7.00,0.00,0.00,0.00,0.00,0.00
16.30,16.00,6.30,0.00,0.00,0.00,0.00,0.00
16.30,16.60,6.00,0.00,0.00,0.00,0.00,0.00
16.30,15.70,5.70,0.00,0.00,0.00,0.00,0.00
16.30,16.00,6.60,0.00,0.00,0.00,0.00,0.00
16.00,15.70,6.00,0.00,0.00,0.00,0.00,0.00
16.90,16.60,6.60,0.00,0.00,0.00,0.00,0.00
16.00,15.40,6.60,0.00,0.00,0.00,0.00,0.00
16.60,16.60,6.30,0.00,0.00,0.00,0.00,0.00
17.00,16.30,6.60,0.00,0.00,0.00,0.00,0.00
15.90,16.00,6.00,0.00,0.00,0.00,0.00,0.00
17.00,16.30,6.30,0.00,0.00,0.00,0.00,0.00
15.90,16.00,5.90,0.00,0.00,0.00,0.00,0.00
16.70,15.70,6.30,0.00,0.00,0.00,0.00,0.00
15.90,16.30,6.00,0.00,0.00,0.00,0.00,0.00
17.00,16.30,6.00,0.00,0.00,0.00,0.00,0.00
16.60,16.30,6.30,0.00,0.00,0.00,0.00,0.00
16.00,15.40,6.60,0.00,0.00,0.00,0.00,0.00
16.60,15.60,5.90,0.00,0.00,0.00,0.00,0.00
16.70,16.70,6.30,0.00,0.00,0.00,0.00,0.00
16.30,16.00,5.90,0.00,0.00,0.00,0.00,0.00
6.70,13.40,0.00,0.00,0.00,0.00,0.00,0.00
15.30,15.70,6.00,0.00,0.00,0.00,0.00,0.00
14.60,15.20,5.60,0.00,0.00,0.00,0.00,0.00
15.70,16.00,6.30,0.00,0.00,0.00,0.00,0.00
14.30,14.90,5.60,0.00,0.00,0.00,0.00,0.00
14.70,15.40,5.70,0.00,0.00,0.00,0.00,0.00
15.00,15.20,6.00,0.00,0.00,0.00,0.00,0.00
14.30,15.40,5.70,0.00,0.00,0.00,0.00,0.00
14.30,14.90,5.90,0.00,0.00,0.00,0.00,0.00
14.30,15.30,5.70,0.00,0.00,0.00,0.00,0.00
15.30,15.60,6.30,0.00,0.00,0.00,0.00,0.00
14.70,16.00,5.70,0.00,0.00,0.00,0.00,0.00
15.00,14.60,5.90,0.00,0.00,0.00,0.00,0.00
15.30,15.70,6.00,0.00,0.00,0.00,0.00,0.00
15.00,14.90,5.60,0.00,0.00,0.00,0.00,0.00
15.00,16.00,5.70,0.00,0.00,0.00,0.00,0.00
14.00,14.60,5.70,0.00,0.00,0.00,0.00,0.00
15.30,16.00,6.00,0.00,0.00,0.00,0.00,0.00
14.60,15.20,6.30,0.00,0.00,0.00,0.00,0.00
15.30,15.40,6.30,0.00,0.00,0.00,0.00,0.00
15.30,15.70,6.00,0.00,0.00,0.00,0.00,0.00
15.00,15.60,5.90,0.00,0.00,0.00,0.00,0.00
15.00,15.70,6.00,0.00,0.00,0.00,0.00,0.00
15.00,14.90,5.90,0.00,0.00,0.00,0.00,0.00
15.00,15.40,5.30,0.00,0.00,0.00,0.00,0.00
15.30,16.30,6.30,0.00,0.00,0.00,0.00,0.00
14.00,15.00,5.30,0.00,0.00,0.00,0.00,0.00
15.00,15.20,5.90,0.00,0.00,0.00,0.00,0.00
14.70,15.00,6.00,0.00,0.00,0.00,0.00,0.00
15.00,15.60,5.60,0.00,0.00,0.00,0.00,0.00
0.00,13.40,0.00,0.00,0.00,0.00,0.00,0.00
14.60,15.20,6.30,0.00,0.00,0.00,0.00,0.00
14.70,15.00,5.30,0.00,0.00,0.00,0.00,0.00
14.60,15.60,5.90,0.00,0.00,0.00,0.00,0.00
14.30,15.70,6.00,0.00,0.00,0.00,0.00,0.00
14.60,14.90,5.90,0.00,0.00,0.00,0.00,0.00
14.30,14.60,5.60,0.00,0.00,0.00,0.00,0.00
14.30,14.90,5.30,0.00,0.00,0.00,0.00,0.00
15.00,16.00,6.30,0.00,0.00,0.00,0.00,0.00
14.30,14.90,5.90,0.00,0.00,0.00,0.00,0.00
14.30,15.40,5.30,0.00,0.00,0.00,0.00,0.00
14.60,14.60,5.60,0.00,0.00,0.00,0.00,0.00
14.70,15.40,6.00,0.00,0.00,0.00,0.00,0.00
14.60,15.60,5.60,0.00,0.00,0.00,0.00,0.00
14.30,15.40,5.60,0.00,0.00,0.00,0.00,0.00
14.30,14.90,5.60,0.00,0.00,0.00,0.00,0.00
14.70,15.40,6.30,0.00,0.00,0.00,0.00,0.00
15.00,16.00,5.60,0.00,0.00,0.00,0.00,0.00
14.30,14.90,6.30,0.00,0.00,0.00,0.00,0.00
14.70,15.70,5.60,0.00,0.00,0.00,0.00,0.00
14.60,15.20,5.30,0.00,0.00,0.00,0.00,0.00
13.70,14.60,6.00,0.00,0.00,0.00,0.00,0.00
14.30,14.90,5.60,0.00,0.00,0.00,0.00,0.00
15.00,15.40,5.30,0.00,0.00,0.00,0.00,0.00
14.30,15.20,5.90,0.00,0.00,0.00,0.00,0.00
14.30,14.60,5.60,0.00,0.00,0.00,0.00,0.00
15.00,16.00,5.90,0.00,0.00,0.00,0.00,0.00
14.00,14.30,5.90,0.00,0.00,0.00,0.00,0.00
14.60,15.60,5.60,0.00,0.00,0.00,0.00,0.00
15.00,15.40,6.00,0.00,0.00,0.00,0.00,0.00
6.70,13.40,6.70,0.00,0.00,0.00,0.00,0.00
14.30,15.00,5.00,0.00,0.00,0.00,0.00,0.00
14.30,14.30,5.90,0.00,0.00,0.00,0.00,0.00
14.30,15.40,5.60,0.00,0.00,0.00,0.00,0.00
14.60,14.90,5.60,0.00,0.00,0.00,0.00,0.00
13.70,14.30,5.00,0.00,0.00,0.00,0.00,0.00
13.60,14.60,6.00,0.00,0.00,0.00,0.00,0.00
14.30,14.60,5.30,0.00,0.00,0.00,0.00,0.00
14.30,14.90,5.60,0.00,0.00,0.00,0.00,0.00
14.30,14.30,5.60,0.00,0.00,0.00,0.00,0.00
14.60,16.00,6.30,0.00,0.00,0.00,0.00,0.00
14.00,13.70,5.00,0.00,0.00,0.00,0.00,0.00
14.00,15.20,5.60,0.00,0.00,0.00,0.00,0.00
14.30,15.00,5.30,0.00,0.00,0.00,0.00,0.00
14.30,15.20,6.30,0.00,0.00,0.00,0.00,0.00
14.30,14.60,5.30,0.00,0.00,0.00,0.00,0.00
14.30,14.30,5.30,0.00,0.00,0.00,0.00,0.00
14.30,14.70,5.60,0.00,0.00,0.00,0.00,0.00
14.00,14.90,5.30,0.00,0.00,0.00,0.00,0.00
14.70,14.60,6.70,0.00,0.00,0.00,0.00,0.00
14.30,15.20,5.60,0.00,0.00,0.00,0.00,0.00
14.30,14.60,5.30,0.00,0.00,0.00,0.00,0.00
14.30,14.60,5.90,0.00,0.00,0.00,0.00,0.00
14.00,15.00,6.00,0.00,0.00,0.00,0.00,0.00
14.30,14.70,5.30,0.00,0.00,0.00,0.00,0.00
14.60,15.20,5.60,0.00,0.00,0.00,0.00,0.00
13.70,14.30,5.30,0.00,0.00,0.00,0.00,0.00
14.60,15.60,5.90,0.00,0.00,0.00,0.00,0.00
14.00,14.00,5.00,0.00,0.00,0.00,0.00,0.00
15.00,16.30,6.00,0.00,0.00,0.00,0.00,0.00
