#io_context_pool,msgr-worker,fio,log,ceph_timer,ms_dispatch,safe_timer,taskfin_librbd
0.00,0.00,0.00,0.00,0.00,0.00,0.00,0.00
17.00,27.20,6.90,0.00,0.00,0.00,0.00,0.00
16.70,26.70,7.00,0.00,0.00,0.00,0.00,0.00
17.60,27.60,6.30,0.00,0.00,0.00,0.00,0.00
17.00,26.70,7.30,0.00,0.00,0.00,0.00,0.00
17.30,27.90,7.30,0.00,0.00,0.00,0.00,0.00
17.70,27.00,6.70,0.00,0.00,0.00,0.00,0.00
17.60,27.20,6.90,0.00,0.00,0.00,0.00,0.00
17.40,27.30,7.30,0.00,0.00,0.00,0.00,0.00
16.90,27.20,6.30,0.00,0.00,0.00,0.00,0.00
17.40,27.70,7.70,0.00,0.00,0.00,0.00,0.00
16.70,27.00,7.00,0.00,0.00,0.00,0.00,0.00
17.20,26.90,6.60,0.00,0.00,0.00,0.00,0.00
20.30,25.90,6.90,0.00,0.00,0.00,0.00,0.00
19.70,26.30,6.30,0.00,0.00,0.00,0.00,0.00
19.00,26.30,8.30,0.00,0.00,0.00,0.00,0.00
21.30,24.60,8.30,0.00,0.00,0.00,0.00,0.00
20.30,25.30,8.30,0.00,0.00,0.00,0.00,0.00
19.00,25.90,8.90,0.00,0.00,0.00,0.00,0.00
17.40,26.00,8.60,0.00,0.00,0.00,0.00,0.00
16.60,26.90,8.30,0.00,0.00,0.00,0.00,0.00
16.70,26.30,8.30,0.00,0.00,0.00,0.00,0.00
17.30,26.60,8.60,0.00,0.00,0.00,0.00,0.00
17.00,26.70,8.00,0.00,0.00,0.00,0.00,0.00
16.90,26.60,8.30,0.00,0.00,0.00,0.00,0.00
17.00,27.30,8.60,0.00,0.00,0.00,0.00,0.00
16.90,26.20,9.60,0.00,0.00,0.00,0.00,0.00
17.30,27.00,8.30,0.00,0.00,0.00,0.00,0.00
16.60,26.90,8.30,0.00,0.00,0.00,0.00,0.00
17.60,26.00,8.60,0.00,0.00,0.00,0.00,0.00
13.40,33.30,6.70,0.00,0.00,0.00,0.00,0.00
31.30,40.00,14.00,0.00,0.00,0.00,0.00,0.00
28.90,39.90,11.90,0.00,0.00,0.00,0.00,0.00
28.30,40.30,11.00,0.00,0.00,0.00,0.00,0.00
28.30,39.90,10.90,0.00,0.00,0.00,0.00,0.00
28.60,40.30,13.00,0.00,0.00,0.00,0.00,0.00
29.00,39.50,11.30,0.00,0.00,0.00,0.00,0.00
28.30,40.30,10.70,0.00,0.00,0.00,0.00,0.00
29.60,40.20,10.90,0.00,0.00,0.00,0.00,0.00
28.00,40.00,10.60,0.00,0.00,0.00,0.00,0.00
28.60,40.20,11.30,0.00,0.00,0.00,0.00,0.00
29.00,40.00,11.60,0.00,0.00,0.00,0.00,0.00
29.30,40.30,11.00,0.00,0.00,0.00,0.00,0.00
28.60,40.20,11.60,0.00,0.00,0.00,0.00,0.00
28.30,40.30,11.40,0.00,0.00,0.00,0.00,0.00
28.90,40.50,11.30,0.00,0.00,0.00,0.00,0.00
28.30,40.00,10.30,0.00,0.00,0.00,0.00,0.00
28.30,40.20,10.90,0.00,0.00,0.00,0.00,0.00
28.60,40.70,10.70,0.00,0.00,0.00,0.00,0.00
28.00,39.90,11.30,0.00,0.00,0.00,0.00,0.00
29.00,41.00,10.70,0.00,0.00,0.00,0.00,0.00
28.30,39.50,11.20,0.00,0.00,0.00,0.00,0.00
28.60,40.70,11.00,0.00,0.00,0.00,0.00,0.00
28.60,40.20,10.60,0.00,0.00,0.00,0.00,0.00
28.30,40.00,10.60,0.00,0.00,0.00,0.00,0.00
29.00,40.70,11.00,0.00,0.00,0.00,0.00,0.00
27.90,39.90,11.00,0.00,0.00,0.00,0.00,0.00
29.00,41.00,11.00,0.00,0.00,0.00,0.00,0.00
28.00,40.20,10.90,0.00,0.00,0.00,0.00,0.00
28.30,39.70,12.00,0.00,0.00,0.00,0.00,0.00
26.60,40.00,13.30,0.00,0.00,0.00,0.00,0.00
39.70,47.00,14.30,0.00,0.00,0.00,0.00,0.00
38.90,45.80,14.60,0.00,0.00,0.00,0.00,0.00
39.70,47.00,14.60,0.00,0.00,0.00,0.00,0.00
39.20,45.80,14.00,0.00,0.00,0.00,0.00,0.00
40.00,47.00,14.60,0.00,0.00,0.00,0.00,0.00
39.20,46.80,14.30,0.00,0.00,0.00,0.00,0.00
39.00,46.30,14.00,0.00,0.00,0.00,0.00,0.00
39.50,46.80,15.60,0.00,0.00,0.00,0.00,0.00
39.40,46.00,13.70,0.00,0.00,0.00,0.00,0.00
39.20,46.80,14.60,0.00,0.00,0.00,0.00,0.00
39.70,46.70,14.30,0.00,0.00,0.00,0.00,0.00
38.90,46.50,14.60,0.00,0.00,0.00,0.00,0.00
39.70,47.00,15.30,0.00,0.00,0.00,0.00,0.00
39.00,46.30,14.00,0.00,0.00,0.00,0.00,0.00
39.50,46.50,14.00,0.00,0.00,0.00,0.00,0.00
39.00,46.70,14.00,0.00,0.00,0.00,0.00,0.00
38.90,45.80,14.60,0.00,0.00,0.00,0.00,0.00
40.00,47.30,14.30,0.00,0.00,0.00,0.00,0.00
38.90,45.80,15.30,0.00,0.00,0.00,0.00,0.00
39.40,47.00,15.00,0.00,0.00,0.00,0.00,0.00
38.90,46.20,14.30,0.00,0.00,0.00,0.00,0.00
39.30,47.00,14.60,0.00,0.00,0.00,0.00,0.00
39.50,46.20,14.30,0.00,0.00,0.00,0.00,0.00
39.40,46.70,14.30,0.00,0.00,0.00,0.00,0.00
39.50,46.50,14.90,0.00,0.00,0.00,0.00,0.00
39.00,47.00,14.00,0.00,0.00,0.00,0.00,0.00
40.30,47.00,14.30,0.00,0.00,0.00,0.00,0.00
39.20,46.80,14.30,0.00,0.00,0.00,0.00,0.00
39.40,46.30,14.00,0.00,0.00,0.00,0.00,0.00
33.30,33.30,13.30,0.00,0.00,0.00,0.00,0.00
48.20,47.50,18.20,0.00,0.00,0.00,0.00,0.00
48.00,46.70,16.30,0.00,0.00,0.00,0.00,0.00
47.20,47.20,16.90,0.00,0.00,0.00,0.00,0.00
48.00,46.70,17.60,0.00,0.00,0.00,0.00,0.00
48.60,47.50,17.60,0.00,0.00,0.00,0.00,0.00
47.00,46.70,18.60,0.00,0.00,0.00,0.00,0.00
47.50,46.50,16.30,0.00,0.00,0.00,0.00,0.00
48.60,48.00,17.30,0.00,0.00,0.00,0.00,0.00
47.80,46.50,16.60,0.00,0.00,0.00,0.00,0.00
48.00,48.00,16.60,0.00,0.00,0.00,0.00,0.00
47.80,46.80,16.90,0.00,0.00,0.00,0.00,0.00
47.70,47.00,16.60,0.00,0.00,0.00,0.00,0.00
47.70,47.30,16.60,0.00,0.00,0.00,0.00,0.00
47.80,46.80,16.30,0.00,0.00,0.00,0.00,0.00
48.30,47.70,19.00,0.00,0.00,0.00,0.00,0.00
47.90,46.50,16.90,0.00,0.00,0.00,0.00,0.00
47.70,47.30,16.70,0.00,0.00,0.00,0.00,0.00
48.90,47.50,16.60,0.00,0.00,0.00,0.00,0.00
47.30,47.00,16.70,0.00,0.00,0.00,0.00,0.00
48.20,47.20,17.00,0.00,0.00,0.00,0.00,0.00
48.30,47.30,16.30,0.00,0.00,0.00,0.00,0.00
48.60,47.80,17.20,0.00,0.00,0.00,0.00,0.00
47.40,46.70,16.00,0.00,0.00,0.00,0.00,0.00
47.80,46.50,16.90,0.00,0.00,0.00,0.00,0.00
48.60,48.00,17.30,0.00,0.00,0.00,0.00,0.00
48.20,47.50,16.30,0.00,0.00,0.00,0.00,0.00
48.30,47.30,17.00,0.00,0.00,0.00,0.00,0.00
48.60,47.80,16.90,0.00,0.00,0.00,0.00,0.00
48.00,47.70,17.00,0.00,0.00,0.00,0.00,0.00
33.30,33.30,20.00,0.00,0.00,0.00,0.00,0.00
57.00,51.70,20.60,0.00,0.00,0.00,0.00,0.00
56.40,51.20,20.20,0.00,0.00,0.00,0.00,0.00
57.70,52.00,20.00,0.00,0.00,0.00,0.00,0.00
55.80,50.20,20.60,0.00,0.00,0.00,0.00,0.00
57.40,51.70,20.00,0.00,0.00,0.00,0.00,0.00
57.20,51.20,20.00,0.00,0.00,0.00,0.00,0.00
57.00,51.30,20.30,0.00,0.00,0.00,0.00,0.00
58.40,52.50,20.50,0.00,0.00,0.00,0.00,0.00
57.00,51.30,20.00,0.00,0.00,0.00,0.00,0.00
57.80,51.80,19.90,0.00,0.00,0.00,0.00,0.00
57.00,51.00,20.00,0.00,0.00,0.00,0.00,0.00
57.70,51.70,21.30,0.00,0.00,0.00,0.00,0.00
57.20,51.50,19.60,0.00,0.00,0.00,0.00,0.00
56.60,51.00,20.00,0.00,0.00,0.00,0.00,0.00
58.10,52.20,20.30,0.00,0.00,0.00,0.00,0.00
56.60,51.30,20.00,0.00,0.00,0.00,0.00,0.00
56.40,51.20,19.90,0.00,0.00,0.00,0.00,0.00
57.70,51.70,20.30,0.00,0.00,0.00,0.00,0.00
56.10,51.50,19.90,0.00,0.00,0.00,0.00,0.00
57.70,51.30,20.30,0.00,0.00,0.00,0.00,0.00
56.80,51.20,19.90,0.00,0.00,0.00,0.00,0.00
58.00,52.30,20.60,0.00,0.00,0.00,0.00,0.00
55.80,50.50,19.60,0.00,0.00,0.00,0.00,0.00
57.00,51.30,20.00,0.00,0.00,0.00,0.00,0.00
58.10,52.20,20.30,0.00,0.00,0.00,0.00,0.00
56.60,51.00,20.00,0.00,0.00,0.00,0.00,0.00
56.60,51.30,21.60,0.00,0.00,0.00,0.00,0.00
57.80,51.80,19.60,0.00,0.00,0.00,0.00,0.00
57.00,51.00,19.70,0.00,0.00,0.00,0.00,0.00
60.00,40.00,20.00,0.00,0.00,0.00,0.00,0.00
59.80,51.80,21.20,0.00,0.00,0.00,0.00,0.00
60.30,51.00,21.00,0.00,0.00,0.00,0.00,0.00
59.80,51.50,21.20,0.00,0.00,0.00,0.00,0.00
58.60,50.30,21.00,0.00,0.00,0.00,0.00,0.00
59.80,51.20,21.20,0.00,0.00,0.00,0.00,0.00
60.00,51.00,21.00,0.00,0.00,0.00,0.00,0.00
58.80,49.80,20.90,0.00,0.00,0.00,0.00,0.00
60.00,51.30,20.70,0.00,0.00,0.00,0.00,0.00
60.10,50.80,20.60,0.00,0.00,0.00,0.00,0.00
60.60,51.30,21.00,0.00,0.00,0.00,0.00,0.00
58.10,49.80,22.30,0.00,0.00,0.00,0.00,0.00
60.30,51.30,21.00,0.00,0.00,0.00,0.00,0.00
60.40,51.50,20.90,0.00,0.00,0.00,0.00,0.00
58.60,50.30,20.60,0.00,0.00,0.00,0.00,0.00
59.80,50.50,20.60,0.00,0.00,0.00,0.00,0.00
58.60,50.30,20.60,0.00,0.00,0.00,0.00,0.00
59.80,51.20,21.50,0.00,0.00,0.00,0.00,0.00
60.00,51.00,21.00,0.00,0.00,0.00,0.00,0.00
59.20,50.80,20.60,0.00,0.00,0.00,0.00,0.00
60.60,51.30,21.30,0.00,0.00,0.00,0.00,0.00
58.80,49.80,20.60,0.00,0.00,0.00,0.00,0.00
59.70,51.00,20.60,0.00,0.00,0.00,0.00,0.00
58.80,50.20,20.30,0.00,0.00,0.00,0.00,0.00
58.70,50.30,20.30,0.00,0.00,0.00,0.00,0.00
58.70,50.00,22.30,0.00,0.00,0.00,0.00,0.00
58.10,49.80,19.90,0.00,0.00,0.00,0.00,0.00
60.00,50.70,21.00,0.00,0.00,0.00,0.00,0.00
59.20,50.80,20.90,0.00,0.00,0.00,0.00,0.00
60.30,51.00,21.00,0.00,0.00,0.00,0.00,0.00
33.30,40.00,13.30,0.00,0.00,0.00,0.00,0.00
63.40,53.30,23.00,0.00,0.00,0.00,0.00,0.00
62.10,52.20,22.30,0.00,0.00,0.00,0.00,0.00
62.60,52.30,23.70,0.00,0.00,0.00,0.00,0.00
61.50,51.80,21.90,0.00,0.00,0.00,0.00,0.00
63.00,52.70,23.00,0.00,0.00,0.00,0.00,0.00
61.50,51.50,21.90,0.00,0.00,0.00,0.00,0.00
61.40,51.70,22.00,0.00,0.00,0.00,0.00,0.00
62.80,52.50,22.60,0.00,0.00,0.00,0.00,0.00
61.70,51.30,23.60,0.00,0.00,0.00,0.00,0.00
61.80,52.50,22.20,0.00,0.00,0.00,0.00,0.00
62.60,52.70,22.90,0.00,0.00,0.00,0.00,0.00
62.30,52.30,22.60,0.00,0.00,0.00,0.00,0.00
63.20,52.50,22.60,0.00,0.00,0.00,0.00,0.00
61.00,51.70,22.00,0.00,0.00,0.00,0.00,0.00
62.40,52.50,22.30,0.00,0.00,0.00,0.00,0.00
61.70,51.30,22.70,0.00,0.00,0.00,0.00,0.00
60.40,51.20,21.60,0.00,0.00,0.00,0.00,0.00
62.70,52.70,22.60,0.00,0.00,0.00,0.00,0.00
61.80,52.20,22.30,0.00,0.00,0.00,0.00,0.00
63.40,52.70,22.60,0.00,0.00,0.00,0.00,0.00
61.80,51.80,22.60,0.00,0.00,0.00,0.00,0.00
62.00,52.00,24.30,0.00,0.00,0.00,0.00,0.00
61.50,51.80,22.20,0.00,0.00,0.00,0.00,0.00
61.70,51.30,21.70,0.00,0.00,0.00,0.00,0.00
63.20,52.50,22.90,0.00,0.00,0.00,0.00,0.00
61.70,52.00,22.30,0.00,0.00,0.00,0.00,0.00
62.40,52.80,22.90,0.00,0.00,0.00,0.00,0.00
61.70,51.70,22.00,0.00,0.00,0.00,0.00,0.00
61.70,52.70,22.30,0.00,0.00,0.00,0.00,0.00
53.40,40.00,20.00,0.00,0.00,0.00,0.00,0.00
61.40,50.70,21.60,0.00,0.00,0.00,0.00,0.00
60.80,49.20,20.90,0.00,0.00,0.00,0.00,0.00
60.70,49.70,22.00,0.00,0.00,0.00,0.00,0.00
61.20,50.50,21.60,0.00,0.00,0.00,0.00,0.00
61.40,50.00,21.30,0.00,0.00,0.00,0.00,0.00
61.00,50.00,21.00,0.00,0.00,0.00,0.00,0.00
60.80,50.20,21.30,0.00,0.00,0.00,0.00,0.00
62.00,50.30,21.60,0.00,0.00,0.00,0.00,0.00
61.20,50.50,21.60,0.00,0.00,0.00,0.00,0.00
60.30,50.00,22.60,0.00,0.00,0.00,0.00,0.00
60.80,49.20,20.90,0.00,0.00,0.00,0.00,0.00
61.40,50.30,21.90,0.00,0.00,0.00,0.00,0.00
61.20,50.50,21.90,0.00,0.00,0.00,0.00,0.00
61.70,50.00,20.70,0.00,0.00,0.00,0.00,0.00
61.80,50.50,21.90,0.00,0.00,0.00,0.00,0.00
60.00,49.30,21.30,0.00,0.00,0.00,0.00,0.00
61.80,50.80,21.60,0.00,0.00,0.00,0.00,0.00
61.00,50.00,21.00,0.00,0.00,0.00,0.00,0.00
60.10,49.50,21.60,0.00,0.00,0.00,0.00,0.00
62.00,50.70,21.60,0.00,0.00,0.00,0.00,0.00
60.40,49.50,21.20,0.00,0.00,0.00,0.00,0.00
60.30,49.30,22.30,0.00,0.00,0.00,0.00,0.00
61.50,50.20,21.60,0.00,0.00,0.00,0.00,0.00
60.00,49.70,21.30,0.00,0.00,0.00,0.00,0.00
61.20,49.80,21.60,0.00,0.00,0.00,0.00,0.00
61.40,50.30,21.60,0.00,0.00,0.00,0.00,0.00
61.50,50.50,21.60,0.00,0.00,0.00,0.00,0.00
61.70,50.70,21.60,0.00,0.00,0.00,0.00,0.00
61.80,50.50,21.30,0.00,0.00,0.00,0.00,0.00
66.60,53.30,26.70,0.00,0.00,0.00,0.00,0.00
63.50,50.50,22.30,0.00,0.00,0.00,0.00,0.00
64.00,51.00,23.30,0.00,0.00,0.00,0.00,0.00
63.80,51.20,22.90,0.00,0.00,0.00,0.00,0.00
63.40,50.00,23.00,0.00,0.00,0.00,0.00,0.00
65.20,52.20,22.60,0.00,0.00,0.00,0.00,0.00
66.00,51.30,22.60,0.00,0.00,0.00,0.00,0.00
66.80,51.20,21.60,0.00,0.00,0.00,0.00,0.00
72.00,51.00,21.60,0.00,0.00,0.00,0.00,0.00
62.30,49.30,23.00,0.00,0.00,0.00,0.00,0.00
63.50,50.50,22.50,0.00,0.00,0.00,0.00,0.00
64.00,51.00,22.30,0.00,0.00,0.00,0.00,0.00
63.80,49.80,21.60,0.00,0.00,0.00,0.00,0.00
64.60,52.00,23.00,0.00,0.00,0.00,0.00,0.00
64.10,50.80,22.20,0.00,0.00,0.00,0.00,0.00
65.00,51.30,22.60,0.00,0.00,0.00,0.00,0.00
64.80,51.80,23.30,0.00,0.00,0.00,0.00,0.00
65.00,51.30,23.00,0.00,0.00,0.00,0.00,0.00
65.80,52.20,22.60,0.00,0.00,0.00,0.00,0.00
64.00,51.30,22.60,0.00,0.00,0.00,0.00,0.00
63.20,49.80,23.20,0.00,0.00,0.00,0.00,0.00
63.40,50.70,22.60,0.00,0.00,0.00,0.00,0.00
65.70,52.00,22.30,0.00,0.00,0.00,0.00,0.00
64.40,51.50,23.60,0.00,0.00,0.00,0.00,0.00
65.40,51.70,22.30,0.00,0.00,0.00,0.00,0.00
64.50,51.50,22.20,0.00,0.00,0.00,0.00,0.00
63.70,50.70,22.30,0.00,0.00,0.00,0.00,0.00
64.80,51.50,22.60,0.00,0.00,0.00,0.00,0.00
64.30,51.00,22.60,0.00,0.00,0.00,0.00,0.00
64.10,51.20,22.60,0.00,0.00,0.00,0.00,0.00
43.80,31.20,12.50,0.00,0.00,0.00,0.00,0.00
59.40,48.00,20.60,0.00,0.00,0.00,0.00,0.00
60.60,48.70,21.00,0.00,0.00,0.00,0.00,0.00
60.80,48.50,21.60,0.00,0.00,0.00,0.00,0.00
60.00,48.30,20.70,0.00,0.00,0.00,0.00,0.00
62.40,49.80,22.20,0.00,0.00,0.00,0.00,0.00
60.00,48.30,21.00,0.00,0.00,0.00,0.00,0.00
59.40,47.70,20.70,0.00,0.00,0.00,0.00,0.00
60.40,48.20,20.60,0.00,0.00,0.00,0.00,0.00
59.00,47.30,22.30,0.00,0.00,0.00,0.00,0.00
61.50,49.20,21.50,0.00,0.00,0.00,0.00,0.00
60.30,48.70,21.30,0.00,0.00,0.00,0.00,0.00
60.30,48.30,21.30,0.00,0.00,0.00,0.00,0.00
62.10,49.50,21.30,0.00,0.00,0.00,0.00,0.00
60.60,48.70,21.00,0.00,0.00,0.00,0.00,0.00
61.50,49.80,21.30,0.00,0.00,0.00,0.00,0.00
60.30,48.00,21.00,0.00,0.00,0.00,0.00,0.00
62.00,49.70,22.00,0.00,0.00,0.00,0.00,0.00
61.80,49.80,21.60,0.00,0.00,0.00,0.00,0.00
61.70,49.70,21.30,0.00,0.00,0.00,0.00,0.00
60.80,48.80,20.90,0.00,0.00,0.00,0.00,0.00
58.70,47.00,20.60,0.00,0.00,0.00,0.00,0.00
59.40,47.70,22.30,0.00,0.00,0.00,0.00,0.00
60.40,48.20,21.20,0.00,0.00,0.00,0.00,0.00
60.60,49.00,21.00,0.00,0.00,0.00,0.00,0.00
61.20,49.50,21.20,0.00,0.00,0.00,0.00,0.00
59.70,47.70,20.30,0.00,0.00,0.00,0.00,0.00
61.00,48.30,21.00,0.00,0.00,0.00,0.00,0.00
61.50,49.50,21.30,0.00,0.00,0.00,0.00,0.00
62.00,49.70,22.40,0.00,0.00,0.00,0.00,0.00
