#msgr-worker,io_context_pool,fio,log,ceph_timer,ms_dispatch,safe_timer,taskfin_librbd
0.00,0.00,0.00,0.00,0.00,0.00,0.00,0.00
15.00,10.00,4.30,0.00,0.00,0.00,0.00,0.00
14.60,9.30,5.00,0.00,0.00,0.00,0.00,0.00
14.70,10.00,4.70,0.00,0.00,0.00,0.00,0.00
14.60,9.30,4.30,0.00,0.00,0.00,0.00,0.00
15.00,10.60,4.30,0.00,0.00,0.00,0.00,0.00
14.00,12.00,4.60,0.00,0.00,0.00,0.00,0.00
14.70,10.70,4.00,0.00,0.00,0.00,0.00,0.00
15.00,9.70,4.90,0.00,0.00,0.00,0.00,0.00
14.30,9.70,4.30,0.00,0.00,0.00,0.00,0.00
15.00,11.00,4.30,0.00,0.00,0.00,0.00,0.00
14.00,11.00,4.70,0.00,0.00,0.00,0.00,0.00
14.30,10.00,4.00,0.00,0.00,0.00,0.00,0.00
14.30,11.00,4.60,0.00,0.00,0.00,0.00,0.00
14.30,9.00,4.60,0.00,0.00,0.00,0.00,0.00
14.30,9.60,4.60,0.00,0.00,0.00,0.00,0.00
14.00,11.00,4.00,0.00,0.00,0.00,0.00,0.00
13.30,10.70,4.00,0.00,0.00,0.00,0.00,0.00
14.00,11.00,4.30,0.00,0.00,0.00,0.00,0.00
14.00,11.00,4.30,0.00,0.00,0.00,0.00,0.00
14.30,11.30,4.30,0.00,0.00,0.00,0.00,0.00
13.70,11.00,4.30,0.00,0.00,0.00,0.00,0.00
14.30,11.30,4.70,0.00,0.00,0.00,0.00,0.00
13.30,10.70,4.00,0.00,0.00,0.00,0.00,0.00
14.30,9.60,4.30,0.00,0.00,0.00,0.00,0.00
14.30,10.70,4.60,0.00,0.00,0.00,0.00,0.00
14.00,9.90,4.30,0.00,0.00,0.00,0.00,0.00
14.30,11.00,3.70,0.00,0.00,0.00,0.00,0.00
13.30,10.70,4.70,0.00,0.00,0.00,0.00,0.00
14.00,10.00,4.60,0.00,0.00,0.00,0.00,0.00
20.00,20.00,6.70,0.00,0.00,0.00,0.00,0.00
21.90,16.60,6.90,0.00,0.00,0.00,0.00,0.00
21.70,15.40,7.00,0.00,0.00,0.00,0.00,0.00
22.60,16.90,7.30,0.00,0.00,0.00,0.00,0.00
22.00,16.30,7.00,0.00,0.00,0.00,0.00,0.00
21.90,16.30,6.90,0.00,0.00,0.00,0.00,0.00
22.00,16.00,7.70,0.00,0.00,0.00,0.00,0.00
21.30,16.30,6.60,0.00,0.00,0.00,0.00,0.00
22.30,16.00,7.60,0.00,0.00,0.00,0.00,0.00
21.90,16.30,6.30,0.00,0.00,0.00,0.00,0.00
22.30,16.60,7.40,0.00,0.00,0.00,0.00,0.00
21.60,15.60,7.00,0.00,0.00,0.00,0.00,0.00
21.70,16.30,7.00,0.00,0.00,0.00,0.00,0.00
22.60,16.60,6.90,0.00,0.00,0.00,0.00,0.00
22.00,16.30,6.70,0.00,0.00,0.00,0.00,0.00
22.30,16.00,7.30,0.00,0.00,0.00,0.00,0.00
21.70,16.30,7.30,0.00,0.00,0.00,0.00,0.00
21.90,15.60,7.20,0.00,0.00,0.00,0.00,0.00
21.90,16.30,7.30,0.00,0.00,0.00,0.00,0.00
21.30,16.30,6.30,0.00,0.00,0.00,0.00,0.00
22.00,16.00,7.70,0.00,0.00,0.00,0.00,0.00
21.60,16.00,6.60,0.00,0.00,0.00,0.00,0.00
22.30,16.60,6.60,0.00,0.00,0.00,0.00,0.00
22.00,15.70,7.30,0.00,0.00,0.00,0.00,0.00
21.90,16.90,6.60,0.00,0.00,0.00,0.00,0.00
22.30,15.70,7.30,0.00,0.00,0.00,0.00,0.00
21.30,16.30,6.60,0.00,0.00,0.00,0.00,0.00
22.30,16.30,7.70,0.00,0.00,0.00,0.00,0.00
21.90,16.30,7.20,0.00,0.00,0.00,0.00,0.00
22.00,16.00,6.60,0.00,0.00,0.00,0.00,0.00
20.00,6.70,6.70,0.00,0.00,0.00,0.00,0.00
28.90,22.90,9.60,0.00,0.00,0.00,0.00,0.00
29.00,22.30,9.30,0.00,0.00,0.00,0.00,0.00
29.20,23.20,9.60,0.00,0.00,0.00,0.00,0.00
28.70,22.00,9.70,0.00,0.00,0.00,0.00,0.00
29.20,23.20,9.60,0.00,0.00,0.00,0.00,0.00
29.00,22.30,9.00,0.00,0.00,0.00,0.00,0.00
28.90,22.30,9.60,0.00,0.00,0.00,0.00,0.00
29.00,22.30,9.60,0.00,0.00,0.00,0.00,0.00
28.90,22.90,9.60,0.00,0.00,0.00,0.00,0.00
29.30,23.00,9.70,0.00,0.00,0.00,0.00,0.00
28.90,22.30,9.60,0.00,0.00,0.00,0.00,0.00
28.90,22.60,9.90,0.00,0.00,0.00,0.00,0.00
29.70,23.00,9.30,0.00,0.00,0.00,0.00,0.00
28.90,22.30,9.60,0.00,0.00,0.00,0.00,0.00
29.30,23.00,9.60,0.00,0.00,0.00,0.00,0.00
28.90,22.30,9.30,0.00,0.00,0.00,0.00,0.00
29.00,22.70,9.90,0.00,0.00,0.00,0.00,0.00
29.20,22.90,9.30,0.00,0.00,0.00,0.00,0.00
29.00,22.30,9.60,0.00,0.00,0.00,0.00,0.00
29.60,23.20,9.60,0.00,0.00,0.00,0.00,0.00
28.30,22.30,9.70,0.00,0.00,0.00,0.00,0.00
29.60,23.20,10.30,0.00,0.00,0.00,0.00,0.00
28.70,22.00,9.30,0.00,0.00,0.00,0.00,0.00
28.60,22.60,9.60,0.00,0.00,0.00,0.00,0.00
29.30,22.60,9.60,0.00,0.00,0.00,0.00,0.00
28.60,22.60,9.30,0.00,0.00,0.00,0.00,0.00
29.70,23.40,10.00,0.00,0.00,0.00,0.00,0.00
28.90,22.30,9.30,0.00,0.00,0.00,0.00,0.00
28.70,23.00,9.30,0.00,0.00,0.00,0.00,0.00
26.70,13.40,6.70,0.00,0.00,0.00,0.00,0.00
34.00,28.60,12.30,0.00,0.00,0.00,0.00,0.00
33.60,28.90,11.60,0.00,0.00,0.00,0.00,0.00
34.30,28.00,12.00,0.00,0.00,0.00,0.00,0.00
33.60,28.90,11.30,0.00,0.00,0.00,0.00,0.00
34.00,28.30,12.00,0.00,0.00,0.00,0.00,0.00
33.20,28.30,12.30,0.00,0.00,0.00,0.00,0.00
33.90,28.30,11.30,0.00,0.00,0.00,0.00,0.00
32.30,27.40,11.30,0.00,0.00,0.00,0.00,0.00
33.20,28.30,11.90,0.00,0.00,0.00,0.00,0.00
34.70,29.40,11.70,0.00,0.00,0.00,0.00,0.00
33.90,28.00,12.30,0.00,0.00,0.00,0.00,0.00
33.70,28.60,11.60,0.00,0.00,0.00,0.00,0.00
33.90,28.60,11.30,0.00,0.00,0.00,0.00,0.00
33.70,28.00,11.70,0.00,0.00,0.00,0.00,0.00
34.20,28.90,13.00,0.00,0.00,0.00,0.00,0.00
33.30,28.70,11.60,0.00,0.00,0.00,0.00,0.00
33.90,28.30,11.60,0.00,0.00,0.00,0.00,0.00
34.70,29.00,12.00,0.00,0.00,0.00,0.00,0.00
33.60,28.00,11.60,0.00,0.00,0.00,0.00,0.00
34.30,29.00,12.30,0.00,0.00,0.00,0.00,0.00
33.60,28.60,11.60,0.00,0.00,0.00,0.00,0.00
34.30,28.60,12.00,0.00,0.00,0.00,0.00,0.00
33.90,28.90,11.30,0.00,0.00,0.00,0.00,0.00
33.70,28.00,11.60,0.00,0.00,0.00,0.00,0.00
34.20,28.90,11.90,0.00,0.00,0.00,0.00,0.00
33.70,28.30,12.00,0.00,0.00,0.00,0.00,0.00
33.90,28.90,11.90,0.00,0.00,0.00,0.00,0.00
34.00,28.60,12.00,0.00,0.00,0.00,0.00,0.00
33.90,28.60,11.60,0.00,0.00,0.00,0.00,0.00
20.00,33.30,6.70,0.00,0.00,0.00,0.00,0.00
35.50,31.20,13.00,0.00,0.00,0.00,0.00,0.00
34.30,31.00,12.60,0.00,0.00,0.00,0.00,0.00
34.60,30.30,13.00,0.00,0.00,0.00,0.00,0.00
34.70,31.00,12.00,0.00,0.00,0.00,0.00,0.00
35.50,31.50,13.30,0.00,0.00,0.00,0.00,0.00
35.20,32.20,12.60,0.00,0.00,0.00,0.00,0.00
35.00,31.40,13.40,0.00,0.00,0.00,0.00,0.00
35.50,31.90,12.30,0.00,0.00,0.00,0.00,0.00
35.00,31.00,12.60,0.00,0.00,0.00,0.00,0.00
35.00,31.70,12.70,0.00,0.00,0.00,0.00,0.00
35.20,31.50,12.90,0.00,0.00,0.00,0.00,0.00
36.30,32.30,13.00,0.00,0.00,0.00,0.00,0.00
34.90,31.50,13.60,0.00,0.00,0.00,0.00,0.00
34.70,30.60,12.30,0.00,0.00,0.00,0.00,0.00
36.20,32.60,12.90,0.00,0.00,0.00,0.00,0.00
35.30,31.40,13.00,0.00,0.00,0.00,0.00,0.00
35.20,31.90,12.60,0.00,0.00,0.00,0.00,0.00
35.30,31.40,12.70,0.00,0.00,0.00,0.00,0.00
35.20,31.90,12.90,0.00,0.00,0.00,0.00,0.00
36.00,32.30,12.60,0.00,0.00,0.00,0.00,0.00
35.90,32.60,13.30,0.00,0.00,0.00,0.00,0.00
35.20,31.50,12.60,0.00,0.00,0.00,0.00,0.00
36.00,32.00,12.30,0.00,0.00,0.00,0.00,0.00
35.50,31.50,13.30,0.00,0.00,0.00,0.00,0.00
35.70,31.70,12.60,0.00,0.00,0.00,0.00,0.00
35.20,30.90,12.30,0.00,0.00,0.00,0.00,0.00
34.70,31.40,12.60,0.00,0.00,0.00,0.00,0.00
35.50,31.50,12.90,0.00,0.00,0.00,0.00,0.00
35.00,31.40,13.70,0.00,0.00,0.00,0.00,0.00
20.00,26.70,13.30,0.00,0.00,0.00,0.00,0.00
34.60,31.50,12.90,0.00,0.00,0.00,0.00,0.00
34.70,32.00,12.60,0.00,0.00,0.00,0.00,0.00
34.90,31.80,12.90,0.00,0.00,0.00,0.00,0.00
34.00,31.70,12.30,0.00,0.00,0.00,0.00,0.00
34.20,31.50,13.30,0.00,0.00,0.00,0.00,0.00
34.00,31.00,12.60,0.00,0.00,0.00,0.00,0.00
33.90,30.90,12.00,0.00,0.00,0.00,0.00,0.00
33.30,30.70,12.60,0.00,0.00,0.00,0.00,0.00
33.90,31.50,12.60,0.00,0.00,0.00,0.00,0.00
34.60,30.90,12.60,0.00,0.00,0.00,0.00,0.00
34.30,32.00,12.30,0.00,0.00,0.00,0.00,0.00
34.90,31.50,12.90,0.00,0.00,0.00,0.00,0.00
35.00,32.30,14.00,0.00,0.00,0.00,0.00,0.00
34.90,32.60,12.90,0.00,0.00,0.00,0.00,0.00
35.00,32.30,12.30,0.00,0.00,0.00,0.00,0.00
34.60,31.50,13.60,0.00,0.00,0.00,0.00,0.00
34.30,31.40,12.60,0.00,0.00,0.00,0.00,0.00
34.90,32.20,13.00,0.00,0.00,0.00,0.00,0.00
35.00,32.60,12.60,0.00,0.00,0.00,0.00,0.00
34.90,31.80,12.90,0.00,0.00,0.00,0.00,0.00
34.30,31.40,12.00,0.00,0.00,0.00,0.00,0.00
34.60,31.20,12.30,0.00,0.00,0.00,0.00,0.00
33.00,30.00,12.00,0.00,0.00,0.00,0.00,0.00
34.20,31.50,13.00,0.00,0.00,0.00,0.00,0.00
35.00,31.70,12.30,0.00,0.00,0.00,0.00,0.00
34.60,31.90,12.60,0.00,0.00,0.00,0.00,0.00
34.30,31.00,12.30,0.00,0.00,0.00,0.00,0.00
33.90,30.90,13.00,0.00,0.00,0.00,0.00,0.00
35.00,32.00,14.30,0.00,0.00,0.00,0.00,0.00
26.70,13.40,0.00,0.00,0.00,0.00,0.00,0.00
33.70,31.40,12.60,0.00,0.00,0.00,0.00,0.00
32.20,30.00,12.30,0.00,0.00,0.00,0.00,0.00
34.20,31.80,12.30,0.00,0.00,0.00,0.00,0.00
33.70,31.00,12.70,0.00,0.00,0.00,0.00,0.00
32.20,29.30,12.00,0.00,0.00,0.00,0.00,0.00
33.00,30.30,12.30,0.00,0.00,0.00,0.00,0.00
32.60,30.60,11.60,0.00,0.00,0.00,0.00,0.00
31.00,28.00,11.30,0.00,0.00,0.00,0.00,0.00
33.20,30.60,13.30,0.00,0.00,0.00,0.00,0.00
34.70,31.40,12.30,0.00,0.00,0.00,0.00,0.00
32.20,28.60,11.60,0.00,0.00,0.00,0.00,0.00
32.70,30.00,12.00,0.00,0.00,0.00,0.00,0.00
34.60,31.20,12.60,0.00,0.00,0.00,0.00,0.00
33.00,30.60,13.00,0.00,0.00,0.00,0.00,0.00
34.20,31.80,12.60,0.00,0.00,0.00,0.00,0.00
33.30,31.40,12.30,0.00,0.00,0.00,0.00,0.00
34.20,30.90,12.70,0.00,0.00,0.00,0.00,0.00
34.00,31.70,12.30,0.00,0.00,0.00,0.00,0.00
34.20,31.20,12.60,0.00,0.00,0.00,0.00,0.00
34.30,31.40,12.60,0.00,0.00,0.00,0.00,0.00
33.20,30.60,12.60,0.00,0.00,0.00,0.00,0.00
33.30,29.70,11.70,0.00,0.00,0.00,0.00,0.00
32.90,31.50,12.60,0.00,0.00,0.00,0.00,0.00
34.30,31.40,12.30,0.00,0.00,0.00,0.00,0.00
33.60,30.30,12.00,0.00,0.00,0.00,0.00,0.00
33.00,30.00,12.30,0.00,0.00,0.00,0.00,0.00
32.90,30.90,12.00,0.00,0.00,0.00,0.00,0.00
34.00,30.60,12.00,0.00,0.00,0.00,0.00,0.00
32.90,30.60,12.70,0.00,0.00,0.00,0.00,0.00
20.00,13.40,13.30,0.00,0.00,0.00,0.00,0.00
33.90,30.60,12.00,0.00,0.00,0.00,0.00,0.00
32.00,28.30,12.00,0.00,0.00,0.00,0.00,0.00
31.90,28.30,11.70,0.00,0.00,0.00,0.00,0.00
33.00,29.70,11.70,0.00,0.00,0.00,0.00,0.00
33.90,30.00,12.30,0.00,0.00,0.00,0.00,0.00
32.70,29.40,12.60,0.00,0.00,0.00,0.00,0.00
33.20,30.00,12.30,0.00,0.00,0.00,0.00,0.00
34.70,31.70,12.60,0.00,0.00,0.00,0.00,0.00
31.20,26.60,10.60,0.00,0.00,0.00,0.00,0.00
32.70,29.00,11.60,0.00,0.00,0.00,0.00,0.00
32.90,29.20,11.90,0.00,0.00,0.00,0.00,0.00
33.00,28.60,12.00,0.00,0.00,0.00,0.00,0.00
32.20,28.90,11.30,0.00,0.00,0.00,0.00,0.00
33.70,30.00,12.70,0.00,0.00,0.00,0.00,0.00
32.90,29.60,12.60,0.00,0.00,0.00,0.00,0.00
33.30,30.00,12.60,0.00,0.00,0.00,0.00,0.00
33.20,30.00,11.90,0.00,0.00,0.00,0.00,0.00
31.70,28.00,12.00,0.00,0.00,0.00,0.00,0.00
32.90,30.30,11.30,0.00,0.00,0.00,0.00,0.00
34.70,31.40,13.00,0.00,0.00,0.00,0.00,0.00
33.20,30.00,11.90,0.00,0.00,0.00,0.00,0.00
34.30,30.30,12.30,0.00,0.00,0.00,0.00,0.00
32.20,30.00,12.30,0.00,0.00,0.00,0.00,0.00
32.20,28.00,11.60,0.00,0.00,0.00,0.00,0.00
32.30,28.00,12.00,0.00,0.00,0.00,0.00,0.00
33.60,30.30,12.00,0.00,0.00,0.00,0.00,0.00
33.30,29.40,12.40,0.00,0.00,0.00,0.00,0.00
32.60,28.90,11.30,0.00,0.00,0.00,0.00,0.00
32.30,29.00,12.00,0.00,0.00,0.00,0.00,0.00
20.00,6.70,6.70,0.00,0.00,0.00,0.00,0.00
28.70,28.00,11.00,0.00,0.00,0.00,0.00,0.00
31.20,29.60,11.60,0.00,0.00,0.00,0.00,0.00
31.70,28.30,11.00,0.00,0.00,0.00,0.00,0.00
30.90,29.20,11.90,0.00,0.00,0.00,0.00,0.00
30.30,28.60,11.30,0.00,0.00,0.00,0.00,0.00
32.20,30.00,12.60,0.00,0.00,0.00,0.00,0.00
30.00,28.00,11.00,0.00,0.00,0.00,0.00,0.00
31.20,28.30,11.70,0.00,0.00,0.00,0.00,0.00
31.70,30.00,11.70,0.00,0.00,0.00,0.00,0.00
30.90,28.90,11.60,0.00,0.00,0.00,0.00,0.00
32.30,29.70,11.60,0.00,0.00,0.00,0.00,0.00
28.60,28.00,10.60,0.00,0.00,0.00,0.00,0.00
31.70,29.40,11.60,0.00,0.00,0.00,0.00,0.00
31.90,28.30,11.90,0.00,0.00,0.00,0.00,0.00
29.00,28.30,12.00,0.00,0.00,0.00,0.00,0.00
31.60,28.30,11.30,0.00,0.00,0.00,0.00,0.00
32.70,30.00,12.00,0.00,0.00,0.00,0.00,0.00
30.20,26.60,10.60,0.00,0.00,0.00,0.00,0.00
32.00,29.70,12.00,0.00,0.00,0.00,0.00,0.00
32.90,29.20,11.60,0.00,0.00,0.00,0.00,0.00
28.70,28.00,10.70,0.00,0.00,0.00,0.00,0.00
31.60,29.20,11.60,0.00,0.00,0.00,0.00,0.00
31.00,28.60,11.60,0.00,0.00,0.00,0.00,0.00
29.90,28.30,11.00,0.00,0.00,0.00,0.00,0.00
30.30,27.00,10.60,0.00,0.00,0.00,0.00,0.00
28.20,27.20,10.90,0.00,0.00,0.00,0.00,0.00
31.70,28.30,11.30,0.00,0.00,0.00,0.00,0.00
28.60,26.90,10.60,0.00,0.00,0.00,0.00,0.00
32.00,30.00,11.30,0.00,0.00,0.00,0.00,0.00
0.00,0.00,0.00,0.00,0.00,0.00,0.00,0.00
0.00,0.00,0.00,0.00,0.00,0.00,0.00,0.00
0.00,0.00,0.00,0.00,0.00,0.00,0.00,0.00
0.00,0.00,0.00,0.00,0.00,0.00,0.00,0.00
0.00,0.00,0.00,0.00,0.00,0.00,0.00,0.00
0.00,0.00,0.00,0.00,0.00,0.00,0.00,0.00
0.00,0.00,0.00,0.00,0.00,0.00,0.00,0.00
0.00,0.00,0.00,0.00,0.00,0.00,0.00,0.00
0.00,0.00,0.00,0.00,0.00,0.00,0.00,0.00
0.00,0.00,0.00,0.00,0.00,0.00,0.00,0.00
0.00,0.00,0.00,0.00,0.00,0.00,0.00,0.00
0.00,0.00,0.00,0.00,0.00,0.00,0.00,0.00
0.00,0.00,0.00,0.00,0.00,0.00,0.00,0.00
0.00,0.00,0.00,0.00,0.00,0.00,0.00,0.00
0.00,0.00,0.00,0.00,0.00,0.00,0.00,0.00
0.00,0.00,0.00,0.00,0.00,0.00,0.00,0.00
0.00,0.00,0.00,0.00,0.00,0.00,0.00,0.00
0.00,0.00,0.00,0.00,0.00,0.00,0.00,0.00
0.00,0.00,0.00,0.00,0.00,0.00,0.00,0.00
0.00,0.00,0.00,0.00,0.00,0.00,0.00,0.00
0.00,0.00,0.00,0.00,0.00,0.00,0.00,0.00
0.00,0.00,0.00,0.00,0.00,0.00,0.00,0.00
0.00,0.00,0.00,0.00,0.00,0.00,0.00,0.00
0.00,0.00,0.00,0.00,0.00,0.00,0.00,0.00
0.00,0.00,0.00,0.00,0.00,0.00,0.00,0.00
0.00,0.00,0.00,0.00,0.00,0.00,0.00,0.00
0.00,0.00,0.00,0.00,0.00,0.00,0.00,0.00
0.00,0.00,0.00,0.00,0.00,0.00,0.00,0.00
0.00,0.00,0.00,0.00,0.00,0.00,0.00,0.00
0.00,0.00,0.00,0.00,0.00,0.00,0.00,0.00
20.00,20.00,6.70,0.00,0.00,0.00,0.00,0.00
31.60,28.60,11.90,0.00,0.00,0.00,0.00,0.00
31.30,28.30,11.30,0.00,0.00,0.00,0.00,0.00
27.60,26.30,10.60,0.00,0.00,0.00,0.00,0.00
0.00,0.00,0.00,0.00,0.00,0.00,0.00,0.00
0.00,0.00,0.00,0.00,0.00,0.00,0.00,0.00
0.00,0.00,0.00,0.00,0.00,0.00,0.00,0.00
0.00,0.00,0.00,0.00,0.00,0.00,0.00,0.00
0.00,0.00,0.00,0.00,0.00,0.00,0.00,0.00
0.00,0.00,0.00,0.00,0.00,0.00,0.00,0.00
0.00,0.00,0.00,0.00,0.00,0.00,0.00,0.00
0.00,0.00,0.00,0.00,0.00,0.00,0.00,0.00
0.00,0.00,0.00,0.00,0.00,0.00,0.00,0.00
0.00,0.00,0.00,0.00,0.00,0.00,0.00,0.00
0.00,0.00,0.00,0.00,0.00,0.00,0.00,0.00
0.00,0.00,0.00,0.00,0.00,0.00,0.00,0.00
0.00,0.00,0.00,0.00,0.00,0.00,0.00,0.00
0.00,0.00,0.00,0.00,0.00,0.00,0.00,0.00
0.00,0.00,0.00,0.00,0.00,0.00,0.00,0.00
0.00,0.00,0.00,0.00,0.00,0.00,0.00,0.00
0.00,0.00,0.00,0.00,0.00,0.00,0.00,0.00
0.00,0.00,0.00,0.00,0.00,0.00,0.00,0.00
0.00,0.00,0.00,0.00,0.00,0.00,0.00,0.00
0.00,0.00,0.00,0.00,0.00,0.00,0.00,0.00
0.00,0.00,0.00,0.00,0.00,0.00,0.00,0.00
0.00,0.00,0.00,0.00,0.00,0.00,0.00,0.00
0.00,0.00,0.00,0.00,0.00,0.00,0.00,0.00
0.00,0.00,0.00,0.00,0.00,0.00,0.00,0.00
0.00,0.00,0.00,0.00,0.00,0.00,0.00,0.00
0.00,0.00,0.00,0.00,0.00,0.00,0.00,0.00
20.00,13.40,0.00,0.00,0.00,0.00,0.00,0.00
30.60,28.00,11.00,0.00,0.00,0.00,0.00,0.00
27.70,25.70,10.60,0.00,0.00,0.00,0.00,0.00
31.20,27.60,10.90,0.00,0.00,0.00,0.00,0.00
28.00,26.00,10.00,0.00,0.00,0.00,0.00,0.00
30.90,29.60,12.00,0.00,0.00,0.00,0.00,0.00
27.70,26.00,10.30,0.00,0.00,0.00,0.00,0.00
31.20,29.20,11.60,0.00,0.00,0.00,0.00,0.00
30.70,28.30,11.60,0.00,0.00,0.00,0.00,0.00
28.60,26.00,10.30,0.00,0.00,0.00,0.00,0.00
30.00,27.70,11.00,0.00,0.00,0.00,0.00,0.00
30.20,28.30,11.30,0.00,0.00,0.00,0.00,0.00
31.70,28.00,11.30,0.00,0.00,0.00,0.00,0.00
27.90,26.60,10.30,0.00,0.00,0.00,0.00,0.00
29.70,27.70,11.00,0.00,0.00,0.00,0.00,0.00
29.20,28.00,10.60,0.00,0.00,0.00,0.00,0.00
30.00,28.00,12.00,0.00,0.00,0.00,0.00,0.00
27.60,26.60,10.60,0.00,0.00,0.00,0.00,0.00
32.00,29.00,11.30,0.00,0.00,0.00,0.00,0.00
28.60,26.90,10.90,0.00,0.00,0.00,0.00,0.00
28.70,27.40,10.30,0.00,0.00,0.00,0.00,0.00
28.90,26.90,10.90,0.00,0.00,0.00,0.00,0.00
22.30,21.00,24.00,0.00,0.00,0.00,0.00,0.00
0.00,0.00,0.00,0.00,0.00,0.00,0.00,0.00
0.00,0.00,0.00,0.00,0.00,0.00,0.00,0.00
0.00,0.00,0.00,0.00,0.00,0.00,0.00,0.00
0.00,0.00,0.00,0.00,0.00,0.00,0.00,0.00
0.00,0.00,0.00,0.00,0.00,0.00,0.00,0.00
0.00,0.00,0.00,0.00,0.00,0.00,0.00,0.00
0.00,0.00,0.00,0.00,0.00,0.00,0.00,0.00
