#io_context_pool,msgr-worker,fio,log,ceph_timer,ms_dispatch,safe_timer,taskfin_librbd
0.00,0.00,0.00,0.00,0.00,0.00,0.00,0.00
17.60,27.20,6.90,0.00,0.00,0.00,0.00,0.00
16.40,27.00,6.30,0.00,0.00,0.00,0.00,0.00
17.30,26.90,7.30,0.00,0.00,0.00,0.00,0.00
17.00,26.70,6.70,0.00,0.00,0.00,0.00,0.00
16.60,27.20,7.30,0.00,0.00,0.00,0.00,0.00
17.00,27.30,7.00,0.00,0.00,0.00,0.00,0.00
17.00,26.60,6.90,0.00,0.00,0.00,0.00,0.00
17.30,27.00,6.60,0.00,0.00,0.00,0.00,0.00
16.90,26.60,6.60,0.00,0.00,0.00,0.00,0.00
16.60,27.00,7.00,0.00,0.00,0.00,0.00,0.00
17.00,26.90,7.70,0.00,0.00,0.00,0.00,0.00
16.70,26.70,6.30,0.00,0.00,0.00,0.00,0.00
16.60,26.90,7.30,0.00,0.00,0.00,0.00,0.00
17.20,26.90,6.60,0.00,0.00,0.00,0.00,0.00
17.30,27.00,7.00,0.00,0.00,0.00,0.00,0.00
16.60,26.90,7.00,0.00,0.00,0.00,0.00,0.00
17.00,26.70,7.00,0.00,0.00,0.00,0.00,0.00
17.30,26.90,6.90,0.00,0.00,0.00,0.00,0.00
16.60,27.00,6.60,0.00,0.00,0.00,0.00,0.00
17.30,27.20,7.00,0.00,0.00,0.00,0.00,0.00
17.00,27.00,6.60,0.00,0.00,0.00,0.00,0.00
16.90,26.90,7.30,0.00,0.00,0.00,0.00,0.00
16.60,27.00,6.60,0.00,0.00,0.00,0.00,0.00
17.20,27.20,6.60,0.00,0.00,0.00,0.00,0.00
17.00,27.30,7.40,0.00,0.00,0.00,0.00,0.00
16.90,26.90,7.30,0.00,0.00,0.00,0.00,0.00
17.30,27.00,7.30,0.00,0.00,0.00,0.00,0.00
16.60,26.90,6.90,0.00,0.00,0.00,0.00,0.00
16.70,27.00,6.30,0.00,0.00,0.00,0.00,0.00
26.60,33.30,6.70,0.00,0.00,0.00,0.00,0.00
32.50,41.20,11.90,0.00,0.00,0.00,0.00,0.00
31.00,40.70,11.30,0.00,0.00,0.00,0.00,0.00
34.20,40.90,11.30,0.00,0.00,0.00,0.00,0.00
32.30,41.00,12.30,0.00,0.00,0.00,0.00,0.00
31.20,41.20,11.30,0.00,0.00,0.00,0.00,0.00
30.70,41.30,11.60,0.00,0.00,0.00,0.00,0.00
30.60,41.50,11.90,0.00,0.00,0.00,0.00,0.00
31.00,42.00,11.70,0.00,0.00,0.00,0.00,0.00
30.60,41.50,11.90,0.00,0.00,0.00,0.00,0.00
31.00,41.70,11.60,0.00,0.00,0.00,0.00,0.00
30.30,41.20,12.90,0.00,0.00,0.00,0.00,0.00
30.30,41.00,11.60,0.00,0.00,0.00,0.00,0.00
30.90,41.90,11.90,0.00,0.00,0.00,0.00,0.00
31.00,41.30,11.70,0.00,0.00,0.00,0.00,0.00
30.90,41.20,11.60,0.00,0.00,0.00,0.00,0.00
30.60,41.00,12.40,0.00,0.00,0.00,0.00,0.00
30.30,41.90,11.30,0.00,0.00,0.00,0.00,0.00
31.30,41.30,11.70,0.00,0.00,0.00,0.00,0.00
30.30,41.20,11.90,0.00,0.00,0.00,0.00,0.00
31.00,41.70,11.60,0.00,0.00,0.00,0.00,0.00
30.90,40.90,11.60,0.00,0.00,0.00,0.00,0.00
30.30,41.70,11.60,0.00,0.00,0.00,0.00,0.00
30.90,41.50,11.60,0.00,0.00,0.00,0.00,0.00
30.60,41.00,11.60,0.00,0.00,0.00,0.00,0.00
30.30,41.50,11.60,0.00,0.00,0.00,0.00,0.00
30.00,40.30,13.00,0.00,0.00,0.00,0.00,0.00
30.90,42.20,12.30,0.00,0.00,0.00,0.00,0.00
30.30,41.30,11.30,0.00,0.00,0.00,0.00,0.00
30.60,41.20,12.00,0.00,0.00,0.00,0.00,0.00
33.30,46.70,13.30,0.00,0.00,0.00,0.00,0.00
44.00,53.00,16.70,0.00,0.00,0.00,0.00,0.00
43.20,52.80,16.60,0.00,0.00,0.00,0.00,0.00
44.20,52.50,16.30,0.00,0.00,0.00,0.00,0.00
43.30,52.70,16.60,0.00,0.00,0.00,0.00,0.00
43.90,52.50,18.00,0.00,0.00,0.00,0.00,0.00
44.00,52.30,16.00,0.00,0.00,0.00,0.00,0.00
44.20,53.20,16.60,0.00,0.00,0.00,0.00,0.00
43.70,53.00,17.00,0.00,0.00,0.00,0.00,0.00
43.80,52.50,16.20,0.00,0.00,0.00,0.00,0.00
44.30,53.30,16.70,0.00,0.00,0.00,0.00,0.00
43.50,52.50,15.90,0.00,0.00,0.00,0.00,0.00
43.70,52.70,16.60,0.00,0.00,0.00,0.00,0.00
44.30,53.30,16.60,0.00,0.00,0.00,0.00,0.00
43.20,52.20,18.20,0.00,0.00,0.00,0.00,0.00
45.00,53.70,17.00,0.00,0.00,0.00,0.00,0.00
43.50,52.80,16.60,0.00,0.00,0.00,0.00,0.00
44.00,52.70,17.00,0.00,0.00,0.00,0.00,0.00
43.50,52.80,16.60,0.00,0.00,0.00,0.00,0.00
43.30,52.30,16.00,0.00,0.00,0.00,0.00,0.00
44.20,53.20,16.90,0.00,0.00,0.00,0.00,0.00
44.00,53.00,16.60,0.00,0.00,0.00,0.00,0.00
44.20,53.20,16.90,0.00,0.00,0.00,0.00,0.00
44.00,52.70,16.30,0.00,0.00,0.00,0.00,0.00
45.20,54.80,15.30,0.00,0.00,0.00,0.00,0.00
44.30,53.00,16.30,0.00,0.00,0.00,0.00,0.00
44.20,52.80,17.30,0.00,0.00,0.00,0.00,0.00
44.00,53.30,16.70,0.00,0.00,0.00,0.00,0.00
43.20,52.50,16.90,0.00,0.00,0.00,0.00,0.00
43.40,52.30,16.00,0.00,0.00,0.00,0.00,0.00
40.00,46.70,13.30,0.00,0.00,0.00,0.00,0.00
58.00,54.00,19.30,0.00,0.00,0.00,0.00,0.00
60.10,53.50,18.90,0.00,0.00,0.00,0.00,0.00
61.00,53.70,19.30,0.00,0.00,0.00,0.00,0.00
60.50,53.20,18.20,0.00,0.00,0.00,0.00,0.00
59.70,53.30,18.30,0.00,0.00,0.00,0.00,0.00
61.40,53.50,19.30,0.00,0.00,0.00,0.00,0.00
60.00,53.30,18.00,0.00,0.00,0.00,0.00,0.00
59.10,52.80,17.90,0.00,0.00,0.00,0.00,0.00
61.00,53.00,18.60,0.00,0.00,0.00,0.00,0.00
59.80,52.80,19.90,0.00,0.00,0.00,0.00,0.00
60.30,53.00,18.30,0.00,0.00,0.00,0.00,0.00
60.20,53.20,18.60,0.00,0.00,0.00,0.00,0.00
61.70,54.00,19.00,0.00,0.00,0.00,0.00,0.00
60.50,53.20,18.60,0.00,0.00,0.00,0.00,0.00
61.30,54.00,19.00,0.00,0.00,0.00,0.00,0.00
59.80,53.20,18.60,0.00,0.00,0.00,0.00,0.00
60.70,53.70,18.60,0.00,0.00,0.00,0.00,0.00
60.50,53.50,18.60,0.00,0.00,0.00,0.00,0.00
60.30,52.70,18.30,0.00,0.00,0.00,0.00,0.00
60.80,53.80,18.90,0.00,0.00,0.00,0.00,0.00
61.00,53.30,18.30,0.00,0.00,0.00,0.00,0.00
60.10,53.20,19.30,0.00,0.00,0.00,0.00,0.00
60.30,53.00,19.30,0.00,0.00,0.00,0.00,0.00
60.50,53.50,18.30,0.00,0.00,0.00,0.00,0.00
60.70,53.70,19.30,0.00,0.00,0.00,0.00,0.00
60.80,53.50,18.60,0.00,0.00,0.00,0.00,0.00
60.40,53.70,18.30,0.00,0.00,0.00,0.00,0.00
59.80,52.80,18.20,0.00,0.00,0.00,0.00,0.00
60.40,53.70,18.30,0.00,0.00,0.00,0.00,0.00
53.30,53.30,20.00,0.00,0.00,0.00,0.00,0.00
65.70,57.70,23.60,0.00,0.00,0.00,0.00,0.00
63.80,56.80,23.20,0.00,0.00,0.00,0.00,0.00
65.70,58.30,23.00,0.00,0.00,0.00,0.00,0.00
64.40,57.10,22.90,0.00,0.00,0.00,0.00,0.00
65.40,58.30,23.60,0.00,0.00,0.00,0.00,0.00
64.40,57.10,22.60,0.00,0.00,0.00,0.00,0.00
64.60,57.00,23.00,0.00,0.00,0.00,0.00,0.00
62.10,55.50,23.60,0.00,0.00,0.00,0.00,0.00
65.00,57.70,23.40,0.00,0.00,0.00,0.00,0.00
65.50,57.80,22.90,0.00,0.00,0.00,0.00,0.00
65.00,57.70,23.30,0.00,0.00,0.00,0.00,0.00
65.50,57.80,22.90,0.00,0.00,0.00,0.00,0.00
65.70,58.00,24.00,0.00,0.00,0.00,0.00,0.00
65.20,57.50,22.90,0.00,0.00,0.00,0.00,0.00
66.00,58.00,23.60,0.00,0.00,0.00,0.00,0.00
64.80,57.10,22.90,0.00,0.00,0.00,0.00,0.00
65.00,57.70,23.00,0.00,0.00,0.00,0.00,0.00
65.20,57.80,23.20,0.00,0.00,0.00,0.00,0.00
64.30,56.70,24.00,0.00,0.00,0.00,0.00,0.00
64.80,57.50,23.20,0.00,0.00,0.00,0.00,0.00
64.60,57.70,22.70,0.00,0.00,0.00,0.00,0.00
65.80,58.10,23.90,0.00,0.00,0.00,0.00,0.00
64.60,57.30,23.30,0.00,0.00,0.00,0.00,0.00
64.40,57.50,22.90,0.00,0.00,0.00,0.00,0.00
65.40,58.00,23.00,0.00,0.00,0.00,0.00,0.00
64.80,57.50,23.60,0.00,0.00,0.00,0.00,0.00
65.00,57.70,22.70,0.00,0.00,0.00,0.00,0.00
64.80,57.50,23.20,0.00,0.00,0.00,0.00,0.00
64.70,57.30,22.70,0.00,0.00,0.00,0.00,0.00
53.40,46.70,26.70,0.00,0.00,0.00,0.00,0.00
66.80,55.50,23.90,0.00,0.00,0.00,0.00,0.00
65.20,54.50,23.60,0.00,0.00,0.00,0.00,0.00
68.30,56.70,24.30,0.00,0.00,0.00,0.00,0.00
67.20,55.80,23.60,0.00,0.00,0.00,0.00,0.00
67.70,56.00,24.70,0.00,0.00,0.00,0.00,0.00
66.40,55.50,23.60,0.00,0.00,0.00,0.00,0.00
66.60,55.00,23.60,0.00,0.00,0.00,0.00,0.00
67.20,55.80,25.20,0.00,0.00,0.00,0.00,0.00
66.60,55.30,24.00,0.00,0.00,0.00,0.00,0.00
67.20,55.80,23.90,0.00,0.00,0.00,0.00,0.00
67.40,56.00,24.00,0.00,0.00,0.00,0.00,0.00
67.20,55.80,23.90,0.00,0.00,0.00,0.00,0.00
67.40,56.30,24.30,0.00,0.00,0.00,0.00,0.00
66.80,55.50,23.30,0.00,0.00,0.00,0.00,0.00
67.70,56.00,24.00,0.00,0.00,0.00,0.00,0.00
67.20,55.80,24.00,0.00,0.00,0.00,0.00,0.00
67.00,56.00,23.70,0.00,0.00,0.00,0.00,0.00
67.20,55.80,24.20,0.00,0.00,0.00,0.00,0.00
66.30,55.30,25.00,0.00,0.00,0.00,0.00,0.00
67.50,56.10,24.20,0.00,0.00,0.00,0.00,0.00
66.60,55.70,23.60,0.00,0.00,0.00,0.00,0.00
68.40,56.10,23.90,0.00,0.00,0.00,0.00,0.00
67.40,56.00,24.00,0.00,0.00,0.00,0.00,0.00
67.20,55.50,23.90,0.00,0.00,0.00,0.00,0.00
67.40,56.00,24.30,0.00,0.00,0.00,0.00,0.00
67.50,56.10,23.60,0.00,0.00,0.00,0.00,0.00
67.40,56.00,23.60,0.00,0.00,0.00,0.00,0.00
67.20,55.80,23.90,0.00,0.00,0.00,0.00,0.00
67.00,56.00,24.00,0.00,0.00,0.00,0.00,0.00
46.70,46.70,13.30,0.00,0.00,0.00,0.00,0.00
67.20,53.20,24.50,0.00,0.00,0.00,0.00,0.00
65.00,52.70,24.70,0.00,0.00,0.00,0.00,0.00
58.40,54.80,29.50,0.00,0.00,0.00,0.00,0.00
60.00,55.00,28.30,0.00,0.00,0.00,0.00,0.00
67.50,53.50,24.20,0.00,0.00,0.00,0.00,0.00
67.40,53.70,24.00,0.00,0.00,0.00,0.00,0.00
65.80,52.20,25.60,0.00,0.00,0.00,0.00,0.00
68.00,54.00,24.30,0.00,0.00,0.00,0.00,0.00
66.80,53.50,24.20,0.00,0.00,0.00,0.00,0.00
67.00,53.30,23.70,0.00,0.00,0.00,0.00,0.00
67.20,52.80,24.20,0.00,0.00,0.00,0.00,0.00
66.60,53.70,24.00,0.00,0.00,0.00,0.00,0.00
66.80,53.20,24.60,0.00,0.00,0.00,0.00,0.00
67.40,54.00,24.60,0.00,0.00,0.00,0.00,0.00
68.40,53.50,24.30,0.00,0.00,0.00,0.00,0.00
66.60,52.70,24.00,0.00,0.00,0.00,0.00,0.00
66.80,52.80,24.90,0.00,0.00,0.00,0.00,0.00
66.60,53.70,24.70,0.00,0.00,0.00,0.00,0.00
67.20,52.80,23.90,0.00,0.00,0.00,0.00,0.00
67.40,54.30,24.00,0.00,0.00,0.00,0.00,0.00
66.40,52.50,24.30,0.00,0.00,0.00,0.00,0.00
67.40,53.70,24.00,0.00,0.00,0.00,0.00,0.00
66.80,53.20,23.90,0.00,0.00,0.00,0.00,0.00
67.00,53.30,24.00,0.00,0.00,0.00,0.00,0.00
67.50,54.20,24.50,0.00,0.00,0.00,0.00,0.00
66.60,52.70,24.00,0.00,0.00,0.00,0.00,0.00
67.50,53.80,24.20,0.00,0.00,0.00,0.00,0.00
66.00,52.30,25.00,0.00,0.00,0.00,0.00,0.00
66.10,52.80,23.90,0.00,0.00,0.00,0.00,0.00
66.60,53.30,20.00,0.00,0.00,0.00,0.00,0.00
68.60,53.00,25.30,0.00,0.00,0.00,0.00,0.00
68.40,53.20,24.90,0.00,0.00,0.00,0.00,0.00
70.00,54.00,24.70,0.00,0.00,0.00,0.00,0.00
68.40,53.20,24.90,0.00,0.00,0.00,0.00,0.00
68.60,53.00,24.30,0.00,0.00,0.00,0.00,0.00
68.40,52.50,25.90,0.00,0.00,0.00,0.00,0.00
68.60,53.70,24.60,0.00,0.00,0.00,0.00,0.00
69.50,53.80,24.60,0.00,0.00,0.00,0.00,0.00
69.70,54.00,24.60,0.00,0.00,0.00,0.00,0.00
69.20,53.20,24.60,0.00,0.00,0.00,0.00,0.00
70.30,54.00,25.00,0.00,0.00,0.00,0.00,0.00
68.80,53.50,24.60,0.00,0.00,0.00,0.00,0.00
70.00,54.00,24.70,0.00,0.00,0.00,0.00,0.00
69.20,53.20,25.20,0.00,0.00,0.00,0.00,0.00
69.20,53.50,24.20,0.00,0.00,0.00,0.00,0.00
68.00,52.30,25.90,0.00,0.00,0.00,0.00,0.00
68.80,53.20,24.30,0.00,0.00,0.00,0.00,0.00
69.00,54.00,24.60,0.00,0.00,0.00,0.00,0.00
68.10,52.80,24.60,0.00,0.00,0.00,0.00,0.00
69.70,53.70,25.00,0.00,0.00,0.00,0.00,0.00
69.80,53.50,24.60,0.00,0.00,0.00,0.00,0.00
69.00,53.70,24.60,0.00,0.00,0.00,0.00,0.00
68.80,52.80,24.60,0.00,0.00,0.00,0.00,0.00
69.00,53.70,24.60,0.00,0.00,0.00,0.00,0.00
68.80,53.20,24.30,0.00,0.00,0.00,0.00,0.00
67.00,52.30,25.60,0.00,0.00,0.00,0.00,0.00
68.80,53.20,24.90,0.00,0.00,0.00,0.00,0.00
68.60,53.70,25.00,0.00,0.00,0.00,0.00,0.00
68.40,53.20,23.90,0.00,0.00,0.00,0.00,0.00
50.00,43.80,18.80,0.00,0.00,0.00,0.00,0.00
72.30,53.30,26.30,0.00,0.00,0.00,0.00,0.00
72.40,53.50,24.30,0.00,0.00,0.00,0.00,0.00
73.40,54.30,25.60,0.00,0.00,0.00,0.00,0.00
72.40,53.50,24.60,0.00,0.00,0.00,0.00,0.00
72.30,53.30,25.30,0.00,0.00,0.00,0.00,0.00
70.40,52.20,25.50,0.00,0.00,0.00,0.00,0.00
72.30,53.30,25.60,0.00,0.00,0.00,0.00,0.00
73.00,54.20,25.20,0.00,0.00,0.00,0.00,0.00
72.00,53.70,25.30,0.00,0.00,0.00,0.00,0.00
72.40,54.20,25.50,0.00,0.00,0.00,0.00,0.00
72.30,53.70,25.60,0.00,0.00,0.00,0.00,0.00
71.70,53.80,24.60,0.00,0.00,0.00,0.00,0.00
73.00,54.30,25.60,0.00,0.00,0.00,0.00,0.00
71.40,52.80,24.60,0.00,0.00,0.00,0.00,0.00
73.00,52.30,25.00,0.00,0.00,0.00,0.00,0.00
70.10,52.20,26.20,0.00,0.00,0.00,0.00,0.00
73.00,54.00,24.70,0.00,0.00,0.00,0.00,0.00
72.70,53.80,25.80,0.00,0.00,0.00,0.00,0.00
72.00,53.70,25.00,0.00,0.00,0.00,0.00,0.00
72.10,53.50,25.90,0.00,0.00,0.00,0.00,0.00
71.70,53.30,25.00,0.00,0.00,0.00,0.00,0.00
72.10,53.80,25.50,0.00,0.00,0.00,0.00,0.00
71.40,53.70,25.00,0.00,0.00,0.00,0.00,0.00
71.80,53.20,25.20,0.00,0.00,0.00,0.00,0.00
70.00,52.30,26.30,0.00,0.00,0.00,0.00,0.00
70.70,53.50,24.90,0.00,0.00,0.00,0.00,0.00
72.60,53.70,26.00,0.00,0.00,0.00,0.00,0.00
71.00,53.50,24.90,0.00,0.00,0.00,0.00,0.00
71.40,53.00,25.30,0.00,0.00,0.00,0.00,0.00
56.20,43.80,12.50,0.00,0.00,0.00,0.00,0.00
74.30,55.00,26.70,0.00,0.00,0.00,0.00,0.00
73.70,54.20,26.30,0.00,0.00,0.00,0.00,0.00
74.30,54.70,26.30,0.00,0.00,0.00,0.00,0.00
73.80,53.80,25.50,0.00,0.00,0.00,0.00,0.00
73.00,53.30,27.00,0.00,0.00,0.00,0.00,0.00
73.40,53.80,25.90,0.00,0.00,0.00,0.00,0.00
74.00,54.30,26.00,0.00,0.00,0.00,0.00,0.00
74.10,54.50,25.90,0.00,0.00,0.00,0.00,0.00
73.70,53.70,26.00,0.00,0.00,0.00,0.00,0.00
74.40,54.50,25.60,0.00,0.00,0.00,0.00,0.00
74.00,54.30,26.40,0.00,0.00,0.00,0.00,0.00
73.00,53.80,25.50,0.00,0.00,0.00,0.00,0.00
73.70,54.30,26.00,0.00,0.00,0.00,0.00,0.00
72.70,53.20,26.90,0.00,0.00,0.00,0.00,0.00
74.00,54.00,26.00,0.00,0.00,0.00,0.00,0.00
73.00,53.50,25.90,0.00,0.00,0.00,0.00,0.00
74.00,54.30,25.60,0.00,0.00,0.00,0.00,0.00
74.40,54.50,26.50,0.00,0.00,0.00,0.00,0.00
74.00,54.30,25.70,0.00,0.00,0.00,0.00,0.00
74.40,54.80,26.50,0.00,0.00,0.00,0.00,0.00
73.40,53.80,25.20,0.00,0.00,0.00,0.00,0.00
73.40,54.00,26.00,0.00,0.00,0.00,0.00,0.00
72.70,53.20,26.90,0.00,0.00,0.00,0.00,0.00
73.40,54.00,26.00,0.00,0.00,0.00,0.00,0.00
73.80,54.50,26.20,0.00,0.00,0.00,0.00,0.00
74.60,54.00,26.70,0.00,0.00,0.00,0.00,0.00
74.40,54.80,25.90,0.00,0.00,0.00,0.00,0.00
74.30,54.30,26.00,0.00,0.00,0.00,0.00,0.00
73.80,54.50,25.90,0.00,0.00,0.00,0.00,0.00
