#msgr-worker,io_context_pool,fio,log,ceph_timer,ms_dispatch,safe_timer,taskfin_librbd
0.00,0.00,0.00,0.00,0.00,0.00,0.00,0.00
14.00,10.00,4.00,0.00,0.00,0.00,0.00,0.00
13.60,9.90,3.70,0.00,0.00,0.00,0.00,0.00
13.70,9.70,4.70,0.00,0.00,0.00,0.00,0.00
13.60,10.60,4.00,0.00,0.00,0.00,0.00,0.00
14.00,10.30,4.00,0.00,0.00,0.00,0.00,0.00
13.70,10.00,4.00,0.00,0.00,0.00,0.00,0.00
13.60,10.30,4.00,0.00,0.00,0.00,0.00,0.00
14.00,10.00,4.30,0.00,0.00,0.00,0.00,0.00
13.30,9.90,3.60,0.00,0.00,0.00,0.00,0.00
14.00,10.00,4.30,0.00,0.00,0.00,0.00,0.00
13.60,9.90,4.00,0.00,0.00,0.00,0.00,0.00
13.70,10.00,3.70,0.00,0.00,0.00,0.00,0.00
14.00,9.00,4.40,0.00,0.00,0.00,0.00,0.00
13.70,8.70,4.00,0.00,0.00,0.00,0.00,0.00
14.00,10.00,4.00,0.00,0.00,0.00,0.00,0.00
13.70,10.00,4.30,0.00,0.00,0.00,0.00,0.00
13.60,10.30,4.00,0.00,0.00,0.00,0.00,0.00
13.70,10.30,4.00,0.00,0.00,0.00,0.00,0.00
13.60,10.00,4.00,0.00,0.00,0.00,0.00,0.00
14.00,10.30,4.70,0.00,0.00,0.00,0.00,0.00
13.30,10.00,4.00,0.00,0.00,0.00,0.00,0.00
14.00,10.70,3.70,0.00,0.00,0.00,0.00,0.00
13.70,9.70,4.00,0.00,0.00,0.00,0.00,0.00
13.30,10.00,4.00,0.00,0.00,0.00,0.00,0.00
14.00,10.40,4.00,0.00,0.00,0.00,0.00,0.00
13.60,10.60,4.30,0.00,0.00,0.00,0.00,0.00
13.70,10.00,4.00,0.00,0.00,0.00,0.00,0.00
13.60,10.30,4.30,0.00,0.00,0.00,0.00,0.00
13.70,10.00,3.70,0.00,0.00,0.00,0.00,0.00
13.30,13.40,6.70,0.00,0.00,0.00,0.00,0.00
18.00,13.40,5.30,0.00,0.00,0.00,0.00,0.00
17.90,13.20,5.90,0.00,0.00,0.00,0.00,0.00
18.00,13.40,6.00,0.00,0.00,0.00,0.00,0.00
17.60,13.60,5.70,0.00,0.00,0.00,0.00,0.00
17.70,13.40,6.00,0.00,0.00,0.00,0.00,0.00
17.90,13.20,5.30,0.00,0.00,0.00,0.00,0.00
17.70,13.00,6.00,0.00,0.00,0.00,0.00,0.00
18.30,13.20,5.90,0.00,0.00,0.00,0.00,0.00
18.30,13.70,5.70,0.00,0.00,0.00,0.00,0.00
17.60,13.20,6.30,0.00,0.00,0.00,0.00,0.00
17.70,13.40,5.30,0.00,0.00,0.00,0.00,0.00
17.90,13.20,6.30,0.00,0.00,0.00,0.00,0.00
17.70,13.40,5.00,0.00,0.00,0.00,0.00,0.00
17.60,12.90,7.00,0.00,0.00,0.00,0.00,0.00
18.00,13.70,6.60,0.00,0.00,0.00,0.00,0.00
17.30,12.60,6.30,0.00,0.00,0.00,0.00,0.00
17.70,13.40,6.60,0.00,0.00,0.00,0.00,0.00
17.70,13.40,6.70,0.00,0.00,0.00,0.00,0.00
18.30,13.20,6.60,0.00,0.00,0.00,0.00,0.00
17.70,13.40,6.60,0.00,0.00,0.00,0.00,0.00
17.60,13.20,6.60,0.00,0.00,0.00,0.00,0.00
17.30,13.00,7.30,0.00,0.00,0.00,0.00,0.00
18.30,13.30,6.60,0.00,0.00,0.00,0.00,0.00
17.00,12.60,6.00,0.00,0.00,0.00,0.00,0.00
17.90,14.00,6.60,0.00,0.00,0.00,0.00,0.00
17.70,13.00,6.30,0.00,0.00,0.00,0.00,0.00
17.60,13.30,7.00,0.00,0.00,0.00,0.00,0.00
18.00,13.00,6.30,0.00,0.00,0.00,0.00,0.00
17.60,13.20,6.90,0.00,0.00,0.00,0.00,0.00
6.70,0.00,0.00,0.00,0.00,0.00,0.00,0.00
19.60,15.60,6.60,0.00,0.00,0.00,0.00,0.00
19.00,15.00,6.00,0.00,0.00,0.00,0.00,0.00
19.60,15.60,6.60,0.00,0.00,0.00,0.00,0.00
19.00,16.00,6.70,0.00,0.00,0.00,0.00,0.00
19.60,15.20,6.00,0.00,0.00,0.00,0.00,0.00
19.00,15.40,6.30,0.00,0.00,0.00,0.00,0.00
18.90,15.20,7.20,0.00,0.00,0.00,0.00,0.00
19.30,15.40,6.00,0.00,0.00,0.00,0.00,0.00
18.90,15.20,6.30,0.00,0.00,0.00,0.00,0.00
19.70,15.70,6.60,0.00,0.00,0.00,0.00,0.00
19.30,15.70,6.00,0.00,0.00,0.00,0.00,0.00
18.90,14.90,6.60,0.00,0.00,0.00,0.00,0.00
19.70,15.70,6.30,0.00,0.00,0.00,0.00,0.00
18.90,15.60,6.30,0.00,0.00,0.00,0.00,0.00
19.70,15.30,6.60,0.00,0.00,0.00,0.00,0.00
19.30,15.60,6.60,0.00,0.00,0.00,0.00,0.00
19.00,15.00,6.30,0.00,0.00,0.00,0.00,0.00
19.60,15.60,6.90,0.00,0.00,0.00,0.00,0.00
19.00,15.00,6.30,0.00,0.00,0.00,0.00,0.00
19.60,15.60,6.30,0.00,0.00,0.00,0.00,0.00
19.00,16.00,6.30,0.00,0.00,0.00,0.00,0.00
19.60,15.20,6.60,0.00,0.00,0.00,0.00,0.00
19.30,15.40,6.30,0.00,0.00,0.00,0.00,0.00
18.90,15.20,6.00,0.00,0.00,0.00,0.00,0.00
19.70,16.30,6.60,0.00,0.00,0.00,0.00,0.00
19.30,15.20,6.30,0.00,0.00,0.00,0.00,0.00
19.70,15.70,7.00,0.00,0.00,0.00,0.00,0.00
19.30,14.90,5.90,0.00,0.00,0.00,0.00,0.00
19.00,15.70,6.90,0.00,0.00,0.00,0.00,0.00
13.30,6.70,6.70,0.00,0.00,0.00,0.00,0.00
19.30,17.40,6.60,0.00,0.00,0.00,0.00,0.00
19.30,16.30,6.30,0.00,0.00,0.00,0.00,0.00
19.70,16.30,7.00,0.00,0.00,0.00,0.00,0.00
19.60,16.90,6.30,0.00,0.00,0.00,0.00,0.00
19.30,18.00,6.70,0.00,0.00,0.00,0.00,0.00
19.30,16.60,7.70,0.00,0.00,0.00,0.00,0.00
19.00,16.30,6.30,0.00,0.00,0.00,0.00,0.00
19.60,16.30,7.90,0.00,0.00,0.00,0.00,0.00
19.00,17.00,7.30,0.00,0.00,0.00,0.00,0.00
19.60,16.60,7.30,0.00,0.00,0.00,0.00,0.00
19.30,16.30,7.60,0.00,0.00,0.00,0.00,0.00
18.90,16.90,8.00,0.00,0.00,0.00,0.00,0.00
19.70,17.00,6.70,0.00,0.00,0.00,0.00,0.00
19.30,16.30,6.60,0.00,0.00,0.00,0.00,0.00
19.30,17.20,6.30,0.00,0.00,0.00,0.00,0.00
19.70,16.30,7.00,0.00,0.00,0.00,0.00,0.00
19.60,16.90,6.30,0.00,0.00,0.00,0.00,0.00
19.30,16.00,7.00,0.00,0.00,0.00,0.00,0.00
19.30,16.90,6.60,0.00,0.00,0.00,0.00,0.00
19.70,17.00,7.70,0.00,0.00,0.00,0.00,0.00
19.30,16.90,6.30,0.00,0.00,0.00,0.00,0.00
19.70,16.30,6.30,0.00,0.00,0.00,0.00,0.00
19.30,16.90,6.60,0.00,0.00,0.00,0.00,0.00
19.30,16.00,7.00,0.00,0.00,0.00,0.00,0.00
19.30,16.90,7.60,0.00,0.00,0.00,0.00,0.00
19.70,16.60,7.60,0.00,0.00,0.00,0.00,0.00
19.30,16.60,7.60,0.00,0.00,0.00,0.00,0.00
19.00,16.30,7.70,0.00,0.00,0.00,0.00,0.00
18.90,16.90,6.30,0.00,0.00,0.00,0.00,0.00
6.70,6.70,0.00,0.00,0.00,0.00,0.00,0.00
18.70,17.40,6.70,0.00,0.00,0.00,0.00,0.00
17.30,16.30,6.70,0.00,0.00,0.00,0.00,0.00
18.70,17.00,6.30,0.00,0.00,0.00,0.00,0.00
17.30,16.30,6.60,0.00,0.00,0.00,0.00,0.00
19.00,17.40,6.60,0.00,0.00,0.00,0.00,0.00
17.90,17.20,6.90,0.00,0.00,0.00,0.00,0.00
18.00,16.60,6.60,0.00,0.00,0.00,0.00,0.00
18.60,16.90,6.30,0.00,0.00,0.00,0.00,0.00
17.70,17.00,6.30,0.00,0.00,0.00,0.00,0.00
18.30,16.90,6.90,0.00,0.00,0.00,0.00,0.00
18.30,17.00,6.30,0.00,0.00,0.00,0.00,0.00
18.30,16.60,6.70,0.00,0.00,0.00,0.00,0.00
18.00,17.00,6.30,0.00,0.00,0.00,0.00,0.00
17.60,16.60,6.30,0.00,0.00,0.00,0.00,0.00
18.70,17.00,7.00,0.00,0.00,0.00,0.00,0.00
17.60,16.90,6.30,0.00,0.00,0.00,0.00,0.00
18.70,17.00,7.00,0.00,0.00,0.00,0.00,0.00
17.90,16.90,6.30,0.00,0.00,0.00,0.00,0.00
18.00,17.00,6.90,0.00,0.00,0.00,0.00,0.00
18.30,16.60,6.30,0.00,0.00,0.00,0.00,0.00
18.00,17.00,6.30,0.00,0.00,0.00,0.00,0.00
18.60,17.60,6.90,0.00,0.00,0.00,0.00,0.00
17.70,16.00,6.00,0.00,0.00,0.00,0.00,0.00
17.30,16.60,6.90,0.00,0.00,0.00,0.00,0.00
17.90,16.90,6.30,0.00,0.00,0.00,0.00,0.00
17.30,16.00,6.30,0.00,0.00,0.00,0.00,0.00
18.60,17.20,6.30,0.00,0.00,0.00,0.00,0.00
17.70,16.60,6.60,0.00,0.00,0.00,0.00,0.00
18.30,16.90,6.60,0.00,0.00,0.00,0.00,0.00
13.30,0.00,6.70,0.00,0.00,0.00,0.00,0.00
16.60,16.30,5.60,0.00,0.00,0.00,0.00,0.00
15.70,15.70,6.30,0.00,0.00,0.00,0.00,0.00
16.60,16.60,5.90,0.00,0.00,0.00,0.00,0.00
16.30,15.70,6.30,0.00,0.00,0.00,0.00,0.00
16.90,16.90,6.30,0.00,0.00,0.00,0.00,0.00
15.70,15.00,5.30,0.00,0.00,0.00,0.00,0.00
16.30,16.30,7.00,0.00,0.00,0.00,0.00,0.00
16.00,15.70,5.70,0.00,0.00,0.00,0.00,0.00
15.90,16.00,5.90,0.00,0.00,0.00,0.00,0.00
17.00,16.30,6.60,0.00,0.00,0.00,0.00,0.00
16.30,16.30,5.90,0.00,0.00,0.00,0.00,0.00
16.30,16.00,6.00,0.00,0.00,0.00,0.00,0.00
16.30,16.00,5.90,0.00,0.00,0.00,0.00,0.00
15.70,15.70,6.00,0.00,0.00,0.00,0.00,0.00
16.60,16.00,5.60,0.00,0.00,0.00,0.00,0.00
15.70,15.40,6.30,0.00,0.00,0.00,0.00,0.00
16.60,16.00,6.00,0.00,0.00,0.00,0.00,0.00
16.00,16.30,6.40,0.00,0.00,0.00,0.00,0.00
15.30,14.30,6.20,0.00,0.00,0.00,0.00,0.00
16.30,16.30,5.70,0.00,0.00,0.00,0.00,0.00
16.30,16.30,6.30,0.00,0.00,0.00,0.00,0.00
16.00,15.40,5.70,0.00,0.00,0.00,0.00,0.00
16.30,16.30,6.30,0.00,0.00,0.00,0.00,0.00
15.70,15.70,5.70,0.00,0.00,0.00,0.00,0.00
15.90,16.00,6.20,0.00,0.00,0.00,0.00,0.00
16.00,15.40,6.00,0.00,0.00,0.00,0.00,0.00
16.30,16.00,6.30,0.00,0.00,0.00,0.00,0.00
15.70,16.00,5.60,0.00,0.00,0.00,0.00,0.00
15.90,14.60,6.30,0.00,0.00,0.00,0.00,0.00
13.30,6.70,0.00,0.00,0.00,0.00,0.00,0.00
15.30,14.30,5.30,0.00,0.00,0.00,0.00,0.00
15.90,15.60,6.30,0.00,0.00,0.00,0.00,0.00
16.00,15.70,6.00,0.00,0.00,0.00,0.00,0.00
15.60,14.90,5.60,0.00,0.00,0.00,0.00,0.00
15.70,15.40,5.70,0.00,0.00,0.00,0.00,0.00
14.60,14.60,6.00,0.00,0.00,0.00,0.00,0.00
16.30,15.40,5.70,0.00,0.00,0.00,0.00,0.00
15.60,14.90,6.20,0.00,0.00,0.00,0.00,0.00
15.30,14.60,6.00,0.00,0.00,0.00,0.00,0.00
16.30,15.20,5.60,0.00,0.00,0.00,0.00,0.00
15.30,15.00,6.00,0.00,0.00,0.00,0.00,0.00
15.70,15.40,5.70,0.00,0.00,0.00,0.00,0.00
15.90,14.90,5.30,0.00,0.00,0.00,0.00,0.00
16.30,15.70,6.40,0.00,0.00,0.00,0.00,0.00
15.90,15.60,5.60,0.00,0.00,0.00,0.00,0.00
15.70,15.00,6.00,0.00,0.00,0.00,0.00,0.00
15.60,14.90,5.60,0.00,0.00,0.00,0.00,0.00
15.30,15.40,6.60,0.00,0.00,0.00,0.00,0.00
15.60,15.20,5.60,0.00,0.00,0.00,0.00,0.00
15.70,15.40,6.30,0.00,0.00,0.00,0.00,0.00
15.30,14.90,5.70,0.00,0.00,0.00,0.00,0.00
16.00,15.00,6.00,0.00,0.00,0.00,0.00,0.00
15.90,15.20,5.60,0.00,0.00,0.00,0.00,0.00
16.00,16.00,6.00,0.00,0.00,0.00,0.00,0.00
15.90,15.20,5.90,0.00,0.00,0.00,0.00,0.00
15.70,15.00,5.60,0.00,0.00,0.00,0.00,0.00
15.00,14.30,6.20,0.00,0.00,0.00,0.00,0.00
15.70,15.70,5.60,0.00,0.00,0.00,0.00,0.00
15.90,14.90,5.60,0.00,0.00,0.00,0.00,0.00
6.70,6.70,0.00,0.00,0.00,0.00,0.00,0.00
15.00,18.00,6.00,0.00,0.00,0.00,0.00,0.00
15.30,16.20,5.60,0.00,0.00,0.00,0.00,0.00
16.00,17.60,6.00,0.00,0.00,0.00,0.00,0.00
15.90,16.00,5.60,0.00,0.00,0.00,0.00,0.00
15.30,14.60,5.60,0.00,0.00,0.00,0.00,0.00
15.00,15.60,5.90,0.00,0.00,0.00,0.00,0.00
15.30,15.70,6.30,0.00,0.00,0.00,0.00,0.00
15.60,17.60,5.30,0.00,0.00,0.00,0.00,0.00
15.30,17.70,6.00,0.00,0.00,0.00,0.00,0.00
16.00,18.40,6.00,0.00,0.00,0.00,0.00,0.00
15.00,17.30,5.60,0.00,0.00,0.00,0.00,0.00
15.70,17.60,5.30,0.00,0.00,0.00,0.00,0.00
15.30,17.60,5.60,0.00,0.00,0.00,0.00,0.00
15.70,18.00,5.60,0.00,0.00,0.00,0.00,0.00
15.90,17.90,6.00,0.00,0.00,0.00,0.00,0.00
15.70,18.00,5.60,0.00,0.00,0.00,0.00,0.00
15.90,17.90,6.20,0.00,0.00,0.00,0.00,0.00
15.30,16.70,6.00,0.00,0.00,0.00,0.00,0.00
14.60,18.20,5.60,0.00,0.00,0.00,0.00,0.00
15.70,17.00,5.30,0.00,0.00,0.00,0.00,0.00
15.30,17.60,5.90,0.00,0.00,0.00,0.00,0.00
15.30,17.60,5.30,0.00,0.00,0.00,0.00,0.00
15.90,17.90,6.30,0.00,0.00,0.00,0.00,0.00
15.00,17.60,5.60,0.00,0.00,0.00,0.00,0.00
16.30,18.00,5.30,0.00,0.00,0.00,0.00,0.00
15.60,17.90,6.60,0.00,0.00,0.00,0.00,0.00
15.30,17.00,5.90,0.00,0.00,0.00,0.00,0.00
15.30,17.30,5.30,0.00,0.00,0.00,0.00,0.00
15.30,17.30,6.00,0.00,0.00,0.00,0.00,0.00
13.30,13.40,13.30,0.00,0.00,0.00,0.00,0.00
15.30,15.40,5.60,0.00,0.00,0.00,0.00,0.00
15.00,14.90,5.90,0.00,0.00,0.00,0.00,0.00
15.00,15.70,5.70,0.00,0.00,0.00,0.00,0.00
14.30,14.30,5.60,0.00,0.00,0.00,0.00,0.00
15.30,15.40,5.60,0.00,0.00,0.00,0.00,0.00
14.60,14.60,5.90,0.00,0.00,0.00,0.00,0.00
14.70,14.60,5.60,0.00,0.00,0.00,0.00,0.00
14.60,14.90,5.60,0.00,0.00,0.00,0.00,0.00
15.30,15.00,5.60,0.00,0.00,0.00,0.00,0.00
15.30,15.20,5.60,0.00,0.00,0.00,0.00,0.00
15.30,15.40,6.30,0.00,0.00,0.00,0.00,0.00
15.00,14.60,5.30,0.00,0.00,0.00,0.00,0.00
15.70,15.40,6.00,0.00,0.00,0.00,0.00,0.00
15.60,14.90,5.60,0.00,0.00,0.00,0.00,0.00
14.70,14.60,5.60,0.00,0.00,0.00,0.00,0.00
15.60,15.30,5.30,0.00,0.00,0.00,0.00,0.00
15.30,15.40,6.30,0.00,0.00,0.00,0.00,0.00
14.60,14.60,6.00,0.00,0.00,0.00,0.00,0.00
15.00,14.60,5.70,0.00,0.00,0.00,0.00,0.00
15.00,15.00,6.00,0.00,0.00,0.00,0.00,0.00
15.60,15.20,5.60,0.00,0.00,0.00,0.00,0.00
16.30,15.40,5.60,0.00,0.00,0.00,0.00,0.00
14.60,14.30,5.90,0.00,0.00,0.00,0.00,0.00
15.30,14.60,5.60,0.00,0.00,0.00,0.00,0.00
15.90,15.60,5.60,0.00,0.00,0.00,0.00,0.00
15.00,14.30,5.60,0.00,0.00,0.00,0.00,0.00
15.00,14.90,5.90,0.00,0.00,0.00,0.00,0.00
15.30,15.40,5.60,0.00,0.00,0.00,0.00,0.00
15.30,15.20,6.00,0.00,0.00,0.00,0.00,0.00
13.30,6.70,0.00,0.00,0.00,0.00,0.00,0.00
15.00,14.60,6.00,0.00,0.00,0.00,0.00,0.00
14.60,14.60,5.60,0.00,0.00,0.00,0.00,0.00
16.00,16.00,5.60,0.00,0.00,0.00,0.00,0.00
15.30,14.60,5.90,0.00,0.00,0.00,0.00,0.00
14.30,14.30,5.90,0.00,0.00,0.00,0.00,0.00
15.30,14.90,5.30,0.00,0.00,0.00,0.00,0.00
14.00,14.30,5.30,0.00,0.00,0.00,0.00,0.00
15.30,14.60,6.30,0.00,0.00,0.00,0.00,0.00
13.70,14.00,5.30,0.00,0.00,0.00,0.00,0.00
15.60,15.20,5.60,0.00,0.00,0.00,0.00,0.00
14.70,14.60,6.00,0.00,0.00,0.00,0.00,0.00
15.30,15.20,5.30,0.00,0.00,0.00,0.00,0.00
15.00,15.40,6.30,0.00,0.00,0.00,0.00,0.00
15.30,14.90,5.60,0.00,0.00,0.00,0.00,0.00
15.70,16.00,5.70,0.00,0.00,0.00,0.00,0.00
15.00,14.90,6.20,0.00,0.00,0.00,0.00,0.00
15.00,14.30,5.60,0.00,0.00,0.00,0.00,0.00
14.60,14.90,5.60,0.00,0.00,0.00,0.00,0.00
14.70,14.60,6.00,0.00,0.00,0.00,0.00,0.00
15.90,15.60,5.60,0.00,0.00,0.00,0.00,0.00
14.30,14.00,5.60,0.00,0.00,0.00,0.00,0.00
15.00,14.60,6.00,0.00,0.00,0.00,0.00,0.00
14.60,14.30,5.60,0.00,0.00,0.00,0.00,0.00
15.00,15.40,6.00,0.00,0.00,0.00,0.00,0.00
15.60,14.60,5.60,0.00,0.00,0.00,0.00,0.00
14.70,14.30,5.90,0.00,0.00,0.00,0.00,0.00
15.60,15.30,5.30,0.00,0.00,0.00,0.00,0.00
15.00,14.30,6.00,0.00,0.00,0.00,0.00,0.00
15.00,15.20,5.60,0.00,0.00,0.00,0.00,0.00
6.70,13.40,0.00,0.00,0.00,0.00,0.00,0.00
15.00,17.30,5.90,0.00,0.00,0.00,0.00,0.00
15.70,17.00,5.30,0.00,0.00,0.00,0.00,0.00
15.90,16.90,5.90,0.00,0.00,0.00,0.00,0.00
14.30,14.30,5.30,0.00,0.00,0.00,0.00,0.00
14.30,14.60,5.70,0.00,0.00,0.00,0.00,0.00
15.30,14.30,6.00,0.00,0.00,0.00,0.00,0.00
15.00,17.00,5.60,0.00,0.00,0.00,0.00,0.00
15.60,17.30,5.90,0.00,0.00,0.00,0.00,0.00
14.70,16.40,5.60,0.00,0.00,0.00,0.00,0.00
15.00,17.30,5.60,0.00,0.00,0.00,0.00,0.00
15.00,17.00,5.30,0.00,0.00,0.00,0.00,0.00
14.60,16.60,5.60,0.00,0.00,0.00,0.00,0.00
15.70,16.70,6.00,0.00,0.00,0.00,0.00,0.00
15.00,17.00,5.60,0.00,0.00,0.00,0.00,0.00
14.30,17.30,5.30,0.00,0.00,0.00,0.00,0.00
15.60,17.30,6.20,0.00,0.00,0.00,0.00,0.00
16.00,18.00,6.00,0.00,0.00,0.00,0.00,0.00
15.00,16.60,5.60,0.00,0.00,0.00,0.00,0.00
15.00,17.30,6.00,0.00,0.00,0.00,0.00,0.00
15.00,16.60,5.30,0.00,0.00,0.00,0.00,0.00
14.70,16.70,5.60,0.00,0.00,0.00,0.00,0.00
15.90,17.60,5.60,0.00,0.00,0.00,0.00,0.00
15.00,16.40,6.00,0.00,0.00,0.00,0.00,0.00
15.00,16.60,5.00,0.00,0.00,0.00,0.00,0.00
15.70,18.40,6.30,0.00,0.00,0.00,0.00,0.00
15.00,17.00,5.90,0.00,0.00,0.00,0.00,0.00
15.70,17.70,5.60,0.00,0.00,0.00,0.00,0.00
14.00,16.60,5.90,0.00,0.00,0.00,0.00,0.00
15.30,17.00,5.00,0.00,0.00,0.00,0.00,0.00
13.30,13.40,6.70,0.00,0.00,0.00,0.00,0.00
14.60,14.30,5.60,0.00,0.00,0.00,0.00,0.00
14.70,14.00,5.30,0.00,0.00,0.00,0.00,0.00
14.60,14.60,5.90,0.00,0.00,0.00,0.00,0.00
15.00,15.00,5.30,0.00,0.00,0.00,0.00,0.00
14.30,14.60,5.60,0.00,0.00,0.00,0.00,0.00
15.00,14.60,5.90,0.00,0.00,0.00,0.00,0.00
14.60,14.60,5.90,0.00,0.00,0.00,0.00,0.00
15.00,14.00,5.60,0.00,0.00,0.00,0.00,0.00
14.70,15.00,5.30,0.00,0.00,0.00,0.00,0.00
14.60,14.30,5.30,0.00,0.00,0.00,0.00,0.00
14.30,14.00,6.00,0.00,0.00,0.00,0.00,0.00
13.60,14.00,5.00,0.00,0.00,0.00,0.00,0.00
15.30,15.00,6.30,0.00,0.00,0.00,0.00,0.00
14.30,14.00,5.30,0.00,0.00,0.00,0.00,0.00
16.00,15.40,5.60,0.00,0.00,0.00,0.00,0.00
14.00,14.00,5.60,0.00,0.00,0.00,0.00,0.00
14.70,15.40,6.00,0.00,0.00,0.00,0.00,0.00
15.30,14.30,5.30,0.00,0.00,0.00,0.00,0.00
15.00,15.00,5.60,0.00,0.00,0.00,0.00,0.00
15.00,15.20,6.30,0.00,0.00,0.00,0.00,0.00
14.30,14.60,5.60,0.00,0.00,0.00,0.00,0.00
15.30,14.60,5.90,0.00,0.00,0.00,0.00,0.00
14.30,14.30,5.30,0.00,0.00,0.00,0.00,0.00
14.70,15.70,6.30,0.00,0.00,0.00,0.00,0.00
14.30,18.00,5.00,0.00,0.00,0.00,0.00,0.00
14.30,18.00,5.60,0.00,0.00,0.00,0.00,0.00
14.30,18.30,5.30,0.00,0.00,0.00,0.00,0.00
15.00,18.00,5.60,0.00,0.00,0.00,0.00,0.00
14.30,18.00,5.30,0.00,0.00,0.00,0.00,0.00
13.30,6.70,6.70,0.00,0.00,0.00,0.00,0.00
15.00,14.30,5.60,0.00,0.00,0.00,0.00,0.00
14.60,15.20,5.30,0.00,0.00,0.00,0.00,0.00
15.70,15.00,5.70,0.00,0.00,0.00,0.00,0.00
14.00,13.90,5.60,0.00,0.00,0.00,0.00,0.00
14.30,14.70,5.60,0.00,0.00,0.00,0.00,0.00
15.30,14.60,5.90,0.00,0.00,0.00,0.00,0.00
14.60,14.00,5.60,0.00,0.00,0.00,0.00,0.00
15.70,15.40,5.70,0.00,0.00,0.00,0.00,0.00
14.60,13.60,5.60,0.00,0.00,0.00,0.00,0.00
15.00,15.00,5.60,0.00,0.00,0.00,0.00,0.00
15.00,15.20,5.60,0.00,0.00,0.00,0.00,0.00
0.00,0.00,0.00,0.00,0.00,0.00,0.00,0.00
0.00,0.00,0.00,0.00,0.00,0.00,0.00,0.00
0.00,0.00,0.00,0.00,0.00,0.00,0.00,0.00
0.00,0.00,0.00,0.00,0.00,0.00,0.00,0.00
0.00,0.00,0.00,0.00,0.00,0.00,0.00,0.00
0.00,0.00,0.00,0.00,0.00,0.00,0.00,0.00
0.00,0.00,0.00,0.00,0.00,0.00,0.00,0.00
0.00,0.00,0.00,0.00,0.00,0.00,0.00,0.00
0.00,0.00,0.00,0.00,0.00,0.00,0.00,0.00
0.00,0.00,0.00,0.00,0.00,0.00,0.00,0.00
0.00,0.00,0.00,0.00,0.00,0.00,0.00,0.00
0.00,0.00,0.00,0.00,0.00,0.00,0.00,0.00
0.00,0.00,0.00,0.00,0.00,0.00,0.00,0.00
0.00,0.00,0.00,0.00,0.00,0.00,0.00,0.00
0.00,0.00,0.00,0.00,0.00,0.00,0.00,0.00
0.00,0.00,0.00,0.00,0.00,0.00,0.00,0.00
0.00,0.00,0.00,0.00,0.00,0.00,0.00,0.00
0.00,0.00,0.00,0.00,0.00,0.00,0.00,0.00
6.70,6.70,0.00,0.00,0.00,0.00,0.00,0.00
14.30,14.30,5.60,0.00,0.00,0.00,0.00,0.00
14.30,13.70,5.60,0.00,0.00,0.00,0.00,0.00
15.60,14.90,5.60,0.00,0.00,0.00,0.00,0.00
15.30,15.00,5.30,0.00,0.00,0.00,0.00,0.00
14.30,14.30,5.30,0.00,0.00,0.00,0.00,0.00
14.00,14.00,5.60,0.00,0.00,0.00,0.00,0.00
14.30,14.60,5.30,0.00,0.00,0.00,0.00,0.00
14.70,14.30,6.00,0.00,0.00,0.00,0.00,0.00
14.30,14.00,5.00,0.00,0.00,0.00,0.00,0.00
14.30,15.00,5.60,0.00,0.00,0.00,0.00,0.00
15.30,14.60,5.60,0.00,0.00,0.00,0.00,0.00
14.70,15.00,6.30,0.00,0.00,0.00,0.00,0.00
14.60,13.60,5.30,0.00,0.00,0.00,0.00,0.00
14.70,14.70,5.30,0.00,0.00,0.00,0.00,0.00
14.60,14.30,5.30,0.00,0.00,0.00,0.00,0.00
14.00,14.00,5.00,0.00,0.00,0.00,0.00,0.00
15.30,15.20,5.90,0.00,0.00,0.00,0.00,0.00
15.00,14.60,5.30,0.00,0.00,0.00,0.00,0.00
15.00,14.90,5.60,0.00,0.00,0.00,0.00,0.00
14.70,14.30,6.00,0.00,0.00,0.00,0.00,0.00
14.30,14.60,5.30,0.00,0.00,0.00,0.00,0.00
15.00,14.00,6.00,0.00,0.00,0.00,0.00,0.00
14.00,14.30,4.70,0.00,0.00,0.00,0.00,0.00
0.00,0.00,0.00,0.00,0.00,0.00,0.00,0.00
0.00,0.00,0.00,0.00,0.00,0.00,0.00,0.00
0.00,0.00,0.00,0.00,0.00,0.00,0.00,0.00
0.00,0.00,0.00,0.00,0.00,0.00,0.00,0.00
0.00,0.00,0.00,0.00,0.00,0.00,0.00,0.00
0.00,0.00,0.00,0.00,0.00,0.00,0.00,0.00
0.00,0.00,0.00,0.00,0.00,0.00,0.00,0.00
0.00,0.00,0.00,0.00,0.00,0.00,0.00,0.00
0.00,0.00,0.00,0.00,0.00,0.00,0.00,0.00
0.00,0.00,0.00,0.00,0.00,0.00,0.00,0.00
0.00,0.00,0.00,0.00,0.00,0.00,0.00,0.00
0.00,0.00,0.00,0.00,0.00,0.00,0.00,0.00
0.00,0.00,0.00,0.00,0.00,0.00,0.00,0.00
0.00,0.00,0.00,0.00,0.00,0.00,0.00,0.00
0.00,0.00,0.00,0.00,0.00,0.00,0.00,0.00
0.00,0.00,0.00,0.00,0.00,0.00,0.00,0.00
0.00,0.00,0.00,0.00,0.00,0.00,0.00,0.00
0.00,0.00,0.00,0.00,0.00,0.00,0.00,0.00
0.00,0.00,0.00,0.00,0.00,0.00,0.00,0.00
0.00,0.00,0.00,0.00,0.00,0.00,0.00,0.00
0.00,0.00,0.00,0.00,0.00,0.00,0.00,0.00
0.00,0.00,0.00,0.00,0.00,0.00,0.00,0.00
0.00,0.00,0.00,0.00,0.00,0.00,0.00,0.00
0.00,0.00,0.00,0.00,0.00,0.00,0.00,0.00
0.00,0.00,0.00,0.00,0.00,0.00,0.00,0.00
0.00,0.00,0.00,0.00,0.00,0.00,0.00,0.00
0.00,0.00,0.00,0.00,0.00,0.00,0.00,0.00
0.00,0.00,0.00,0.00,0.00,0.00,0.00,0.00
0.00,0.00,0.00,0.00,0.00,0.00,0.00,0.00
0.00,0.00,0.00,0.00,0.00,0.00,0.00,0.00
0.00,0.00,0.00,0.00,0.00,0.00,0.00,0.00
0.00,0.00,0.00,0.00,0.00,0.00,0.00,0.00
0.00,0.00,0.00,0.00,0.00,0.00,0.00,0.00
0.00,0.00,0.00,0.00,0.00,0.00,0.00,0.00
0.00,0.00,0.00,0.00,0.00,0.00,0.00,0.00
0.00,0.00,0.00,0.00,0.00,0.00,0.00,0.00
0.00,0.00,0.00,0.00,0.00,0.00,0.00,0.00
15.30,15.00,5.70,0.00,0.00,0.00,0.00,0.00
14.60,14.30,5.30,0.00,0.00,0.00,0.00,0.00
13.30,13.40,5.60,0.00,0.00,0.00,0.00,0.00
14.30,14.60,5.30,0.00,0.00,0.00,0.00,0.00
14.30,14.00,5.60,0.00,0.00,0.00,0.00,0.00
14.00,14.00,5.30,0.00,0.00,0.00,0.00,0.00
14.30,14.00,5.30,0.00,0.00,0.00,0.00,0.00
15.00,14.30,5.60,0.00,0.00,0.00,0.00,0.00
14.30,13.90,5.60,0.00,0.00,0.00,0.00,0.00
14.00,14.30,5.30,0.00,0.00,0.00,0.00,0.00
14.30,13.20,5.60,0.00,0.00,0.00,0.00,0.00
14.30,14.60,5.90,0.00,0.00,0.00,0.00,0.00
14.60,14.90,5.60,0.00,0.00,0.00,0.00,0.00
14.00,13.70,5.30,0.00,0.00,0.00,0.00,0.00
14.60,14.30,5.30,0.00,0.00,0.00,0.00,0.00
14.00,13.70,5.30,0.00,0.00,0.00,0.00,0.00
0.00,0.00,0.00,0.00,0.00,0.00,0.00,0.00
0.00,0.00,0.00,0.00,0.00,0.00,0.00,0.00
0.00,0.00,0.00,0.00,0.00,0.00,0.00,0.00
0.00,0.00,0.00,0.00,0.00,0.00,0.00,0.00
0.00,0.00,0.00,0.00,0.00,0.00,0.00,0.00
0.00,0.00,0.00,0.00,0.00,0.00,0.00,0.00
0.00,0.00,0.00,0.00,0.00,0.00,0.00,0.00
0.00,0.00,0.00,0.00,0.00,0.00,0.00,0.00
0.00,0.00,0.00,0.00,0.00,0.00,0.00,0.00
0.00,0.00,0.00,0.00,0.00,0.00,0.00,0.00
0.00,0.00,0.00,0.00,0.00,0.00,0.00,0.00
0.00,0.00,0.00,0.00,0.00,0.00,0.00,0.00
0.00,0.00,0.00,0.00,0.00,0.00,0.00,0.00
13.30,13.40,13.30,0.00,0.00,0.00,0.00,0.00
0.00,0.00,0.00,0.00,0.00,0.00,0.00,0.00
0.00,0.00,0.00,0.00,0.00,0.00,0.00,0.00
0.00,0.00,0.00,0.00,0.00,0.00,0.00,0.00
0.00,0.00,0.00,0.00,0.00,0.00,0.00,0.00
0.00,0.00,0.00,0.00,0.00,0.00,0.00,0.00
0.00,0.00,0.00,0.00,0.00,0.00,0.00,0.00
0.00,0.00,0.00,0.00,0.00,0.00,0.00,0.00
0.00,0.00,0.00,0.00,0.00,0.00,0.00,0.00
0.00,0.00,0.00,0.00,0.00,0.00,0.00,0.00
0.00,0.00,0.00,0.00,0.00,0.00,0.00,0.00
0.00,0.00,0.00,0.00,0.00,0.00,0.00,0.00
0.00,0.00,0.00,0.00,0.00,0.00,0.00,0.00
0.00,0.00,0.00,0.00,0.00,0.00,0.00,0.00
0.00,0.00,0.00,0.00,0.00,0.00,0.00,0.00
0.00,0.00,0.00,0.00,0.00,0.00,0.00,0.00
0.00,0.00,0.00,0.00,0.00,0.00,0.00,0.00
0.00,0.00,0.00,0.00,0.00,0.00,0.00,0.00
0.00,0.00,0.00,0.00,0.00,0.00,0.00,0.00
0.00,0.00,0.00,0.00,0.00,0.00,0.00,0.00
0.00,0.00,0.00,0.00,0.00,0.00,0.00,0.00
0.00,0.00,0.00,0.00,0.00,0.00,0.00,0.00
0.00,0.00,0.00,0.00,0.00,0.00,0.00,0.00
0.00,0.00,0.00,0.00,0.00,0.00,0.00,0.00
0.00,0.00,0.00,0.00,0.00,0.00,0.00,0.00
0.00,0.00,0.00,0.00,0.00,0.00,0.00,0.00
0.00,0.00,0.00,0.00,0.00,0.00,0.00,0.00
0.00,0.00,0.00,0.00,0.00,0.00,0.00,0.00
0.00,0.00,0.00,0.00,0.00,0.00,0.00,0.00
0.00,0.00,0.00,0.00,0.00,0.00,0.00,0.00
