#msgr-worker,io_context_pool,fio,log,ceph_timer,ms_dispatch,safe_timer,taskfin_librbd
0.00,0.00,0.00,0.00,0.00,0.00,0.00,0.00
119.90,85.00,38.50,0.00,0.00,0.00,0.00,0.00
112.80,82.50,35.90,0.00,0.00,0.00,0.00,0.00
114.50,81.30,36.70,0.00,0.00,0.00,0.00,0.00
117.00,82.80,38.10,0.00,0.00,0.00,0.00,0.00
113.50,81.90,34.40,0.00,0.00,0.00,0.00,0.00
115.40,81.30,37.30,0.00,0.00,0.00,0.00,0.00
112.20,80.40,37.10,0.00,0.00,0.00,0.00,0.00
115.40,82.30,35.70,0.00,0.00,0.00,0.00,0.00
113.00,83.70,35.90,0.00,0.00,0.00,0.00,0.00
116.10,79.90,34.70,0.00,0.00,0.00,0.00,0.00
112.90,82.50,37.30,0.00,0.00,0.00,0.00,0.00
114.70,82.80,35.30,0.00,0.00,0.00,0.00,0.00
112.20,78.80,37.80,0.00,0.00,0.00,0.00,0.00
113.50,83.10,37.50,0.00,0.00,0.00,0.00,0.00
114.90,81.20,35.30,0.00,0.00,0.00,0.00,0.00
116.10,81.50,37.90,0.00,0.00,0.00,0.00,0.00
112.50,82.30,36.20,0.00,0.00,0.00,0.00,0.00
116.60,84.70,35.60,0.00,0.00,0.00,0.00,0.00
112.50,81.60,35.00,0.00,0.00,0.00,0.00,0.00
114.30,82.80,37.10,0.00,0.00,0.00,0.00,0.00
112.10,78.60,36.30,0.00,0.00,0.00,0.00,0.00
116.30,83.30,37.50,0.00,0.00,0.00,0.00,0.00
38.80,29.20,10.80,0.00,0.00,0.00,0.00,0.00
0.00,0.00,0.30,0.00,0.00,0.00,0.00,0.00
0.30,0.00,0.30,0.00,0.00,0.00,0.00,0.00
0.00,0.00,0.60,0.00,0.00,0.00,0.00,0.00
0.00,0.00,0.30,0.00,0.00,0.00,0.00,0.00
0.00,0.00,0.30,0.00,0.00,0.00,0.00,0.00
0.00,0.00,0.30,0.00,0.00,0.00,0.00,0.00
105.60,80.60,49.60,0.00,0.00,0.00,0.00,0.00
145.40,105.00,46.20,0.00,0.00,0.00,0.00,0.00
143.20,103.10,43.60,0.00,0.00,0.00,0.00,0.00
141.80,102.30,45.50,0.00,0.00,0.00,0.00,0.00
146.50,102.20,42.80,0.00,0.00,0.00,0.00,0.00
140.10,104.70,48.20,0.00,0.00,0.00,0.00,0.00
143.60,100.60,42.30,0.00,0.00,0.00,0.00,0.00
141.40,100.10,45.70,0.00,0.00,0.00,0.00,0.00
145.10,104.80,45.20,0.00,0.00,0.00,0.00,0.00
140.60,102.00,47.40,0.00,0.00,0.00,0.00,0.00
146.00,103.60,45.30,0.00,0.00,0.00,0.00,0.00
141.20,106.10,42.40,0.00,0.00,0.00,0.00,0.00
143.90,98.80,46.00,0.00,0.00,0.00,0.00,0.00
141.00,100.90,44.60,0.00,0.00,0.00,0.00,0.00
137.40,98.30,40.70,0.00,0.00,0.00,0.00,0.00
139.40,102.10,44.10,0.00,0.00,0.00,0.00,0.00
139.70,98.70,44.60,0.00,0.00,0.00,0.00,0.00
140.00,101.40,43.50,0.00,0.00,0.00,0.00,0.00
136.20,99.30,48.20,0.00,0.00,0.00,0.00,0.00
136.90,96.70,40.80,0.00,0.00,0.00,0.00,0.00
137.90,98.20,43.30,0.00,0.00,0.00,0.00,0.00
140.60,101.70,44.40,0.00,0.00,0.00,0.00,0.00
139.90,101.40,43.50,0.00,0.00,0.00,0.00,0.00
142.20,99.20,42.60,0.00,0.00,0.00,0.00,0.00
136.70,98.60,43.80,0.00,0.00,0.00,0.00,0.00
137.00,96.70,42.00,0.00,0.00,0.00,0.00,0.00
138.60,100.10,42.90,0.00,0.00,0.00,0.00,0.00
139.00,101.40,42.90,0.00,0.00,0.00,0.00,0.00
135.40,96.50,43.80,0.00,0.00,0.00,0.00,0.00
138.70,99.00,42.10,0.00,0.00,0.00,0.00,0.00
123.90,94.40,59.00,0.00,0.00,0.00,0.00,0.00
162.10,121.40,51.50,0.00,0.00,0.00,0.00,0.00
157.30,119.50,49.50,0.00,0.00,0.00,0.00,0.00
159.50,116.00,51.10,0.00,0.00,0.00,0.00,0.00
157.20,120.40,52.00,0.00,0.00,0.00,0.00,0.00
162.10,119.40,51.00,0.00,0.00,0.00,0.00,0.00
156.10,120.00,49.70,0.00,0.00,0.00,0.00,0.00
159.70,115.80,53.00,0.00,0.00,0.00,0.00,0.00
158.30,119.20,52.10,0.00,0.00,0.00,0.00,0.00
160.40,120.00,51.50,0.00,0.00,0.00,0.00,0.00
156.80,117.60,50.30,0.00,0.00,0.00,0.00,0.00
160.70,119.10,50.10,0.00,0.00,0.00,0.00,0.00
159.60,121.20,52.20,0.00,0.00,0.00,0.00,0.00
159.50,117.70,50.10,0.00,0.00,0.00,0.00,0.00
156.60,116.80,55.00,0.00,0.00,0.00,0.00,0.00
159.50,120.60,52.00,0.00,0.00,0.00,0.00,0.00
160.70,120.00,52.90,0.00,0.00,0.00,0.00,0.00
158.40,117.10,52.40,0.00,0.00,0.00,0.00,0.00
159.50,122.00,50.60,0.00,0.00,0.00,0.00,0.00
157.40,118.40,50.30,0.00,0.00,0.00,0.00,0.00
161.70,120.00,47.50,0.00,0.00,0.00,0.00,0.00
158.30,118.30,51.10,0.00,0.00,0.00,0.00,0.00
160.10,118.90,50.20,0.00,0.00,0.00,0.00,0.00
159.60,118.20,51.10,0.00,0.00,0.00,0.00,0.00
161.50,122.00,52.40,0.00,0.00,0.00,0.00,0.00
157.20,116.20,47.20,0.00,0.00,0.00,0.00,0.00
158.80,120.50,51.80,0.00,0.00,0.00,0.00,0.00
158.30,117.40,52.00,0.00,0.00,0.00,0.00,0.00
158.10,118.90,54.60,0.00,0.00,0.00,0.00,0.00
159.20,118.80,52.00,0.00,0.00,0.00,0.00,0.00
174.20,136.40,49.70,0.00,0.00,0.00,0.00,0.00
171.30,132.20,54.50,0.00,0.00,0.00,0.00,0.00
166.60,126.40,56.40,0.00,0.00,0.00,0.00,0.00
169.80,128.50,55.10,0.00,0.00,0.00,0.00,0.00
169.50,129.20,54.40,0.00,0.00,0.00,0.00,0.00
167.60,130.10,56.00,0.00,0.00,0.00,0.00,0.00
162.20,124.70,51.70,0.00,0.00,0.00,0.00,0.00
170.50,129.50,59.50,0.00,0.00,0.00,0.00,0.00
172.90,130.40,55.00,0.00,0.00,0.00,0.00,0.00
171.10,131.60,55.80,0.00,0.00,0.00,0.00,0.00
175.90,135.80,56.70,0.00,0.00,0.00,0.00,0.00
173.50,131.60,56.20,0.00,0.00,0.00,0.00,0.00
171.70,130.30,54.80,0.00,0.00,0.00,0.00,0.00
170.50,130.90,59.30,0.00,0.00,0.00,0.00,0.00
173.50,128.90,57.50,0.00,0.00,0.00,0.00,0.00
173.50,134.10,55.60,0.00,0.00,0.00,0.00,0.00
172.60,131.90,55.70,0.00,0.00,0.00,0.00,0.00
169.50,129.50,52.80,0.00,0.00,0.00,0.00,0.00
175.40,131.90,56.40,0.00,0.00,0.00,0.00,0.00
169.90,128.60,54.60,0.00,0.00,0.00,0.00,0.00
175.00,135.40,55.70,0.00,0.00,0.00,0.00,0.00
172.90,132.50,57.00,0.00,0.00,0.00,0.00,0.00
173.00,131.70,55.00,0.00,0.00,0.00,0.00,0.00
174.10,131.30,55.30,0.00,0.00,0.00,0.00,0.00
172.30,133.10,58.50,0.00,0.00,0.00,0.00,0.00
173.00,129.50,57.60,0.00,0.00,0.00,0.00,0.00
172.40,134.30,58.60,0.00,0.00,0.00,0.00,0.00
175.60,130.70,56.00,0.00,0.00,0.00,0.00,0.00
170.60,130.40,55.00,0.00,0.00,0.00,0.00,0.00
173.60,134.30,55.20,0.00,0.00,0.00,0.00,0.00
155.60,155.20,55.80,0.00,0.00,0.00,0.00,0.00
166.80,127.90,54.80,0.00,0.00,0.00,0.00,0.00
165.20,130.90,54.40,0.00,0.00,0.00,0.00,0.00
168.00,130.40,55.70,0.00,0.00,0.00,0.00,0.00
158.60,126.00,52.40,0.00,0.00,0.00,0.00,0.00
169.10,130.10,56.90,0.00,0.00,0.00,0.00,0.00
171.70,133.00,56.60,0.00,0.00,0.00,0.00,0.00
168.20,131.30,54.60,0.00,0.00,0.00,0.00,0.00
171.80,134.70,56.60,0.00,0.00,0.00,0.00,0.00
167.40,126.20,53.60,0.00,0.00,0.00,0.00,0.00
169.60,133.20,54.80,0.00,0.00,0.00,0.00,0.00
172.40,129.50,57.60,0.00,0.00,0.00,0.00,0.00
161.60,128.60,53.00,0.00,0.00,0.00,0.00,0.00
173.10,132.30,59.20,0.00,0.00,0.00,0.00,0.00
171.70,135.30,58.10,0.00,0.00,0.00,0.00,0.00
174.50,135.20,54.80,0.00,0.00,0.00,0.00,0.00
173.30,133.20,56.40,0.00,0.00,0.00,0.00,0.00
172.00,130.50,55.40,0.00,0.00,0.00,0.00,0.00
169.80,132.90,55.50,0.00,0.00,0.00,0.00,0.00
172.10,135.50,53.40,0.00,0.00,0.00,0.00,0.00
168.40,129.40,56.00,0.00,0.00,0.00,0.00,0.00
172.60,133.20,55.90,0.00,0.00,0.00,0.00,0.00
168.80,132.10,53.40,0.00,0.00,0.00,0.00,0.00
171.10,128.50,57.00,0.00,0.00,0.00,0.00,0.00
169.80,135.10,56.20,0.00,0.00,0.00,0.00,0.00
174.40,130.20,57.20,0.00,0.00,0.00,0.00,0.00
171.00,135.10,57.20,0.00,0.00,0.00,0.00,0.00
166.90,130.10,57.20,0.00,0.00,0.00,0.00,0.00
174.30,133.80,57.20,0.00,0.00,0.00,0.00,0.00
172.00,134.00,55.30,0.00,0.00,0.00,0.00,0.00
149.40,124.20,49.60,0.00,0.00,0.00,0.00,0.00
164.50,128.00,52.30,0.00,0.00,0.00,0.00,0.00
167.60,132.00,54.10,0.00,0.00,0.00,0.00,0.00
167.00,130.10,53.50,0.00,0.00,0.00,0.00,0.00
166.50,130.90,54.90,0.00,0.00,0.00,0.00,0.00
168.90,128.10,54.20,0.00,0.00,0.00,0.00,0.00
170.10,131.60,55.60,0.00,0.00,0.00,0.00,0.00
170.60,133.50,57.60,0.00,0.00,0.00,0.00,0.00
172.20,135.10,54.00,0.00,0.00,0.00,0.00,0.00
172.30,133.60,56.60,0.00,0.00,0.00,0.00,0.00
173.20,132.10,55.40,0.00,0.00,0.00,0.00,0.00
174.40,135.20,55.90,0.00,0.00,0.00,0.00,0.00
173.40,136.50,56.70,0.00,0.00,0.00,0.00,0.00
171.30,133.60,56.60,0.00,0.00,0.00,0.00,0.00
171.20,135.70,56.60,0.00,0.00,0.00,0.00,0.00
173.30,131.50,53.10,0.00,0.00,0.00,0.00,0.00
173.00,132.70,58.00,0.00,0.00,0.00,0.00,0.00
174.20,134.40,56.40,0.00,0.00,0.00,0.00,0.00
173.40,134.60,54.20,0.00,0.00,0.00,0.00,0.00
173.00,134.00,56.30,0.00,0.00,0.00,0.00,0.00
171.60,132.70,56.70,0.00,0.00,0.00,0.00,0.00
175.40,135.60,55.80,0.00,0.00,0.00,0.00,0.00
174.00,134.60,57.50,0.00,0.00,0.00,0.00,0.00
170.80,131.60,53.80,0.00,0.00,0.00,0.00,0.00
170.50,134.60,54.80,0.00,0.00,0.00,0.00,0.00
168.10,128.30,55.30,0.00,0.00,0.00,0.00,0.00
172.70,132.80,55.50,0.00,0.00,0.00,0.00,0.00
167.70,132.60,54.60,0.00,0.00,0.00,0.00,0.00
173.40,136.10,55.00,0.00,0.00,0.00,0.00,0.00
176.80,135.40,57.80,0.00,0.00,0.00,0.00,0.00
149.30,130.40,43.40,0.00,0.00,0.00,0.00,0.00
162.20,129.90,54.30,0.00,0.00,0.00,0.00,0.00
169.40,137.00,57.10,0.00,0.00,0.00,0.00,0.00
170.90,133.80,57.30,0.00,0.00,0.00,0.00,0.00
166.90,134.20,55.20,0.00,0.00,0.00,0.00,0.00
172.30,133.60,54.60,0.00,0.00,0.00,0.00,0.00
167.60,132.20,56.70,0.00,0.00,0.00,0.00,0.00
165.80,135.70,57.50,0.00,0.00,0.00,0.00,0.00
171.10,132.50,55.80,0.00,0.00,0.00,0.00,0.00
170.20,134.30,56.70,0.00,0.00,0.00,0.00,0.00
169.40,133.00,54.40,0.00,0.00,0.00,0.00,0.00
168.60,132.50,55.60,0.00,0.00,0.00,0.00,0.00
170.60,137.40,58.30,0.00,0.00,0.00,0.00,0.00
168.60,132.80,55.80,0.00,0.00,0.00,0.00,0.00
172.00,134.80,54.80,0.00,0.00,0.00,0.00,0.00
170.00,134.50,58.30,0.00,0.00,0.00,0.00,0.00
170.60,136.00,56.40,0.00,0.00,0.00,0.00,0.00
170.10,133.40,55.00,0.00,0.00,0.00,0.00,0.00
171.50,134.30,55.60,0.00,0.00,0.00,0.00,0.00
170.90,138.50,56.10,0.00,0.00,0.00,0.00,0.00
170.50,133.50,55.30,0.00,0.00,0.00,0.00,0.00
168.30,131.40,57.60,0.00,0.00,0.00,0.00,0.00
170.10,133.10,55.40,0.00,0.00,0.00,0.00,0.00
168.50,133.60,57.00,0.00,0.00,0.00,0.00,0.00
171.00,134.10,56.10,0.00,0.00,0.00,0.00,0.00
173.90,136.50,56.20,0.00,0.00,0.00,0.00,0.00
168.00,135.30,57.60,0.00,0.00,0.00,0.00,0.00
171.50,134.20,56.90,0.00,0.00,0.00,0.00,0.00
169.20,134.50,54.60,0.00,0.00,0.00,0.00,0.00
171.10,132.80,58.60,0.00,0.00,0.00,0.00,0.00
143.00,155.40,55.80,0.00,0.00,0.00,0.00,0.00
0.00,0.00,0.00,0.00,0.00,0.00,0.00,0.00
0.00,0.00,0.00,0.00,0.00,0.00,0.00,0.00
0.00,0.00,0.00,0.00,0.00,0.00,0.00,0.00
0.00,0.00,0.00,0.00,0.00,0.00,0.00,0.00
0.00,0.00,0.00,0.00,0.00,0.00,0.00,0.00
0.00,0.00,0.00,0.00,0.00,0.00,0.00,0.00
0.00,0.00,0.00,0.00,0.00,0.00,0.00,0.00
0.00,0.00,0.00,0.00,0.00,0.00,0.00,0.00
0.00,0.00,0.00,0.00,0.00,0.00,0.00,0.00
0.00,0.00,0.00,0.00,0.00,0.00,0.00,0.00
0.00,0.00,0.00,0.00,0.00,0.00,0.00,0.00
0.00,0.00,0.00,0.00,0.00,0.00,0.00,0.00
0.00,0.00,0.00,0.00,0.00,0.00,0.00,0.00
0.00,0.00,0.00,0.00,0.00,0.00,0.00,0.00
0.00,0.00,0.00,0.00,0.00,0.00,0.00,0.00
0.00,0.00,0.00,0.00,0.00,0.00,0.00,0.00
0.00,0.00,0.00,0.00,0.00,0.00,0.00,0.00
0.00,0.00,0.00,0.00,0.00,0.00,0.00,0.00
0.00,0.00,0.00,0.00,0.00,0.00,0.00,0.00
0.00,0.00,0.00,0.00,0.00,0.00,0.00,0.00
0.00,0.00,0.00,0.00,0.00,0.00,0.00,0.00
0.00,0.00,0.00,0.00,0.00,0.00,0.00,0.00
0.00,0.00,0.00,0.00,0.00,0.00,0.00,0.00
0.00,0.00,0.00,0.00,0.00,0.00,0.00,0.00
0.00,0.00,0.00,0.00,0.00,0.00,0.00,0.00
0.00,0.00,0.00,0.00,0.00,0.00,0.00,0.00
0.00,0.00,0.00,0.00,0.00,0.00,0.00,0.00
0.00,0.00,0.00,0.00,0.00,0.00,0.00,0.00
0.00,0.00,0.00,0.00,0.00,0.00,0.00,0.00
167.70,130.20,49.60,0.00,0.00,0.00,0.00,0.00
95.40,87.90,32.10,0.00,0.00,0.00,0.00,0.00
120.70,113.30,42.90,0.00,0.00,0.00,0.00,0.00
125.20,115.50,41.50,0.00,0.00,0.00,0.00,0.00
122.10,115.40,43.40,0.00,0.00,0.00,0.00,0.00
121.60,109.00,40.80,0.00,0.00,0.00,0.00,0.00
118.00,107.30,41.80,0.00,0.00,0.00,0.00,0.00
119.30,112.90,41.00,0.00,0.00,0.00,0.00,0.00
122.60,114.60,40.90,0.00,0.00,0.00,0.00,0.00
122.00,110.60,40.60,0.00,0.00,0.00,0.00,0.00
120.00,108.30,40.70,0.00,0.00,0.00,0.00,0.00
121.30,109.90,40.80,0.00,0.00,0.00,0.00,0.00
125.60,110.30,42.90,0.00,0.00,0.00,0.00,0.00
124.40,113.30,40.70,0.00,0.00,0.00,0.00,0.00
123.90,112.90,40.70,0.00,0.00,0.00,0.00,0.00
124.10,106.30,40.30,0.00,0.00,0.00,0.00,0.00
122.60,104.00,41.00,0.00,0.00,0.00,0.00,0.00
122.60,103.30,42.80,0.00,0.00,0.00,0.00,0.00
121.30,110.20,41.50,0.00,0.00,0.00,0.00,0.00
120.00,104.20,41.10,0.00,0.00,0.00,0.00,0.00
120.00,108.10,41.90,0.00,0.00,0.00,0.00,0.00
118.70,107.30,41.40,0.00,0.00,0.00,0.00,0.00
122.50,107.80,44.90,0.00,0.00,0.00,0.00,0.00
121.50,103.80,40.90,0.00,0.00,0.00,0.00,0.00
121.70,108.10,42.00,0.00,0.00,0.00,0.00,0.00
115.60,108.60,41.20,0.00,0.00,0.00,0.00,0.00
126.00,108.10,42.20,0.00,0.00,0.00,0.00,0.00
123.60,110.80,45.00,0.00,0.00,0.00,0.00,0.00
117.90,108.90,41.50,0.00,0.00,0.00,0.00,0.00
120.70,110.90,42.10,0.00,0.00,0.00,0.00,0.00
180.30,130.30,49.60,0.00,0.00,0.00,0.00,0.00
0.00,0.00,0.00,0.00,0.00,0.00,0.00,0.00
0.00,0.00,0.00,0.00,0.00,0.00,0.00,0.00
0.00,0.00,0.00,0.00,0.00,0.00,0.00,0.00
0.00,0.00,0.00,0.00,0.00,0.00,0.00,0.00
0.00,0.00,0.00,0.00,0.00,0.00,0.00,0.00
0.00,0.00,0.00,0.00,0.00,0.00,0.00,0.00
0.00,0.00,0.00,0.00,0.00,0.00,0.00,0.00
0.00,0.00,0.00,0.00,0.00,0.00,0.00,0.00
0.00,0.00,0.00,0.00,0.00,0.00,0.00,0.00
0.00,0.00,0.00,0.00,0.00,0.00,0.00,0.00
0.00,0.00,0.00,0.00,0.00,0.00,0.00,0.00
0.00,0.00,0.00,0.00,0.00,0.00,0.00,0.00
0.00,0.00,0.00,0.00,0.00,0.00,0.00,0.00
0.00,0.00,0.00,0.00,0.00,0.00,0.00,0.00
0.00,0.00,0.00,0.00,0.00,0.00,0.00,0.00
0.00,0.00,0.00,0.00,0.00,0.00,0.00,0.00
0.00,0.00,0.00,0.00,0.00,0.00,0.00,0.00
0.00,0.00,0.00,0.00,0.00,0.00,0.00,0.00
0.00,0.00,0.00,0.00,0.00,0.00,0.00,0.00
0.00,0.00,0.00,0.00,0.00,0.00,0.00,0.00
0.00,0.00,0.00,0.00,0.00,0.00,0.00,0.00
0.00,0.00,0.00,0.00,0.00,0.00,0.00,0.00
0.00,0.00,0.00,0.00,0.00,0.00,0.00,0.00
0.00,0.00,0.00,0.00,0.00,0.00,0.00,0.00
0.00,0.00,0.00,0.00,0.00,0.00,0.00,0.00
0.00,0.00,0.00,0.00,0.00,0.00,0.00,0.00
0.00,0.00,0.00,0.00,0.00,0.00,0.00,0.00
0.00,0.00,0.00,0.00,0.00,0.00,0.00,0.00
0.00,0.00,0.00,0.00,0.00,0.00,0.00,0.00
