#msgr-worker,io_context_pool,fio,log,ceph_timer,ms_dispatch,safe_timer,taskfin_librbd
0.00,0.00,0.00,0.00,0.00,0.00,0.00,0.00
86.00,63.10,19.00,0.00,0.00,0.00,0.00,0.00
90.00,58.90,18.20,0.00,0.00,0.00,0.00,0.00
85.10,65.50,19.00,0.00,0.00,0.00,0.00,0.00
88.20,60.10,18.90,0.00,0.00,0.00,0.00,0.00
87.80,61.80,19.70,0.00,0.00,0.00,0.00,0.00
85.40,59.90,17.70,0.00,0.00,0.00,0.00,0.00
87.70,61.00,19.90,0.00,0.00,0.00,0.00,0.00
84.40,63.90,19.20,0.00,0.00,0.00,0.00,0.00
86.20,58.80,18.30,0.00,0.00,0.00,0.00,0.00
88.60,62.10,19.00,0.00,0.00,0.00,0.00,0.00
87.90,62.40,21.30,0.00,0.00,0.00,0.00,0.00
87.80,58.90,17.00,0.00,0.00,0.00,0.00,0.00
87.10,64.00,20.20,0.00,0.00,0.00,0.00,0.00
84.90,59.70,18.20,0.00,0.00,0.00,0.00,0.00
90.00,61.50,20.60,0.00,0.00,0.00,0.00,0.00
86.70,61.80,18.80,0.00,0.00,0.00,0.00,0.00
89.40,63.80,19.40,0.00,0.00,0.00,0.00,0.00
85.10,60.90,18.40,0.00,0.00,0.00,0.00,0.00
86.80,60.50,18.90,0.00,0.00,0.00,0.00,0.00
90.00,62.40,20.30,0.00,0.00,0.00,0.00,0.00
87.50,62.60,17.80,0.00,0.00,0.00,0.00,0.00
91.50,61.40,19.70,0.00,0.00,0.00,0.00,0.00
91.70,63.80,20.60,0.00,0.00,0.00,0.00,0.00
85.60,59.30,17.60,0.00,0.00,0.00,0.00,0.00
86.20,62.60,18.50,0.00,0.00,0.00,0.00,0.00
87.10,61.50,21.10,0.00,0.00,0.00,0.00,0.00
90.40,63.10,17.00,0.00,0.00,0.00,0.00,0.00
89.10,62.60,21.20,0.00,0.00,0.00,0.00,0.00
89.10,62.40,18.70,0.00,0.00,0.00,0.00,0.00
55.90,68.30,6.20,0.00,0.00,0.00,0.00,0.00
91.40,60.60,19.80,0.00,0.00,0.00,0.00,0.00
85.90,62.40,17.80,0.00,0.00,0.00,0.00,0.00
88.20,63.00,21.00,0.00,0.00,0.00,0.00,0.00
84.60,60.40,16.80,0.00,0.00,0.00,0.00,0.00
87.10,64.40,18.20,0.00,0.00,0.00,0.00,0.00
86.70,60.60,19.20,0.00,0.00,0.00,0.00,0.00
88.20,63.90,18.60,0.00,0.00,0.00,0.00,0.00
85.70,60.40,18.80,0.00,0.00,0.00,0.00,0.00
86.50,61.80,18.00,0.00,0.00,0.00,0.00,0.00
87.60,61.50,19.70,0.00,0.00,0.00,0.00,0.00
83.30,59.00,17.60,0.00,0.00,0.00,0.00,0.00
85.20,60.00,18.30,0.00,0.00,0.00,0.00,0.00
89.50,65.90,19.50,0.00,0.00,0.00,0.00,0.00
89.30,59.90,19.90,0.00,0.00,0.00,0.00,0.00
87.10,62.00,16.80,0.00,0.00,0.00,0.00,0.00
82.50,60.70,19.70,0.00,0.00,0.00,0.00,0.00
93.20,64.60,19.70,0.00,0.00,0.00,0.00,0.00
83.70,58.80,18.20,0.00,0.00,0.00,0.00,0.00
84.90,60.80,16.90,0.00,0.00,0.00,0.00,0.00
89.90,64.00,18.60,0.00,0.00,0.00,0.00,0.00
81.60,58.10,19.40,0.00,0.00,0.00,0.00,0.00
85.10,60.30,17.90,0.00,0.00,0.00,0.00,0.00
86.40,62.20,18.20,0.00,0.00,0.00,0.00,0.00
86.60,62.60,18.20,0.00,0.00,0.00,0.00,0.00
92.40,62.50,19.20,0.00,0.00,0.00,0.00,0.00
86.50,62.90,19.30,0.00,0.00,0.00,0.00,0.00
89.70,63.90,20.50,0.00,0.00,0.00,0.00,0.00
83.50,60.50,18.50,0.00,0.00,0.00,0.00,0.00
86.10,59.60,18.20,0.00,0.00,0.00,0.00,0.00
93.00,55.90,0.00,0.00,0.00,0.00,0.00,0.00
85.00,60.30,18.80,0.00,0.00,0.00,0.00,0.00
83.90,57.80,19.40,0.00,0.00,0.00,0.00,0.00
85.50,59.30,17.40,0.00,0.00,0.00,0.00,0.00
85.50,61.00,17.80,0.00,0.00,0.00,0.00,0.00
85.50,59.70,20.70,0.00,0.00,0.00,0.00,0.00
86.10,60.00,16.90,0.00,0.00,0.00,0.00,0.00
85.80,61.30,18.50,0.00,0.00,0.00,0.00,0.00
89.80,61.40,17.80,0.00,0.00,0.00,0.00,0.00
84.60,62.50,19.90,0.00,0.00,0.00,0.00,0.00
89.70,59.50,19.70,0.00,0.00,0.00,0.00,0.00
83.60,60.40,18.30,0.00,0.00,0.00,0.00,0.00
82.40,59.00,16.40,0.00,0.00,0.00,0.00,0.00
88.90,59.80,20.00,0.00,0.00,0.00,0.00,0.00
86.50,59.50,18.50,0.00,0.00,0.00,0.00,0.00
84.80,62.50,20.00,0.00,0.00,0.00,0.00,0.00
90.80,60.60,18.50,0.00,0.00,0.00,0.00,0.00
89.30,63.60,18.20,0.00,0.00,0.00,0.00,0.00
83.60,58.90,17.10,0.00,0.00,0.00,0.00,0.00
89.60,62.10,21.90,0.00,0.00,0.00,0.00,0.00
84.80,60.50,17.30,0.00,0.00,0.00,0.00,0.00
83.90,57.40,17.10,0.00,0.00,0.00,0.00,0.00
85.60,63.20,20.30,0.00,0.00,0.00,0.00,0.00
87.10,57.90,17.20,0.00,0.00,0.00,0.00,0.00
86.70,60.40,19.90,0.00,0.00,0.00,0.00,0.00
87.40,62.40,19.20,0.00,0.00,0.00,0.00,0.00
83.90,61.70,17.10,0.00,0.00,0.00,0.00,0.00
87.20,59.10,20.00,0.00,0.00,0.00,0.00,0.00
84.50,58.90,18.40,0.00,0.00,0.00,0.00,0.00
87.90,61.70,18.60,0.00,0.00,0.00,0.00,0.00
99.50,43.40,6.20,0.00,0.00,0.00,0.00,0.00
84.00,57.70,20.00,0.00,0.00,0.00,0.00,0.00
84.00,61.70,17.60,0.00,0.00,0.00,0.00,0.00
86.30,59.10,17.90,0.00,0.00,0.00,0.00,0.00
87.80,61.80,19.30,0.00,0.00,0.00,0.00,0.00
83.30,58.80,16.00,0.00,0.00,0.00,0.00,0.00
84.60,62.60,19.90,0.00,0.00,0.00,0.00,0.00
89.40,60.80,18.20,0.00,0.00,0.00,0.00,0.00
86.90,61.50,18.60,0.00,0.00,0.00,0.00,0.00
85.80,59.30,17.50,0.00,0.00,0.00,0.00,0.00
91.10,62.40,20.80,0.00,0.00,0.00,0.00,0.00
83.30,60.40,18.00,0.00,0.00,0.00,0.00,0.00
90.20,63.80,19.00,0.00,0.00,0.00,0.00,0.00
86.20,59.10,17.00,0.00,0.00,0.00,0.00,0.00
86.10,61.90,18.20,0.00,0.00,0.00,0.00,0.00
86.60,60.10,20.70,0.00,0.00,0.00,0.00,0.00
84.90,62.20,18.90,0.00,0.00,0.00,0.00,0.00
89.40,61.30,17.80,0.00,0.00,0.00,0.00,0.00
88.10,57.50,19.70,0.00,0.00,0.00,0.00,0.00
87.70,63.70,19.20,0.00,0.00,0.00,0.00,0.00
88.80,63.90,18.10,0.00,0.00,0.00,0.00,0.00
84.60,58.60,18.70,0.00,0.00,0.00,0.00,0.00
85.20,58.80,17.70,0.00,0.00,0.00,0.00,0.00
87.40,59.70,19.10,0.00,0.00,0.00,0.00,0.00
85.50,61.40,17.40,0.00,0.00,0.00,0.00,0.00
88.30,60.30,20.00,0.00,0.00,0.00,0.00,0.00
86.80,63.80,16.40,0.00,0.00,0.00,0.00,0.00
88.70,60.20,21.00,0.00,0.00,0.00,0.00,0.00
84.30,60.50,18.90,0.00,0.00,0.00,0.00,0.00
83.60,59.60,16.20,0.00,0.00,0.00,0.00,0.00
62.10,80.70,6.20,0.00,0.00,0.00,0.00,0.00
84.30,55.80,18.30,0.00,0.00,0.00,0.00,0.00
82.50,61.30,19.20,0.00,0.00,0.00,0.00,0.00
92.20,63.80,17.50,0.00,0.00,0.00,0.00,0.00
87.40,59.70,18.60,0.00,0.00,0.00,0.00,0.00
85.90,60.40,18.80,0.00,0.00,0.00,0.00,0.00
83.60,61.30,17.30,0.00,0.00,0.00,0.00,0.00
84.10,58.60,17.90,0.00,0.00,0.00,0.00,0.00
83.10,59.50,17.90,0.00,0.00,0.00,0.00,0.00
85.30,57.10,17.40,0.00,0.00,0.00,0.00,0.00
86.20,61.80,17.90,0.00,0.00,0.00,0.00,0.00
86.80,59.50,20.70,0.00,0.00,0.00,0.00,0.00
89.00,62.80,18.70,0.00,0.00,0.00,0.00,0.00
85.30,59.70,16.20,0.00,0.00,0.00,0.00,0.00
84.40,57.30,19.30,0.00,0.00,0.00,0.00,0.00
87.50,60.60,18.90,0.00,0.00,0.00,0.00,0.00
85.20,62.70,19.80,0.00,0.00,0.00,0.00,0.00
88.40,58.90,17.50,0.00,0.00,0.00,0.00,0.00
86.00,61.40,17.80,0.00,0.00,0.00,0.00,0.00
85.80,61.00,15.50,0.00,0.00,0.00,0.00,0.00
89.50,62.20,20.00,0.00,0.00,0.00,0.00,0.00
86.80,59.80,19.80,0.00,0.00,0.00,0.00,0.00
86.30,59.70,19.40,0.00,0.00,0.00,0.00,0.00
81.70,61.00,18.80,0.00,0.00,0.00,0.00,0.00
86.40,58.50,16.90,0.00,0.00,0.00,0.00,0.00
87.10,64.20,17.50,0.00,0.00,0.00,0.00,0.00
85.70,60.50,19.50,0.00,0.00,0.00,0.00,0.00
87.00,60.50,19.00,0.00,0.00,0.00,0.00,0.00
86.70,61.70,19.00,0.00,0.00,0.00,0.00,0.00
86.20,61.50,19.20,0.00,0.00,0.00,0.00,0.00
62.00,49.60,12.40,0.00,0.00,0.00,0.00,0.00
89.10,63.70,17.40,0.00,0.00,0.00,0.00,0.00
85.70,57.60,19.20,0.00,0.00,0.00,0.00,0.00
89.20,64.20,21.60,0.00,0.00,0.00,0.00,0.00
82.30,58.50,15.40,0.00,0.00,0.00,0.00,0.00
82.60,60.20,17.70,0.00,0.00,0.00,0.00,0.00
85.20,61.30,18.20,0.00,0.00,0.00,0.00,0.00
82.20,56.30,17.70,0.00,0.00,0.00,0.00,0.00
90.20,65.00,20.60,0.00,0.00,0.00,0.00,0.00
84.30,57.30,16.80,0.00,0.00,0.00,0.00,0.00
86.40,61.00,17.30,0.00,0.00,0.00,0.00,0.00
88.10,58.90,18.00,0.00,0.00,0.00,0.00,0.00
83.10,60.60,21.00,0.00,0.00,0.00,0.00,0.00
90.80,63.30,18.40,0.00,0.00,0.00,0.00,0.00
81.20,57.20,17.00,0.00,0.00,0.00,0.00,0.00
84.40,60.70,19.40,0.00,0.00,0.00,0.00,0.00
89.00,65.20,16.50,0.00,0.00,0.00,0.00,0.00
84.30,56.40,17.10,0.00,0.00,0.00,0.00,0.00
90.90,63.60,20.00,0.00,0.00,0.00,0.00,0.00
82.80,60.10,18.30,0.00,0.00,0.00,0.00,0.00
89.40,57.80,18.10,0.00,0.00,0.00,0.00,0.00
87.30,62.80,17.90,0.00,0.00,0.00,0.00,0.00
85.30,59.40,18.20,0.00,0.00,0.00,0.00,0.00
88.90,62.50,17.50,0.00,0.00,0.00,0.00,0.00
85.20,59.90,20.30,0.00,0.00,0.00,0.00,0.00
85.90,60.50,18.90,0.00,0.00,0.00,0.00,0.00
84.50,61.70,18.30,0.00,0.00,0.00,0.00,0.00
84.20,61.60,17.10,0.00,0.00,0.00,0.00,0.00
86.50,57.90,20.00,0.00,0.00,0.00,0.00,0.00
85.90,60.30,17.80,0.00,0.00,0.00,0.00,0.00
41.30,41.30,11.80,0.00,0.00,0.00,0.00,0.00
89.40,64.20,18.10,0.00,0.00,0.00,0.00,0.00
86.00,61.10,19.80,0.00,0.00,0.00,0.00,0.00
90.00,63.20,18.40,0.00,0.00,0.00,0.00,0.00
86.00,61.10,17.20,0.00,0.00,0.00,0.00,0.00
89.30,63.20,20.10,0.00,0.00,0.00,0.00,0.00
87.80,63.50,17.80,0.00,0.00,0.00,0.00,0.00
83.10,62.00,18.00,0.00,0.00,0.00,0.00,0.00
87.80,61.40,17.00,0.00,0.00,0.00,0.00,0.00
87.10,61.10,18.20,0.00,0.00,0.00,0.00,0.00
86.80,63.60,17.90,0.00,0.00,0.00,0.00,0.00
84.40,61.50,18.50,0.00,0.00,0.00,0.00,0.00
91.10,61.60,19.80,0.00,0.00,0.00,0.00,0.00
89.40,63.30,17.30,0.00,0.00,0.00,0.00,0.00
83.20,60.70,17.10,0.00,0.00,0.00,0.00,0.00
86.30,64.60,22.20,0.00,0.00,0.00,0.00,0.00
81.40,57.60,16.00,0.00,0.00,0.00,0.00,0.00
84.30,60.60,17.80,0.00,0.00,0.00,0.00,0.00
84.60,60.50,18.10,0.00,0.00,0.00,0.00,0.00
85.60,61.60,16.50,0.00,0.00,0.00,0.00,0.00
85.90,61.10,19.80,0.00,0.00,0.00,0.00,0.00
84.60,59.40,16.20,0.00,0.00,0.00,0.00,0.00
90.20,65.00,19.40,0.00,0.00,0.00,0.00,0.00
88.60,64.50,20.10,0.00,0.00,0.00,0.00,0.00
84.50,62.10,17.20,0.00,0.00,0.00,0.00,0.00
89.10,63.80,16.90,0.00,0.00,0.00,0.00,0.00
83.20,60.20,17.50,0.00,0.00,0.00,0.00,0.00
87.70,62.40,19.70,0.00,0.00,0.00,0.00,0.00
86.50,61.50,17.80,0.00,0.00,0.00,0.00,0.00
82.00,59.40,17.40,0.00,0.00,0.00,0.00,0.00
68.20,62.00,12.40,0.00,0.00,0.00,0.00,0.00
84.10,61.60,17.10,0.00,0.00,0.00,0.00,0.00
81.50,60.30,16.00,0.00,0.00,0.00,0.00,0.00
84.20,56.40,19.10,0.00,0.00,0.00,0.00,0.00
81.30,60.30,15.50,0.00,0.00,0.00,0.00,0.00
84.00,61.60,16.90,0.00,0.00,0.00,0.00,0.00
86.40,62.90,19.00,0.00,0.00,0.00,0.00,0.00
87.30,60.60,18.60,0.00,0.00,0.00,0.00,0.00
83.20,58.40,18.30,0.00,0.00,0.00,0.00,0.00
86.90,65.00,18.10,0.00,0.00,0.00,0.00,0.00
87.50,59.70,18.10,0.00,0.00,0.00,0.00,0.00
80.60,59.90,17.90,0.00,0.00,0.00,0.00,0.00
86.30,62.00,19.40,0.00,0.00,0.00,0.00,0.00
83.70,59.90,17.00,0.00,0.00,0.00,0.00,0.00
88.80,62.50,18.10,0.00,0.00,0.00,0.00,0.00
87.00,60.20,15.40,0.00,0.00,0.00,0.00,0.00
83.90,63.20,19.80,0.00,0.00,0.00,0.00,0.00
87.50,62.90,18.30,0.00,0.00,0.00,0.00,0.00
91.10,61.00,19.10,0.00,0.00,0.00,0.00,0.00
82.60,60.30,18.10,0.00,0.00,0.00,0.00,0.00
89.30,63.70,18.50,0.00,0.00,0.00,0.00,0.00
81.00,57.10,16.50,0.00,0.00,0.00,0.00,0.00
85.10,59.50,18.00,0.00,0.00,0.00,0.00,0.00
84.50,65.00,18.00,0.00,0.00,0.00,0.00,0.00
87.40,62.50,18.70,0.00,0.00,0.00,0.00,0.00
86.60,60.90,17.90,0.00,0.00,0.00,0.00,0.00
79.40,58.50,16.50,0.00,0.00,0.00,0.00,0.00
87.70,61.60,16.70,0.00,0.00,0.00,0.00,0.00
84.40,60.10,19.40,0.00,0.00,0.00,0.00,0.00
85.40,63.40,19.80,0.00,0.00,0.00,0.00,0.00
68.30,37.20,6.20,0.00,0.00,0.00,0.00,0.00
87.50,61.50,18.80,0.00,0.00,0.00,0.00,0.00
83.30,62.80,18.50,0.00,0.00,0.00,0.00,0.00
87.30,59.80,16.90,0.00,0.00,0.00,0.00,0.00
84.40,61.30,19.00,0.00,0.00,0.00,0.00,0.00
87.00,60.50,17.10,0.00,0.00,0.00,0.00,0.00
84.00,62.50,17.70,0.00,0.00,0.00,0.00,0.00
84.80,60.70,16.60,0.00,0.00,0.00,0.00,0.00
88.50,60.80,21.50,0.00,0.00,0.00,0.00,0.00
81.40,58.30,16.10,0.00,0.00,0.00,0.00,0.00
86.10,65.00,18.40,0.00,0.00,0.00,0.00,0.00
86.80,58.60,17.50,0.00,0.00,0.00,0.00,0.00
86.70,63.80,19.80,0.00,0.00,0.00,0.00,0.00
85.50,62.10,17.70,0.00,0.00,0.00,0.00,0.00
86.60,57.30,17.40,0.00,0.00,0.00,0.00,0.00
86.10,63.50,18.80,0.00,0.00,0.00,0.00,0.00
86.80,63.20,17.40,0.00,0.00,0.00,0.00,0.00
84.70,61.30,18.60,0.00,0.00,0.00,0.00,0.00
85.70,58.50,19.80,0.00,0.00,0.00,0.00,0.00
83.80,62.90,17.10,0.00,0.00,0.00,0.00,0.00
85.30,61.60,18.60,0.00,0.00,0.00,0.00,0.00
85.30,59.10,17.90,0.00,0.00,0.00,0.00,0.00
85.20,60.80,18.60,0.00,0.00,0.00,0.00,0.00
81.70,61.20,15.90,0.00,0.00,0.00,0.00,0.00
84.30,60.30,17.90,0.00,0.00,0.00,0.00,0.00
91.60,65.20,19.40,0.00,0.00,0.00,0.00,0.00
85.10,60.10,18.10,0.00,0.00,0.00,0.00,0.00
88.50,61.50,18.50,0.00,0.00,0.00,0.00,0.00
85.10,64.70,16.80,0.00,0.00,0.00,0.00,0.00
85.90,59.00,19.70,0.00,0.00,0.00,0.00,0.00
49.60,55.80,18.60,0.00,0.00,0.00,0.00,0.00
87.50,63.20,19.00,0.00,0.00,0.00,0.00,0.00
86.30,63.20,16.20,0.00,0.00,0.00,0.00,0.00
82.70,59.20,19.00,0.00,0.00,0.00,0.00,0.00
87.60,63.40,15.70,0.00,0.00,0.00,0.00,0.00
89.10,64.40,19.90,0.00,0.00,0.00,0.00,0.00
85.50,61.00,17.80,0.00,0.00,0.00,0.00,0.00
87.30,63.10,18.60,0.00,0.00,0.00,0.00,0.00
89.80,65.10,18.00,0.00,0.00,0.00,0.00,0.00
86.10,61.80,19.20,0.00,0.00,0.00,0.00,0.00
89.00,64.70,17.40,0.00,0.00,0.00,0.00,0.00
87.50,63.20,18.30,0.00,0.00,0.00,0.00,0.00
86.20,62.30,18.30,0.00,0.00,0.00,0.00,0.00
89.50,61.80,18.30,0.00,0.00,0.00,0.00,0.00
82.20,63.50,18.10,0.00,0.00,0.00,0.00,0.00
86.90,61.50,15.60,0.00,0.00,0.00,0.00,0.00
85.90,65.30,18.70,0.00,0.00,0.00,0.00,0.00
90.50,59.40,17.60,0.00,0.00,0.00,0.00,0.00
86.00,63.80,19.60,0.00,0.00,0.00,0.00,0.00
85.40,61.70,17.00,0.00,0.00,0.00,0.00,0.00
84.80,61.10,17.80,0.00,0.00,0.00,0.00,0.00
83.50,60.20,17.60,0.00,0.00,0.00,0.00,0.00
85.00,62.70,17.90,0.00,0.00,0.00,0.00,0.00
84.70,58.70,18.00,0.00,0.00,0.00,0.00,0.00
86.80,64.50,17.10,0.00,0.00,0.00,0.00,0.00
85.10,59.80,17.10,0.00,0.00,0.00,0.00,0.00
84.80,61.20,18.30,0.00,0.00,0.00,0.00,0.00
80.80,57.10,17.30,0.00,0.00,0.00,0.00,0.00
84.40,61.10,17.80,0.00,0.00,0.00,0.00,0.00
82.90,58.60,16.60,0.00,0.00,0.00,0.00,0.00
62.20,55.80,6.20,0.00,0.00,0.00,0.00,0.00
86.80,63.50,19.30,0.00,0.00,0.00,0.00,0.00
88.20,64.30,19.50,0.00,0.00,0.00,0.00,0.00
88.00,62.20,16.80,0.00,0.00,0.00,0.00,0.00
86.50,63.90,18.00,0.00,0.00,0.00,0.00,0.00
85.90,61.70,18.40,0.00,0.00,0.00,0.00,0.00
86.10,59.80,17.10,0.00,0.00,0.00,0.00,0.00
88.60,60.10,19.10,0.00,0.00,0.00,0.00,0.00
87.20,63.10,17.60,0.00,0.00,0.00,0.00,0.00
85.80,61.80,17.60,0.00,0.00,0.00,0.00,0.00
87.70,63.00,18.40,0.00,0.00,0.00,0.00,0.00
87.70,61.00,20.30,0.00,0.00,0.00,0.00,0.00
84.10,63.70,16.60,0.00,0.00,0.00,0.00,0.00
87.40,61.10,18.50,0.00,0.00,0.00,0.00,0.00
88.10,66.00,15.30,0.00,0.00,0.00,0.00,0.00
86.30,63.00,20.20,0.00,0.00,0.00,0.00,0.00
86.00,58.50,16.40,0.00,0.00,0.00,0.00,0.00
89.20,63.60,19.00,0.00,0.00,0.00,0.00,0.00
86.60,61.20,17.30,0.00,0.00,0.00,0.00,0.00
84.50,61.30,18.00,0.00,0.00,0.00,0.00,0.00
85.30,60.20,16.40,0.00,0.00,0.00,0.00,0.00
88.60,61.80,18.20,0.00,0.00,0.00,0.00,0.00
87.20,66.70,19.10,0.00,0.00,0.00,0.00,0.00
81.10,54.70,17.60,0.00,0.00,0.00,0.00,0.00
66.60,50.60,11.50,0.00,0.00,0.00,0.00,0.00
61.40,46.60,14.40,0.00,0.00,0.00,0.00,0.00
63.40,43.60,10.20,0.00,0.00,0.00,0.00,0.00
61.00,41.60,10.80,0.00,0.00,0.00,0.00,0.00
59.40,41.00,9.40,0.00,0.00,0.00,0.00,0.00
64.80,43.40,13.20,0.00,0.00,0.00,0.00,0.00
59.00,29.50,5.90,0.00,0.00,0.00,0.00,0.00
69.90,42.90,11.30,0.00,0.00,0.00,0.00,0.00
71.90,43.50,10.60,0.00,0.00,0.00,0.00,0.00
74.00,44.20,11.40,0.00,0.00,0.00,0.00,0.00
78.30,47.70,12.20,0.00,0.00,0.00,0.00,0.00
76.30,46.70,13.20,0.00,0.00,0.00,0.00,0.00
70.50,45.60,12.00,0.00,0.00,0.00,0.00,0.00
73.30,40.80,11.40,0.00,0.00,0.00,0.00,0.00
70.90,50.20,13.70,0.00,0.00,0.00,0.00,0.00
75.50,54.40,13.50,0.00,0.00,0.00,0.00,0.00
69.00,52.60,14.80,0.00,0.00,0.00,0.00,0.00
73.40,49.60,13.40,0.00,0.00,0.00,0.00,0.00
75.30,55.40,13.70,0.00,0.00,0.00,0.00,0.00
72.20,50.90,13.20,0.00,0.00,0.00,0.00,0.00
65.20,49.40,13.40,0.00,0.00,0.00,0.00,0.00
73.40,52.60,11.30,0.00,0.00,0.00,0.00,0.00
67.90,45.70,13.90,0.00,0.00,0.00,0.00,0.00
66.40,44.40,8.70,0.00,0.00,0.00,0.00,0.00
65.00,48.10,11.50,0.00,0.00,0.00,0.00,0.00
70.60,48.00,12.90,0.00,0.00,0.00,0.00,0.00
64.00,48.70,10.70,0.00,0.00,0.00,0.00,0.00
67.70,49.70,12.50,0.00,0.00,0.00,0.00,0.00
66.50,50.00,13.80,0.00,0.00,0.00,0.00,0.00
68.20,50.70,14.30,0.00,0.00,0.00,0.00,0.00
65.20,47.10,12.80,0.00,0.00,0.00,0.00,0.00
64.70,49.70,11.70,0.00,0.00,0.00,0.00,0.00
64.20,47.40,12.40,0.00,0.00,0.00,0.00,0.00
62.80,46.90,13.40,0.00,0.00,0.00,0.00,0.00
62.90,47.60,12.20,0.00,0.00,0.00,0.00,0.00
64.10,49.20,12.00,0.00,0.00,0.00,0.00,0.00
68.30,24.80,6.20,0.00,0.00,0.00,0.00,0.00
72.60,56.00,16.10,0.00,0.00,0.00,0.00,0.00
75.60,53.00,15.40,0.00,0.00,0.00,0.00,0.00
76.60,54.90,13.80,0.00,0.00,0.00,0.00,0.00
75.80,57.70,14.70,0.00,0.00,0.00,0.00,0.00
70.30,51.40,18.10,0.00,0.00,0.00,0.00,0.00
77.30,59.50,12.80,0.00,0.00,0.00,0.00,0.00
75.90,53.00,17.00,0.00,0.00,0.00,0.00,0.00
77.50,56.90,16.80,0.00,0.00,0.00,0.00,0.00
77.10,57.00,15.60,0.00,0.00,0.00,0.00,0.00
76.50,56.80,15.90,0.00,0.00,0.00,0.00,0.00
70.60,52.90,14.40,0.00,0.00,0.00,0.00,0.00
74.50,53.20,12.90,0.00,0.00,0.00,0.00,0.00
73.80,53.00,17.00,0.00,0.00,0.00,0.00,0.00
74.50,53.90,16.30,0.00,0.00,0.00,0.00,0.00
77.50,56.60,15.70,0.00,0.00,0.00,0.00,0.00
75.70,55.60,14.60,0.00,0.00,0.00,0.00,0.00
73.70,53.80,15.00,0.00,0.00,0.00,0.00,0.00
75.10,53.80,14.20,0.00,0.00,0.00,0.00,0.00
72.30,52.00,15.80,0.00,0.00,0.00,0.00,0.00
77.80,57.00,18.10,0.00,0.00,0.00,0.00,0.00
76.00,54.70,14.10,0.00,0.00,0.00,0.00,0.00
74.90,54.40,14.30,0.00,0.00,0.00,0.00,0.00
77.30,56.80,16.70,0.00,0.00,0.00,0.00,0.00
72.00,51.00,15.40,0.00,0.00,0.00,0.00,0.00
72.90,54.10,14.40,0.00,0.00,0.00,0.00,0.00
76.90,58.20,16.30,0.00,0.00,0.00,0.00,0.00
77.80,53.60,14.20,0.00,0.00,0.00,0.00,0.00
69.20,51.50,15.60,0.00,0.00,0.00,0.00,0.00
73.20,52.40,14.20,0.00,0.00,0.00,0.00,0.00
68.30,24.80,24.80,0.00,0.00,0.00,0.00,0.00
75.80,58.50,15.00,0.00,0.00,0.00,0.00,0.00
74.70,51.50,15.90,0.00,0.00,0.00,0.00,0.00
77.10,56.80,16.40,0.00,0.00,0.00,0.00,0.00
79.30,56.80,16.40,0.00,0.00,0.00,0.00,0.00
79.20,57.90,14.90,0.00,0.00,0.00,0.00,0.00
76.00,54.40,17.20,0.00,0.00,0.00,0.00,0.00
78.00,52.70,15.80,0.00,0.00,0.00,0.00,0.00
81.20,61.70,17.30,0.00,0.00,0.00,0.00,0.00
76.30,55.80,14.60,0.00,0.00,0.00,0.00,0.00
80.30,59.30,15.80,0.00,0.00,0.00,0.00,0.00
76.50,53.00,14.40,0.00,0.00,0.00,0.00,0.00
78.40,58.60,18.50,0.00,0.00,0.00,0.00,0.00
75.20,57.60,13.90,0.00,0.00,0.00,0.00,0.00
82.70,56.10,16.80,0.00,0.00,0.00,0.00,0.00
77.40,56.80,15.60,0.00,0.00,0.00,0.00,0.00
75.60,54.50,16.80,0.00,0.00,0.00,0.00,0.00
72.30,53.90,16.70,0.00,0.00,0.00,0.00,0.00
72.10,55.60,13.10,0.00,0.00,0.00,0.00,0.00
73.50,49.00,16.30,0.00,0.00,0.00,0.00,0.00
77.70,58.60,16.70,0.00,0.00,0.00,0.00,0.00
74.80,55.40,16.10,0.00,0.00,0.00,0.00,0.00
77.10,55.50,16.50,0.00,0.00,0.00,0.00,0.00
71.30,49.90,13.50,0.00,0.00,0.00,0.00,0.00
76.60,57.70,16.50,0.00,0.00,0.00,0.00,0.00
66.40,49.70,15.60,0.00,0.00,0.00,0.00,0.00
70.60,50.70,15.70,0.00,0.00,0.00,0.00,0.00
65.60,49.60,13.60,0.00,0.00,0.00,0.00,0.00
66.30,48.80,14.00,0.00,0.00,0.00,0.00,0.00
64.40,48.70,15.10,0.00,0.00,0.00,0.00,0.00
74.60,55.90,18.60,0.00,0.00,0.00,0.00,0.00
76.00,57.30,15.00,0.00,0.00,0.00,0.00,0.00
70.80,51.70,15.40,0.00,0.00,0.00,0.00,0.00
76.20,54.80,16.60,0.00,0.00,0.00,0.00,0.00
76.30,57.00,13.50,0.00,0.00,0.00,0.00,0.00
75.20,55.40,16.00,0.00,0.00,0.00,0.00,0.00
76.90,55.00,14.50,0.00,0.00,0.00,0.00,0.00
73.30,52.10,15.60,0.00,0.00,0.00,0.00,0.00
75.80,57.40,16.00,0.00,0.00,0.00,0.00,0.00
78.50,55.00,17.60,0.00,0.00,0.00,0.00,0.00
74.10,55.90,13.70,0.00,0.00,0.00,0.00,0.00
80.20,58.30,16.50,0.00,0.00,0.00,0.00,0.00
76.20,56.80,16.20,0.00,0.00,0.00,0.00,0.00
76.40,56.60,16.00,0.00,0.00,0.00,0.00,0.00
76.10,53.90,15.40,0.00,0.00,0.00,0.00,0.00
76.20,58.10,15.50,0.00,0.00,0.00,0.00,0.00
72.40,53.40,14.70,0.00,0.00,0.00,0.00,0.00
74.30,57.30,16.30,0.00,0.00,0.00,0.00,0.00
82.30,57.00,18.00,0.00,0.00,0.00,0.00,0.00
73.30,55.80,15.10,0.00,0.00,0.00,0.00,0.00
77.00,54.20,16.80,0.00,0.00,0.00,0.00,0.00
77.10,57.00,14.40,0.00,0.00,0.00,0.00,0.00
78.00,56.70,14.70,0.00,0.00,0.00,0.00,0.00
78.20,55.50,16.10,0.00,0.00,0.00,0.00,0.00
75.60,56.00,15.90,0.00,0.00,0.00,0.00,0.00
66.50,50.20,13.30,0.00,0.00,0.00,0.00,0.00
80.70,57.70,18.40,0.00,0.00,0.00,0.00,0.00
75.80,54.90,14.00,0.00,0.00,0.00,0.00,0.00
76.50,57.20,16.40,0.00,0.00,0.00,0.00,0.00
73.80,52.10,14.80,0.00,0.00,0.00,0.00,0.00
49.60,43.40,12.40,0.00,0.00,0.00,0.00,0.00
74.80,53.40,14.70,0.00,0.00,0.00,0.00,0.00
70.40,48.60,13.00,0.00,0.00,0.00,0.00,0.00
75.30,57.40,16.70,0.00,0.00,0.00,0.00,0.00
71.10,51.70,14.40,0.00,0.00,0.00,0.00,0.00
72.30,52.40,14.60,0.00,0.00,0.00,0.00,0.00
77.50,57.20,17.20,0.00,0.00,0.00,0.00,0.00
78.50,55.30,16.20,0.00,0.00,0.00,0.00,0.00
74.70,54.90,15.60,0.00,0.00,0.00,0.00,0.00
76.80,54.10,14.10,0.00,0.00,0.00,0.00,0.00
72.70,52.70,15.40,0.00,0.00,0.00,0.00,0.00
63.90,46.90,14.00,0.00,0.00,0.00,0.00,0.00
62.80,46.70,13.80,0.00,0.00,0.00,0.00,0.00
70.20,53.30,14.00,0.00,0.00,0.00,0.00,0.00
67.40,47.00,14.60,0.00,0.00,0.00,0.00,0.00
68.20,51.50,15.60,0.00,0.00,0.00,0.00,0.00
66.20,52.30,14.30,0.00,0.00,0.00,0.00,0.00
71.00,50.20,13.50,0.00,0.00,0.00,0.00,0.00
61.40,47.50,12.20,0.00,0.00,0.00,0.00,0.00
71.50,52.20,16.30,0.00,0.00,0.00,0.00,0.00
65.90,48.70,14.80,0.00,0.00,0.00,0.00,0.00
68.00,52.50,13.50,0.00,0.00,0.00,0.00,0.00
67.70,51.50,15.10,0.00,0.00,0.00,0.00,0.00
71.90,54.00,16.00,0.00,0.00,0.00,0.00,0.00
63.50,49.70,14.30,0.00,0.00,0.00,0.00,0.00
68.50,52.50,13.50,0.00,0.00,0.00,0.00,0.00
65.20,47.50,12.70,0.00,0.00,0.00,0.00,0.00
67.10,50.80,16.30,0.00,0.00,0.00,0.00,0.00
65.10,48.60,13.00,0.00,0.00,0.00,0.00,0.00
72.90,56.20,14.70,0.00,0.00,0.00,0.00,0.00
62.00,31.00,18.60,0.00,0.00,0.00,0.00,0.00
73.10,51.20,14.00,0.00,0.00,0.00,0.00,0.00
70.70,54.00,13.70,0.00,0.00,0.00,0.00,0.00
74.10,55.40,14.80,0.00,0.00,0.00,0.00,0.00
74.30,52.60,15.00,0.00,0.00,0.00,0.00,0.00
64.60,51.10,14.30,0.00,0.00,0.00,0.00,0.00
75.00,51.70,13.20,0.00,0.00,0.00,0.00,0.00
73.00,52.90,17.10,0.00,0.00,0.00,0.00,0.00
71.20,55.10,14.80,0.00,0.00,0.00,0.00,0.00
75.40,54.80,14.20,0.00,0.00,0.00,0.00,0.00
75.40,55.80,15.40,0.00,0.00,0.00,0.00,0.00
72.90,54.00,16.00,0.00,0.00,0.00,0.00,0.00
73.40,54.80,15.20,0.00,0.00,0.00,0.00,0.00
78.40,54.80,14.50,0.00,0.00,0.00,0.00,0.00
71.20,55.00,15.60,0.00,0.00,0.00,0.00,0.00
72.60,53.20,15.40,0.00,0.00,0.00,0.00,0.00
77.80,51.80,17.50,0.00,0.00,0.00,0.00,0.00
71.60,54.40,14.60,0.00,0.00,0.00,0.00,0.00
70.20,49.50,14.20,0.00,0.00,0.00,0.00,0.00
72.10,51.20,14.90,0.00,0.00,0.00,0.00,0.00
75.00,55.10,16.40,0.00,0.00,0.00,0.00,0.00
68.40,50.60,14.90,0.00,0.00,0.00,0.00,0.00
75.40,57.10,14.60,0.00,0.00,0.00,0.00,0.00
72.10,52.70,14.50,0.00,0.00,0.00,0.00,0.00
69.50,51.10,14.90,0.00,0.00,0.00,0.00,0.00
72.20,54.10,16.10,0.00,0.00,0.00,0.00,0.00
73.20,53.20,15.80,0.00,0.00,0.00,0.00,0.00
73.70,54.20,14.30,0.00,0.00,0.00,0.00,0.00
74.50,54.30,16.70,0.00,0.00,0.00,0.00,0.00
71.30,52.20,15.00,0.00,0.00,0.00,0.00,0.00
55.90,18.60,0.00,0.00,0.00,0.00,0.00,0.00
83.20,61.00,16.00,0.00,0.00,0.00,0.00,0.00
71.80,56.20,14.30,0.00,0.00,0.00,0.00,0.00
79.90,56.10,17.40,0.00,0.00,0.00,0.00,0.00
76.60,56.70,14.10,0.00,0.00,0.00,0.00,0.00
80.80,59.30,17.90,0.00,0.00,0.00,0.00,0.00
79.80,53.70,16.00,0.00,0.00,0.00,0.00,0.00
76.20,59.60,16.40,0.00,0.00,0.00,0.00,0.00
77.20,55.30,14.90,0.00,0.00,0.00,0.00,0.00
83.20,58.70,16.50,0.00,0.00,0.00,0.00,0.00
76.90,57.00,16.40,0.00,0.00,0.00,0.00,0.00
79.50,58.80,14.60,0.00,0.00,0.00,0.00,0.00
74.90,54.90,15.00,0.00,0.00,0.00,0.00,0.00
81.90,56.50,18.80,0.00,0.00,0.00,0.00,0.00
64.30,50.10,13.00,0.00,0.00,0.00,0.00,0.00
75.60,55.50,14.70,0.00,0.00,0.00,0.00,0.00
70.50,49.50,14.50,0.00,0.00,0.00,0.00,0.00
79.40,59.50,18.30,0.00,0.00,0.00,0.00,0.00
73.50,53.70,14.20,0.00,0.00,0.00,0.00,0.00
73.70,53.80,15.70,0.00,0.00,0.00,0.00,0.00
60.70,44.80,14.10,0.00,0.00,0.00,0.00,0.00
67.70,51.50,14.40,0.00,0.00,0.00,0.00,0.00
66.80,50.80,13.50,0.00,0.00,0.00,0.00,0.00
69.30,50.80,15.60,0.00,0.00,0.00,0.00,0.00
64.60,49.30,13.00,0.00,0.00,0.00,0.00,0.00
72.90,55.20,15.10,0.00,0.00,0.00,0.00,0.00
63.10,47.50,15.40,0.00,0.00,0.00,0.00,0.00
67.50,51.20,13.90,0.00,0.00,0.00,0.00,0.00
67.00,49.70,15.60,0.00,0.00,0.00,0.00,0.00
69.90,51.20,14.00,0.00,0.00,0.00,0.00,0.00
87.10,74.50,31.00,0.00,0.00,0.00,0.00,0.00
74.90,54.20,15.10,0.00,0.00,0.00,0.00,0.00
51.40,39.60,9.40,0.00,0.00,0.00,0.00,0.00
60.90,46.30,13.20,0.00,0.00,0.00,0.00,0.00
59.90,45.40,13.00,0.00,0.00,0.00,0.00,0.00
56.90,42.30,11.40,0.00,0.00,0.00,0.00,0.00
60.00,45.20,13.50,0.00,0.00,0.00,0.00,0.00
61.30,45.40,13.50,0.00,0.00,0.00,0.00,0.00
60.90,47.80,13.30,0.00,0.00,0.00,0.00,0.00
60.90,46.00,12.30,0.00,0.00,0.00,0.00,0.00
64.60,46.20,13.30,0.00,0.00,0.00,0.00,0.00
64.10,48.00,13.90,0.00,0.00,0.00,0.00,0.00
57.90,42.50,11.40,0.00,0.00,0.00,0.00,0.00
63.40,46.10,14.80,0.00,0.00,0.00,0.00,0.00
61.40,44.20,12.00,0.00,0.00,0.00,0.00,0.00
62.20,45.80,14.40,0.00,0.00,0.00,0.00,0.00
60.70,46.80,12.70,0.00,0.00,0.00,0.00,0.00
62.00,47.20,13.80,0.00,0.00,0.00,0.00,0.00
60.20,45.20,11.70,0.00,0.00,0.00,0.00,0.00
58.90,45.40,13.90,0.00,0.00,0.00,0.00,0.00
59.10,43.90,14.30,0.00,0.00,0.00,0.00,0.00
61.40,45.10,12.30,0.00,0.00,0.00,0.00,0.00
62.50,47.20,14.50,0.00,0.00,0.00,0.00,0.00
63.40,45.40,14.00,0.00,0.00,0.00,0.00,0.00
58.50,45.50,13.00,0.00,0.00,0.00,0.00,0.00
60.70,43.70,14.10,0.00,0.00,0.00,0.00,0.00
58.10,44.80,13.60,0.00,0.00,0.00,0.00,0.00
61.80,44.90,13.00,0.00,0.00,0.00,0.00,0.00
58.20,44.00,12.70,0.00,0.00,0.00,0.00,0.00
58.00,40.70,12.90,0.00,0.00,0.00,0.00,0.00
64.90,64.90,5.90,0.00,0.00,0.00,0.00,0.00
69.80,51.70,15.20,0.00,0.00,0.00,0.00,0.00
70.80,52.10,13.80,0.00,0.00,0.00,0.00,0.00
62.40,45.60,13.80,0.00,0.00,0.00,0.00,0.00
67.50,49.30,13.10,0.00,0.00,0.00,0.00,0.00
73.30,55.30,15.90,0.00,0.00,0.00,0.00,0.00
61.90,48.10,12.10,0.00,0.00,0.00,0.00,0.00
59.40,45.80,13.90,0.00,0.00,0.00,0.00,0.00
57.00,41.50,13.50,0.00,0.00,0.00,0.00,0.00
65.80,49.80,13.50,0.00,0.00,0.00,0.00,0.00
63.20,46.60,13.60,0.00,0.00,0.00,0.00,0.00
63.40,49.30,12.60,0.00,0.00,0.00,0.00,0.00
60.30,44.20,13.70,0.00,0.00,0.00,0.00,0.00
61.20,47.40,13.50,0.00,0.00,0.00,0.00,0.00
60.80,45.30,13.00,0.00,0.00,0.00,0.00,0.00
62.30,47.70,14.10,0.00,0.00,0.00,0.00,0.00
61.10,44.70,12.70,0.00,0.00,0.00,0.00,0.00
63.10,47.20,13.60,0.00,0.00,0.00,0.00,0.00
64.80,50.10,13.50,0.00,0.00,0.00,0.00,0.00
60.80,45.20,12.90,0.00,0.00,0.00,0.00,0.00
63.70,49.20,11.70,0.00,0.00,0.00,0.00,0.00
60.10,46.00,14.40,0.00,0.00,0.00,0.00,0.00
60.10,47.00,13.20,0.00,0.00,0.00,0.00,0.00
61.80,48.70,13.70,0.00,0.00,0.00,0.00,0.00
63.10,47.30,13.50,0.00,0.00,0.00,0.00,0.00
61.50,45.80,13.20,0.00,0.00,0.00,0.00,0.00
62.70,48.60,13.50,0.00,0.00,0.00,0.00,0.00
63.60,48.00,14.00,0.00,0.00,0.00,0.00,0.00
63.00,47.10,13.30,0.00,0.00,0.00,0.00,0.00
59.30,44.80,13.10,0.00,0.00,0.00,0.00,0.00
55.90,31.00,6.20,0.00,0.00,0.00,0.00,0.00
74.20,54.10,17.50,0.00,0.00,0.00,0.00,0.00
60.70,43.60,11.50,0.00,0.00,0.00,0.00,0.00
73.80,55.30,15.50,0.00,0.00,0.00,0.00,0.00
70.00,53.30,14.00,0.00,0.00,0.00,0.00,0.00
75.10,55.10,15.60,0.00,0.00,0.00,0.00,0.00
68.60,51.60,14.90,0.00,0.00,0.00,0.00,0.00
75.00,54.50,15.50,0.00,0.00,0.00,0.00,0.00
70.90,52.70,14.00,0.00,0.00,0.00,0.00,0.00
72.80,50.50,15.30,0.00,0.00,0.00,0.00,0.00
62.00,48.30,13.30,0.00,0.00,0.00,0.00,0.00
66.50,49.30,14.00,0.00,0.00,0.00,0.00,0.00
68.60,49.90,13.60,0.00,0.00,0.00,0.00,0.00
71.00,54.00,14.60,0.00,0.00,0.00,0.00,0.00
63.30,48.70,14.60,0.00,0.00,0.00,0.00,0.00
70.00,52.10,14.30,0.00,0.00,0.00,0.00,0.00
67.60,49.20,14.00,0.00,0.00,0.00,0.00,0.00
70.10,55.40,14.30,0.00,0.00,0.00,0.00,0.00
64.90,48.60,13.70,0.00,0.00,0.00,0.00,0.00
73.80,55.50,15.80,0.00,0.00,0.00,0.00,0.00
63.80,47.30,11.80,0.00,0.00,0.00,0.00,0.00
70.00,50.60,16.70,0.00,0.00,0.00,0.00,0.00
66.90,52.40,12.20,0.00,0.00,0.00,0.00,0.00
71.90,53.70,15.60,0.00,0.00,0.00,0.00,0.00
68.20,51.90,13.10,0.00,0.00,0.00,0.00,0.00
63.70,47.70,15.90,0.00,0.00,0.00,0.00,0.00
62.90,50.40,11.90,0.00,0.00,0.00,0.00,0.00
69.20,51.10,14.90,0.00,0.00,0.00,0.00,0.00
65.70,50.70,13.10,0.00,0.00,0.00,0.00,0.00
68.30,53.80,15.50,0.00,0.00,0.00,0.00,0.00
43.40,31.00,0.00,0.00,0.00,0.00,0.00,0.00
73.90,51.40,16.30,0.00,0.00,0.00,0.00,0.00
60.60,47.80,12.80,0.00,0.00,0.00,0.00,0.00
57.20,40.10,11.40,0.00,0.00,0.00,0.00,0.00
62.00,44.80,13.30,0.00,0.00,0.00,0.00,0.00
57.60,43.10,11.90,0.00,0.00,0.00,0.00,0.00
62.50,45.10,12.90,0.00,0.00,0.00,0.00,0.00
62.30,45.20,13.50,0.00,0.00,0.00,0.00,0.00
61.40,43.40,11.70,0.00,0.00,0.00,0.00,0.00
63.00,45.00,12.80,0.00,0.00,0.00,0.00,0.00
57.30,43.10,12.30,0.00,0.00,0.00,0.00,0.00
58.20,44.80,13.10,0.00,0.00,0.00,0.00,0.00
56.30,41.40,11.00,0.00,0.00,0.00,0.00,0.00
60.60,46.60,13.20,0.00,0.00,0.00,0.00,0.00
57.60,40.90,12.50,0.00,0.00,0.00,0.00,0.00
63.50,46.20,12.70,0.00,0.00,0.00,0.00,0.00
59.10,42.50,12.20,0.00,0.00,0.00,0.00,0.00
62.20,45.40,12.70,0.00,0.00,0.00,0.00,0.00
61.20,43.70,14.20,0.00,0.00,0.00,0.00,0.00
59.40,42.40,12.20,0.00,0.00,0.00,0.00,0.00
63.30,47.00,13.60,0.00,0.00,0.00,0.00,0.00
62.50,45.00,13.30,0.00,0.00,0.00,0.00,0.00
61.40,45.30,13.70,0.00,0.00,0.00,0.00,0.00
61.80,45.80,12.60,0.00,0.00,0.00,0.00,0.00
50.80,37.30,9.90,0.00,0.00,0.00,0.00,0.00
52.50,37.50,10.30,0.00,0.00,0.00,0.00,0.00
47.00,33.40,9.30,0.00,0.00,0.00,0.00,0.00
63.70,45.00,15.40,0.00,0.00,0.00,0.00,0.00
66.10,44.50,11.20,0.00,0.00,0.00,0.00,0.00
70.60,46.00,15.80,0.00,0.00,0.00,0.00,0.00
49.70,55.80,31.10,0.00,0.00,0.00,0.00,0.00
78.60,55.90,14.60,0.00,0.00,0.00,0.00,0.00
73.80,51.70,15.30,0.00,0.00,0.00,0.00,0.00
75.50,56.10,14.00,0.00,0.00,0.00,0.00,0.00
76.60,56.10,17.40,0.00,0.00,0.00,0.00,0.00
74.10,56.60,13.50,0.00,0.00,0.00,0.00,0.00
76.20,57.40,16.10,0.00,0.00,0.00,0.00,0.00
73.00,55.20,14.90,0.00,0.00,0.00,0.00,0.00
71.30,52.90,14.30,0.00,0.00,0.00,0.00,0.00
64.20,46.70,14.00,0.00,0.00,0.00,0.00,0.00
69.40,49.00,14.40,0.00,0.00,0.00,0.00,0.00
66.00,49.60,13.60,0.00,0.00,0.00,0.00,0.00
69.90,50.70,14.80,0.00,0.00,0.00,0.00,0.00
70.40,50.20,14.60,0.00,0.00,0.00,0.00,0.00
67.60,49.60,14.50,0.00,0.00,0.00,0.00,0.00
67.00,48.20,13.60,0.00,0.00,0.00,0.00,0.00
69.50,52.80,14.80,0.00,0.00,0.00,0.00,0.00
69.90,50.00,13.80,0.00,0.00,0.00,0.00,0.00
67.20,50.40,12.80,0.00,0.00,0.00,0.00,0.00
70.90,50.20,16.10,0.00,0.00,0.00,0.00,0.00
72.40,52.90,15.10,0.00,0.00,0.00,0.00,0.00
65.90,49.80,13.90,0.00,0.00,0.00,0.00,0.00
71.70,50.80,14.70,0.00,0.00,0.00,0.00,0.00
67.70,50.30,14.60,0.00,0.00,0.00,0.00,0.00
71.70,48.90,15.90,0.00,0.00,0.00,0.00,0.00
69.60,49.10,12.80,0.00,0.00,0.00,0.00,0.00
71.60,50.30,14.20,0.00,0.00,0.00,0.00,0.00
73.00,50.70,14.80,0.00,0.00,0.00,0.00,0.00
70.90,49.20,13.00,0.00,0.00,0.00,0.00,0.00
76.40,51.80,14.20,0.00,0.00,0.00,0.00,0.00
62.10,55.80,12.40,0.00,0.00,0.00,0.00,0.00
66.80,49.20,13.60,0.00,0.00,0.00,0.00,0.00
79.00,60.60,16.90,0.00,0.00,0.00,0.00,0.00
76.60,59.80,16.30,0.00,0.00,0.00,0.00,0.00
79.20,58.90,16.20,0.00,0.00,0.00,0.00,0.00
75.10,59.40,15.60,0.00,0.00,0.00,0.00,0.00
65.60,52.00,15.60,0.00,0.00,0.00,0.00,0.00
74.80,58.30,15.90,0.00,0.00,0.00,0.00,0.00
77.10,59.80,15.30,0.00,0.00,0.00,0.00,0.00
77.40,60.30,17.00,0.00,0.00,0.00,0.00,0.00
74.40,60.00,15.20,0.00,0.00,0.00,0.00,0.00
78.70,58.30,16.80,0.00,0.00,0.00,0.00,0.00
73.40,56.60,15.90,0.00,0.00,0.00,0.00,0.00
70.70,53.00,14.30,0.00,0.00,0.00,0.00,0.00
75.60,57.40,15.60,0.00,0.00,0.00,0.00,0.00
72.20,58.70,16.60,0.00,0.00,0.00,0.00,0.00
73.70,56.30,14.70,0.00,0.00,0.00,0.00,0.00
76.60,58.30,17.10,0.00,0.00,0.00,0.00,0.00
76.00,56.70,14.80,0.00,0.00,0.00,0.00,0.00
74.10,59.30,15.50,0.00,0.00,0.00,0.00,0.00
77.80,57.10,16.50,0.00,0.00,0.00,0.00,0.00
68.50,54.70,15.20,0.00,0.00,0.00,0.00,0.00
54.30,39.20,11.20,0.00,0.00,0.00,0.00,0.00
63.50,46.90,14.40,0.00,0.00,0.00,0.00,0.00
59.70,44.60,12.70,0.00,0.00,0.00,0.00,0.00
62.40,44.50,13.70,0.00,0.00,0.00,0.00,0.00
63.80,45.90,12.90,0.00,0.00,0.00,0.00,0.00
62.10,44.00,13.30,0.00,0.00,0.00,0.00,0.00
57.70,42.70,12.70,0.00,0.00,0.00,0.00,0.00
63.60,45.00,11.60,0.00,0.00,0.00,0.00,0.00
