#msgr-worker,io_context_pool,fio,log,ceph_timer,ms_dispatch,safe_timer,taskfin_librbd
0.00,0.00,0.00,0.00,0.00,0.00,0.00,0.00
377.20,252.70,95.10,0.00,0.00,0.00,0.00,0.00
376.30,255.40,97.00,0.00,0.00,0.00,0.00,0.00
378.40,255.40,98.00,0.00,0.00,0.00,0.00,0.00
375.60,254.30,96.30,0.00,0.00,0.00,0.00,0.00
375.80,253.30,96.00,0.00,0.00,0.00,0.00,0.00
376.50,253.10,95.70,0.00,0.00,0.00,0.00,0.00
376.10,252.40,97.20,0.00,0.00,0.00,0.00,0.00
374.90,255.80,95.40,0.00,0.00,0.00,0.00,0.00
376.30,252.70,96.10,0.00,0.00,0.00,0.00,0.00
376.60,254.00,96.10,0.00,0.00,0.00,0.00,0.00
374.90,252.90,96.30,0.00,0.00,0.00,0.00,0.00
367.00,248.40,95.30,0.00,0.00,0.00,0.00,0.00
1.30,0.60,0.70,0.00,0.00,0.00,0.00,0.00
0.00,0.00,0.30,0.00,0.00,0.00,0.00,0.00
0.00,0.00,0.30,0.00,0.00,0.00,0.00,0.00
0.60,0.00,0.30,0.00,0.00,0.00,0.00,0.00
0.30,0.00,0.30,0.00,0.00,0.00,0.00,0.00
0.00,0.00,0.30,0.00,0.00,0.00,0.00,0.00
0.00,0.00,0.30,0.00,0.00,0.00,0.00,0.00
0.00,0.00,0.30,0.00,0.00,0.00,0.00,0.00
0.00,0.00,0.00,0.00,0.00,0.00,0.00,0.00
0.00,0.00,0.00,0.00,0.00,0.00,0.00,0.00
0.00,0.00,0.00,0.00,0.00,0.00,0.00,0.00
0.00,0.00,0.00,0.00,0.00,0.00,0.00,0.00
0.00,0.00,0.00,0.00,0.00,0.00,0.00,0.00
0.00,0.00,0.00,0.00,0.00,0.00,0.00,0.00
0.00,0.00,0.00,0.00,0.00,0.00,0.00,0.00
0.00,0.00,0.00,0.00,0.00,0.00,0.00,0.00
0.00,0.00,0.00,0.00,0.00,0.00,0.00,0.00
