#msgr-worker,io_context_pool,fio,log,ceph_timer,ms_dispatch,safe_timer,taskfin_librbd
0.00,0.00,0.00,0.00,0.00,0.00,0.00,0.00
424.10,285.00,107.40,0.00,0.00,0.00,0.00,0.00
424.60,285.20,108.90,0.00,0.00,0.00,0.00,0.00
422.80,284.70,108.00,0.00,0.00,0.00,0.00,0.00
424.10,284.50,108.60,0.00,0.00,0.00,0.00,0.00
425.30,283.20,109.50,0.00,0.00,0.00,0.00,0.00
424.10,286.60,110.30,0.00,0.00,0.00,0.00,0.00
421.90,283.00,108.70,0.00,0.00,0.00,0.00,0.00
423.50,283.60,108.90,0.00,0.00,0.00,0.00,0.00
423.20,283.70,109.20,0.00,0.00,0.00,0.00,0.00
422.60,282.90,107.10,0.00,0.00,0.00,0.00,0.00
423.90,283.90,108.30,0.00,0.00,0.00,0.00,0.00
423.60,284.50,108.00,0.00,0.00,0.00,0.00,0.00
424.70,285.30,109.20,0.00,0.00,0.00,0.00,0.00
421.90,284.00,110.10,0.00,0.00,0.00,0.00,0.00
423.10,282.30,108.00,0.00,0.00,0.00,0.00,0.00
423.80,285.20,108.30,0.00,0.00,0.00,0.00,0.00
423.20,283.40,108.30,0.00,0.00,0.00,0.00,0.00
424.90,283.80,110.40,0.00,0.00,0.00,0.00,0.00
419.60,283.40,107.50,0.00,0.00,0.00,0.00,0.00
424.90,285.20,108.90,0.00,0.00,0.00,0.00,0.00
422.70,280.80,108.60,0.00,0.00,0.00,0.00,0.00
423.30,285.00,108.90,0.00,0.00,0.00,0.00,0.00
420.90,285.20,108.50,0.00,0.00,0.00,0.00,0.00
423.60,285.00,109.20,0.00,0.00,0.00,0.00,0.00
423.60,282.70,107.40,0.00,0.00,0.00,0.00,0.00
421.60,281.50,108.30,0.00,0.00,0.00,0.00,0.00
424.10,284.60,110.70,0.00,0.00,0.00,0.00,0.00
423.70,284.90,106.00,0.00,0.00,0.00,0.00,0.00
422.80,284.80,111.30,0.00,0.00,0.00,0.00,0.00
499.70,418.90,123.90,0.00,0.00,0.00,0.00,0.00
580.10,419.90,152.80,0.00,0.00,0.00,0.00,0.00
579.70,417.20,152.90,0.00,0.00,0.00,0.00,0.00
578.20,416.40,150.50,0.00,0.00,0.00,0.00,0.00
577.20,420.40,152.80,0.00,0.00,0.00,0.00,0.00
579.60,420.40,151.20,0.00,0.00,0.00,0.00,0.00
578.00,415.80,153.40,0.00,0.00,0.00,0.00,0.00
577.40,419.30,151.60,0.00,0.00,0.00,0.00,0.00
580.50,418.20,152.70,0.00,0.00,0.00,0.00,0.00
576.60,420.70,152.80,0.00,0.00,0.00,0.00,0.00
577.40,416.70,152.00,0.00,0.00,0.00,0.00,0.00
581.00,418.00,152.50,0.00,0.00,0.00,0.00,0.00
579.80,420.50,152.80,0.00,0.00,0.00,0.00,0.00
580.40,418.10,152.40,0.00,0.00,0.00,0.00,0.00
581.50,420.70,153.00,0.00,0.00,0.00,0.00,0.00
580.40,420.70,153.10,0.00,0.00,0.00,0.00,0.00
578.30,420.50,152.00,0.00,0.00,0.00,0.00,0.00
582.90,419.00,154.10,0.00,0.00,0.00,0.00,0.00
578.10,419.00,153.10,0.00,0.00,0.00,0.00,0.00
578.00,415.70,152.70,0.00,0.00,0.00,0.00,0.00
578.50,420.30,153.30,0.00,0.00,0.00,0.00,0.00
580.40,417.70,151.20,0.00,0.00,0.00,0.00,0.00
578.90,418.90,153.00,0.00,0.00,0.00,0.00,0.00
581.30,418.00,150.90,0.00,0.00,0.00,0.00,0.00
581.40,417.20,156.00,0.00,0.00,0.00,0.00,0.00
580.60,423.90,152.00,0.00,0.00,0.00,0.00,0.00
580.90,418.40,152.90,0.00,0.00,0.00,0.00,0.00
579.50,421.30,152.20,0.00,0.00,0.00,0.00,0.00
581.80,418.00,152.80,0.00,0.00,0.00,0.00,0.00
577.10,417.10,152.50,0.00,0.00,0.00,0.00,0.00
837.20,636.20,249.20,0.00,0.00,0.00,0.00,0.00
794.30,629.90,213.60,0.00,0.00,0.00,0.00,0.00
791.20,629.30,216.30,0.00,0.00,0.00,0.00,0.00
794.20,628.70,215.90,0.00,0.00,0.00,0.00,0.00
792.60,628.80,216.50,0.00,0.00,0.00,0.00,0.00
794.10,626.40,216.40,0.00,0.00,0.00,0.00,0.00
796.50,634.00,218.20,0.00,0.00,0.00,0.00,0.00
795.90,633.20,217.10,0.00,0.00,0.00,0.00,0.00
791.70,630.20,218.20,0.00,0.00,0.00,0.00,0.00
795.60,631.10,216.70,0.00,0.00,0.00,0.00,0.00
793.80,630.80,218.70,0.00,0.00,0.00,0.00,0.00
796.70,632.00,215.90,0.00,0.00,0.00,0.00,0.00
798.50,636.70,219.30,0.00,0.00,0.00,0.00,0.00
796.10,632.30,218.20,0.00,0.00,0.00,0.00,0.00
797.10,633.50,216.70,0.00,0.00,0.00,0.00,0.00
797.30,633.30,218.90,0.00,0.00,0.00,0.00,0.00
798.70,635.00,216.20,0.00,0.00,0.00,0.00,0.00
796.50,633.10,217.20,0.00,0.00,0.00,0.00,0.00
801.30,634.90,219.30,0.00,0.00,0.00,0.00,0.00
801.50,636.90,218.90,0.00,0.00,0.00,0.00,0.00
799.80,637.60,218.40,0.00,0.00,0.00,0.00,0.00
801.40,636.30,219.00,0.00,0.00,0.00,0.00,0.00
803.00,638.00,219.30,0.00,0.00,0.00,0.00,0.00
803.40,638.00,220.40,0.00,0.00,0.00,0.00,0.00
803.70,640.40,219.80,0.00,0.00,0.00,0.00,0.00
801.10,640.20,220.70,0.00,0.00,0.00,0.00,0.00
807.20,644.50,220.80,0.00,0.00,0.00,0.00,0.00
805.10,635.70,220.10,0.00,0.00,0.00,0.00,0.00
801.80,641.50,220.50,0.00,0.00,0.00,0.00,0.00
803.20,642.20,219.00,0.00,0.00,0.00,0.00,0.00
774.90,655.60,161.70,0.00,0.00,0.00,0.00,0.00
725.60,636.30,201.50,0.00,0.00,0.00,0.00,0.00
728.30,638.10,203.30,0.00,0.00,0.00,0.00,0.00
728.60,635.20,201.70,0.00,0.00,0.00,0.00,0.00
724.80,634.20,203.50,0.00,0.00,0.00,0.00,0.00
725.40,633.70,201.10,0.00,0.00,0.00,0.00,0.00
728.60,638.10,201.30,0.00,0.00,0.00,0.00,0.00
728.40,636.10,201.50,0.00,0.00,0.00,0.00,0.00
724.90,633.90,203.60,0.00,0.00,0.00,0.00,0.00
730.20,637.50,202.20,0.00,0.00,0.00,0.00,0.00
726.70,637.40,202.60,0.00,0.00,0.00,0.00,0.00
728.00,636.80,203.30,0.00,0.00,0.00,0.00,0.00
727.90,636.40,203.70,0.00,0.00,0.00,0.00,0.00
729.30,637.10,200.00,0.00,0.00,0.00,0.00,0.00
724.50,632.20,202.00,0.00,0.00,0.00,0.00,0.00
729.90,636.90,203.00,0.00,0.00,0.00,0.00,0.00
726.80,640.60,202.30,0.00,0.00,0.00,0.00,0.00
730.00,636.90,204.40,0.00,0.00,0.00,0.00,0.00
725.40,635.10,201.20,0.00,0.00,0.00,0.00,0.00
723.50,632.80,201.60,0.00,0.00,0.00,0.00,0.00
727.60,636.60,201.40,0.00,0.00,0.00,0.00,0.00
727.60,634.90,202.90,0.00,0.00,0.00,0.00,0.00
726.90,636.70,202.30,0.00,0.00,0.00,0.00,0.00
729.20,637.90,203.50,0.00,0.00,0.00,0.00,0.00
728.00,636.70,201.10,0.00,0.00,0.00,0.00,0.00
729.60,636.30,203.70,0.00,0.00,0.00,0.00,0.00
729.30,637.60,203.80,0.00,0.00,0.00,0.00,0.00
726.10,638.80,201.70,0.00,0.00,0.00,0.00,0.00
728.40,635.10,202.20,0.00,0.00,0.00,0.00,0.00
727.20,636.50,202.50,0.00,0.00,0.00,0.00,0.00
912.10,957.30,192.80,0.00,0.00,0.00,0.00,0.00
844.40,816.50,247.70,0.00,0.00,0.00,0.00,0.00
849.40,821.60,250.10,0.00,0.00,0.00,0.00,0.00
845.10,815.30,246.30,0.00,0.00,0.00,0.00,0.00
849.30,823.40,248.10,0.00,0.00,0.00,0.00,0.00
849.60,822.50,248.40,0.00,0.00,0.00,0.00,0.00
847.60,823.20,248.70,0.00,0.00,0.00,0.00,0.00
849.00,824.10,248.60,0.00,0.00,0.00,0.00,0.00
851.00,827.00,249.40,0.00,0.00,0.00,0.00,0.00
851.10,823.60,247.70,0.00,0.00,0.00,0.00,0.00
843.70,819.40,250.00,0.00,0.00,0.00,0.00,0.00
852.60,826.70,248.60,0.00,0.00,0.00,0.00,0.00
848.90,825.20,248.00,0.00,0.00,0.00,0.00,0.00
849.70,825.70,248.50,0.00,0.00,0.00,0.00,0.00
850.90,820.40,249.30,0.00,0.00,0.00,0.00,0.00
850.60,825.40,249.80,0.00,0.00,0.00,0.00,0.00
850.50,824.80,248.50,0.00,0.00,0.00,0.00,0.00
845.90,818.20,246.50,0.00,0.00,0.00,0.00,0.00
851.30,825.40,249.40,0.00,0.00,0.00,0.00,0.00
848.20,824.10,248.80,0.00,0.00,0.00,0.00,0.00
848.10,820.70,246.60,0.00,0.00,0.00,0.00,0.00
845.60,821.80,248.60,0.00,0.00,0.00,0.00,0.00
846.80,822.60,247.80,0.00,0.00,0.00,0.00,0.00
848.80,819.50,248.40,0.00,0.00,0.00,0.00,0.00
848.00,823.20,249.90,0.00,0.00,0.00,0.00,0.00
849.50,825.30,248.80,0.00,0.00,0.00,0.00,0.00
845.30,813.80,246.90,0.00,0.00,0.00,0.00,0.00
847.70,822.60,248.70,0.00,0.00,0.00,0.00,0.00
849.40,823.00,246.60,0.00,0.00,0.00,0.00,0.00
847.20,820.90,247.60,0.00,0.00,0.00,0.00,0.00
658.50,630.10,206.50,0.00,0.00,0.00,0.00,0.00
680.60,638.70,196.80,0.00,0.00,0.00,0.00,0.00
681.80,638.70,197.50,0.00,0.00,0.00,0.00,0.00
678.80,634.10,197.20,0.00,0.00,0.00,0.00,0.00
678.50,629.40,196.90,0.00,0.00,0.00,0.00,0.00
682.10,638.20,197.40,0.00,0.00,0.00,0.00,0.00
679.00,632.60,197.40,0.00,0.00,0.00,0.00,0.00
678.80,634.80,198.00,0.00,0.00,0.00,0.00,0.00
679.70,638.10,197.60,0.00,0.00,0.00,0.00,0.00
685.20,640.40,196.90,0.00,0.00,0.00,0.00,0.00
681.30,634.50,200.50,0.00,0.00,0.00,0.00,0.00
686.20,641.20,199.20,0.00,0.00,0.00,0.00,0.00
684.10,639.90,198.20,0.00,0.00,0.00,0.00,0.00
685.60,641.20,199.80,0.00,0.00,0.00,0.00,0.00
682.60,639.30,198.10,0.00,0.00,0.00,0.00,0.00
677.00,628.10,197.70,0.00,0.00,0.00,0.00,0.00
680.80,638.40,197.80,0.00,0.00,0.00,0.00,0.00
680.70,634.90,196.40,0.00,0.00,0.00,0.00,0.00
681.20,637.60,197.40,0.00,0.00,0.00,0.00,0.00
685.40,641.40,201.40,0.00,0.00,0.00,0.00,0.00
685.80,641.40,198.90,0.00,0.00,0.00,0.00,0.00
685.50,637.50,196.90,0.00,0.00,0.00,0.00,0.00
683.20,640.90,198.70,0.00,0.00,0.00,0.00,0.00
685.90,638.60,198.80,0.00,0.00,0.00,0.00,0.00
683.10,636.40,198.70,0.00,0.00,0.00,0.00,0.00
691.30,643.10,200.00,0.00,0.00,0.00,0.00,0.00
684.60,643.30,201.60,0.00,0.00,0.00,0.00,0.00
679.70,636.70,196.90,0.00,0.00,0.00,0.00,0.00
685.60,637.60,199.40,0.00,0.00,0.00,0.00,0.00
686.00,641.00,198.20,0.00,0.00,0.00,0.00,0.00
870.30,864.50,259.60,0.00,0.00,0.00,0.00,0.00
847.80,817.80,248.00,0.00,0.00,0.00,0.00,0.00
849.10,815.80,248.00,0.00,0.00,0.00,0.00,0.00
834.60,804.50,246.10,0.00,0.00,0.00,0.00,0.00
842.80,814.70,248.80,0.00,0.00,0.00,0.00,0.00
837.70,814.80,246.70,0.00,0.00,0.00,0.00,0.00
849.70,816.00,248.30,0.00,0.00,0.00,0.00,0.00
846.70,819.90,246.30,0.00,0.00,0.00,0.00,0.00
849.90,819.10,249.70,0.00,0.00,0.00,0.00,0.00
848.70,821.00,250.20,0.00,0.00,0.00,0.00,0.00
849.20,815.30,250.40,0.00,0.00,0.00,0.00,0.00
841.40,814.70,245.90,0.00,0.00,0.00,0.00,0.00
841.50,817.30,248.90,0.00,0.00,0.00,0.00,0.00
843.50,814.10,247.40,0.00,0.00,0.00,0.00,0.00
841.70,812.60,247.70,0.00,0.00,0.00,0.00,0.00
830.10,810.30,245.40,0.00,0.00,0.00,0.00,0.00
841.50,815.90,248.00,0.00,0.00,0.00,0.00,0.00
838.80,810.20,247.50,0.00,0.00,0.00,0.00,0.00
842.10,812.40,246.60,0.00,0.00,0.00,0.00,0.00
845.70,816.00,247.00,0.00,0.00,0.00,0.00,0.00
839.90,810.50,246.30,0.00,0.00,0.00,0.00,0.00
848.30,817.40,251.00,0.00,0.00,0.00,0.00,0.00
844.70,818.80,245.40,0.00,0.00,0.00,0.00,0.00
847.80,821.10,251.20,0.00,0.00,0.00,0.00,0.00
840.30,810.60,248.00,0.00,0.00,0.00,0.00,0.00
841.30,811.60,245.70,0.00,0.00,0.00,0.00,0.00
844.00,814.30,247.90,0.00,0.00,0.00,0.00,0.00
842.20,816.00,248.80,0.00,0.00,0.00,0.00,0.00
839.70,812.40,247.30,0.00,0.00,0.00,0.00,0.00
841.30,810.50,246.20,0.00,0.00,0.00,0.00,0.00
611.40,560.20,206.50,0.00,0.00,0.00,0.00,0.00
665.10,613.40,191.70,0.00,0.00,0.00,0.00,0.00
669.50,620.10,195.60,0.00,0.00,0.00,0.00,0.00
668.10,615.70,191.50,0.00,0.00,0.00,0.00,0.00
663.80,612.20,193.10,0.00,0.00,0.00,0.00,0.00
666.50,616.30,192.80,0.00,0.00,0.00,0.00,0.00
655.60,606.40,193.10,0.00,0.00,0.00,0.00,0.00
669.10,614.00,190.60,0.00,0.00,0.00,0.00,0.00
664.40,612.50,191.00,0.00,0.00,0.00,0.00,0.00
669.90,624.20,196.70,0.00,0.00,0.00,0.00,0.00
667.00,616.40,190.90,0.00,0.00,0.00,0.00,0.00
670.00,619.50,194.90,0.00,0.00,0.00,0.00,0.00
663.30,608.80,190.10,0.00,0.00,0.00,0.00,0.00
666.00,615.70,195.10,0.00,0.00,0.00,0.00,0.00
667.40,617.60,191.80,0.00,0.00,0.00,0.00,0.00
669.70,621.00,195.40,0.00,0.00,0.00,0.00,0.00
669.00,620.90,193.80,0.00,0.00,0.00,0.00,0.00
667.00,617.50,192.30,0.00,0.00,0.00,0.00,0.00
667.60,620.50,193.00,0.00,0.00,0.00,0.00,0.00
669.40,617.70,194.80,0.00,0.00,0.00,0.00,0.00
670.30,618.30,194.50,0.00,0.00,0.00,0.00,0.00
667.80,622.10,194.10,0.00,0.00,0.00,0.00,0.00
659.60,603.90,188.40,0.00,0.00,0.00,0.00,0.00
666.00,612.10,191.70,0.00,0.00,0.00,0.00,0.00
665.50,615.10,193.20,0.00,0.00,0.00,0.00,0.00
665.80,611.40,192.70,0.00,0.00,0.00,0.00,0.00
664.90,613.50,192.80,0.00,0.00,0.00,0.00,0.00
665.80,612.20,192.00,0.00,0.00,0.00,0.00,0.00
666.80,615.00,191.40,0.00,0.00,0.00,0.00,0.00
670.50,615.50,193.60,0.00,0.00,0.00,0.00,0.00
893.40,850.30,230.60,0.00,0.00,0.00,0.00,0.00
834.70,796.60,244.80,0.00,0.00,0.00,0.00,0.00
840.60,800.60,247.70,0.00,0.00,0.00,0.00,0.00
836.30,795.90,246.00,0.00,0.00,0.00,0.00,0.00
831.60,788.60,243.50,0.00,0.00,0.00,0.00,0.00
845.00,803.10,247.60,0.00,0.00,0.00,0.00,0.00
849.10,805.70,248.80,0.00,0.00,0.00,0.00,0.00
838.10,799.60,246.50,0.00,0.00,0.00,0.00,0.00
847.80,810.60,248.00,0.00,0.00,0.00,0.00,0.00
843.70,805.20,248.20,0.00,0.00,0.00,0.00,0.00
842.70,810.40,248.40,0.00,0.00,0.00,0.00,0.00
851.30,818.30,251.20,0.00,0.00,0.00,0.00,0.00
849.70,814.90,251.70,0.00,0.00,0.00,0.00,0.00
849.90,810.80,249.40,0.00,0.00,0.00,0.00,0.00
843.20,801.80,247.20,0.00,0.00,0.00,0.00,0.00
842.50,804.70,247.60,0.00,0.00,0.00,0.00,0.00
851.50,813.80,252.60,0.00,0.00,0.00,0.00,0.00
842.40,802.80,247.30,0.00,0.00,0.00,0.00,0.00
844.80,804.40,247.70,0.00,0.00,0.00,0.00,0.00
838.00,798.10,245.40,0.00,0.00,0.00,0.00,0.00
847.80,813.30,250.50,0.00,0.00,0.00,0.00,0.00
840.10,799.90,247.20,0.00,0.00,0.00,0.00,0.00
842.70,807.30,249.10,0.00,0.00,0.00,0.00,0.00
848.70,808.30,248.10,0.00,0.00,0.00,0.00,0.00
848.60,804.90,248.40,0.00,0.00,0.00,0.00,0.00
845.80,809.70,250.70,0.00,0.00,0.00,0.00,0.00
848.50,799.40,245.60,0.00,0.00,0.00,0.00,0.00
839.80,801.80,247.40,0.00,0.00,0.00,0.00,0.00
843.50,806.40,249.20,0.00,0.00,0.00,0.00,0.00
840.50,802.70,248.10,0.00,0.00,0.00,0.00,0.00
635.20,601.00,177.00,0.00,0.00,0.00,0.00,0.00
665.30,607.00,191.20,0.00,0.00,0.00,0.00,0.00
668.40,617.80,194.60,0.00,0.00,0.00,0.00,0.00
664.40,609.70,194.20,0.00,0.00,0.00,0.00,0.00
661.10,613.80,193.70,0.00,0.00,0.00,0.00,0.00
670.50,615.50,194.50,0.00,0.00,0.00,0.00,0.00
657.70,604.70,190.80,0.00,0.00,0.00,0.00,0.00
658.40,600.60,191.30,0.00,0.00,0.00,0.00,0.00
643.40,588.30,187.30,0.00,0.00,0.00,0.00,0.00
654.30,596.20,191.50,0.00,0.00,0.00,0.00,0.00
649.20,592.80,187.50,0.00,0.00,0.00,0.00,0.00
637.20,583.00,188.40,0.00,0.00,0.00,0.00,0.00
647.00,586.50,185.50,0.00,0.00,0.00,0.00,0.00
650.20,594.40,187.30,0.00,0.00,0.00,0.00,0.00
649.00,590.10,189.90,0.00,0.00,0.00,0.00,0.00
649.80,593.90,190.00,0.00,0.00,0.00,0.00,0.00
646.00,589.30,186.90,0.00,0.00,0.00,0.00,0.00
653.70,598.40,191.70,0.00,0.00,0.00,0.00,0.00
659.50,602.20,191.10,0.00,0.00,0.00,0.00,0.00
680.80,623.60,200.20,0.00,0.00,0.00,0.00,0.00
667.30,614.10,193.40,0.00,0.00,0.00,0.00,0.00
649.40,589.40,189.80,0.00,0.00,0.00,0.00,0.00
652.30,592.10,189.30,0.00,0.00,0.00,0.00,0.00
642.80,584.60,186.80,0.00,0.00,0.00,0.00,0.00
650.00,591.00,188.10,0.00,0.00,0.00,0.00,0.00
650.10,591.00,189.70,0.00,0.00,0.00,0.00,0.00
639.20,580.80,187.20,0.00,0.00,0.00,0.00,0.00
644.10,587.20,184.70,0.00,0.00,0.00,0.00,0.00
646.30,591.70,187.80,0.00,0.00,0.00,0.00,0.00
647.30,585.10,187.60,0.00,0.00,0.00,0.00,0.00
