#msgr-worker,io_context_pool,fio,log,ceph_timer,ms_dispatch,safe_timer,taskfin_librbd
0.00,0.00,0.00,0.00,0.00,0.00,0.00,0.00
237.20,129.60,78.00,0.00,0.00,0.00,0.00,0.00
234.50,123.90,76.70,0.00,0.00,0.00,0.00,0.00
236.40,126.40,78.90,0.00,0.00,0.00,0.00,0.00
229.00,123.60,72.10,0.00,0.00,0.00,0.00,0.00
235.70,124.90,80.00,0.00,0.00,0.00,0.00,0.00
234.80,125.00,78.10,0.00,0.00,0.00,0.00,0.00
237.80,129.30,74.20,0.00,0.00,0.00,0.00,0.00
240.80,128.60,79.40,0.00,0.00,0.00,0.00,0.00
235.10,128.60,75.80,0.00,0.00,0.00,0.00,0.00
236.30,125.90,83.30,0.00,0.00,0.00,0.00,0.00
237.50,129.30,77.50,0.00,0.00,0.00,0.00,0.00
235.40,129.90,77.90,0.00,0.00,0.00,0.00,0.00
240.00,129.10,78.10,0.00,0.00,0.00,0.00,0.00
235.40,127.30,77.50,0.00,0.00,0.00,0.00,0.00
239.60,129.80,76.00,0.00,0.00,0.00,0.00,0.00
234.50,127.20,77.90,0.00,0.00,0.00,0.00,0.00
236.90,127.20,78.80,0.00,0.00,0.00,0.00,0.00
235.70,128.20,77.80,0.00,0.00,0.00,0.00,0.00
236.20,128.00,77.60,0.00,0.00,0.00,0.00,0.00
239.50,130.90,87.80,0.00,0.00,0.00,0.00,0.00
235.10,126.50,77.50,0.00,0.00,0.00,0.00,0.00
239.30,132.10,76.00,0.00,0.00,0.00,0.00,0.00
232.90,123.30,77.50,0.00,0.00,0.00,0.00,0.00
235.10,127.40,76.40,0.00,0.00,0.00,0.00,0.00
236.60,129.10,77.20,0.00,0.00,0.00,0.00,0.00
237.20,128.70,75.70,0.00,0.00,0.00,0.00,0.00
238.10,131.30,81.00,0.00,0.00,0.00,0.00,0.00
237.50,125.00,78.50,0.00,0.00,0.00,0.00,0.00
239.00,131.50,76.70,0.00,0.00,0.00,0.00,0.00
149.20,68.20,43.50,0.00,0.00,0.00,0.00,0.00
245.00,140.90,78.30,0.00,0.00,0.00,0.00,0.00
223.80,129.80,73.90,0.00,0.00,0.00,0.00,0.00
244.00,137.80,82.70,0.00,0.00,0.00,0.00,0.00
251.10,140.30,81.30,0.00,0.00,0.00,0.00,0.00
229.80,134.00,75.40,0.00,0.00,0.00,0.00,0.00
239.60,137.80,81.50,0.00,0.00,0.00,0.00,0.00
229.80,131.30,75.40,0.00,0.00,0.00,0.00,0.00
221.90,132.80,73.90,0.00,0.00,0.00,0.00,0.00
233.60,132.50,76.30,0.00,0.00,0.00,0.00,0.00
233.60,136.20,76.10,0.00,0.00,0.00,0.00,0.00
217.30,126.50,73.30,0.00,0.00,0.00,0.00,0.00
222.90,131.90,77.30,0.00,0.00,0.00,0.00,0.00
233.80,137.40,76.80,0.00,0.00,0.00,0.00,0.00
224.50,129.20,73.60,0.00,0.00,0.00,0.00,0.00
228.10,133.40,76.30,0.00,0.00,0.00,0.00,0.00
229.80,135.50,75.10,0.00,0.00,0.00,0.00,0.00
236.90,137.40,78.90,0.00,0.00,0.00,0.00,0.00
216.60,128.00,72.10,0.00,0.00,0.00,0.00,0.00
228.60,132.20,74.80,0.00,0.00,0.00,0.00,0.00
238.40,137.90,79.80,0.00,0.00,0.00,0.00,0.00
215.10,126.50,71.20,0.00,0.00,0.00,0.00,0.00
233.30,135.80,76.60,0.00,0.00,0.00,0.00,0.00
228.00,131.00,80.30,0.00,0.00,0.00,0.00,0.00
221.10,126.50,75.70,0.00,0.00,0.00,0.00,0.00
236.30,137.00,77.00,0.00,0.00,0.00,0.00,0.00
246.30,142.10,80.80,0.00,0.00,0.00,0.00,0.00
237.50,137.00,78.80,0.00,0.00,0.00,0.00,0.00
243.70,138.60,79.80,0.00,0.00,0.00,0.00,0.00
235.00,136.10,75.10,0.00,0.00,0.00,0.00,0.00
230.60,174.00,99.40,0.00,0.00,0.00,0.00,0.00
260.20,151.70,83.60,0.00,0.00,0.00,0.00,0.00
262.30,154.60,88.60,0.00,0.00,0.00,0.00,0.00
272.70,158.60,89.60,0.00,0.00,0.00,0.00,0.00
264.20,156.60,85.90,0.00,0.00,0.00,0.00,0.00
261.20,150.60,89.50,0.00,0.00,0.00,0.00,0.00
249.30,144.50,80.00,0.00,0.00,0.00,0.00,0.00
256.30,148.50,82.40,0.00,0.00,0.00,0.00,0.00
255.80,148.40,84.40,0.00,0.00,0.00,0.00,0.00
258.80,151.80,84.70,0.00,0.00,0.00,0.00,0.00
257.90,149.90,88.50,0.00,0.00,0.00,0.00,0.00
254.50,146.30,80.20,0.00,0.00,0.00,0.00,0.00
261.30,149.40,84.40,0.00,0.00,0.00,0.00,0.00
259.40,150.50,85.60,0.00,0.00,0.00,0.00,0.00
257.40,152.70,84.40,0.00,0.00,0.00,0.00,0.00
261.40,153.20,85.20,0.00,0.00,0.00,0.00,0.00
257.20,150.30,84.80,0.00,0.00,0.00,0.00,0.00
267.70,159.50,89.80,0.00,0.00,0.00,0.00,0.00
264.70,155.10,88.60,0.00,0.00,0.00,0.00,0.00
248.90,150.90,90.40,0.00,0.00,0.00,0.00,0.00
264.30,163.80,88.90,0.00,0.00,0.00,0.00,0.00
243.20,150.00,85.40,0.00,0.00,0.00,0.00,0.00
239.30,146.50,78.70,0.00,0.00,0.00,0.00,0.00
245.70,151.40,83.30,0.00,0.00,0.00,0.00,0.00
240.20,146.70,80.90,0.00,0.00,0.00,0.00,0.00
247.00,148.40,82.40,0.00,0.00,0.00,0.00,0.00
256.00,156.00,86.10,0.00,0.00,0.00,0.00,0.00
251.40,153.20,85.80,0.00,0.00,0.00,0.00,0.00
239.50,146.90,83.80,0.00,0.00,0.00,0.00,0.00
249.50,153.80,82.70,0.00,0.00,0.00,0.00,0.00
94.40,94.40,35.40,0.00,0.00,0.00,0.00,0.00
208.80,128.70,81.50,0.00,0.00,0.00,0.00,0.00
198.90,128.90,77.60,0.00,0.00,0.00,0.00,0.00
196.20,128.90,77.40,0.00,0.00,0.00,0.00,0.00
206.70,131.50,81.80,0.00,0.00,0.00,0.00,0.00
199.70,131.50,77.70,0.00,0.00,0.00,0.00,0.00
197.00,125.90,79.10,0.00,0.00,0.00,0.00,0.00
208.10,132.10,80.50,0.00,0.00,0.00,0.00,0.00
197.50,127.40,75.60,0.00,0.00,0.00,0.00,0.00
201.20,128.90,77.90,0.00,0.00,0.00,0.00,0.00
213.00,133.70,82.90,0.00,0.00,0.00,0.00,0.00
207.80,130.70,77.80,0.00,0.00,0.00,0.00,0.00
203.90,131.30,83.90,0.00,0.00,0.00,0.00,0.00
216.10,135.80,84.20,0.00,0.00,0.00,0.00,0.00
212.20,135.50,83.40,0.00,0.00,0.00,0.00,0.00
203.40,132.20,77.80,0.00,0.00,0.00,0.00,0.00
200.90,129.20,78.70,0.00,0.00,0.00,0.00,0.00
209.90,132.50,81.90,0.00,0.00,0.00,0.00,0.00
197.10,126.20,77.90,0.00,0.00,0.00,0.00,0.00
207.20,132.20,79.50,0.00,0.00,0.00,0.00,0.00
218.10,138.30,85.60,0.00,0.00,0.00,0.00,0.00
205.20,129.10,77.70,0.00,0.00,0.00,0.00,0.00
205.00,132.80,80.20,0.00,0.00,0.00,0.00,0.00
209.40,131.60,81.90,0.00,0.00,0.00,0.00,0.00
212.70,134.90,90.40,0.00,0.00,0.00,0.00,0.00
206.10,129.40,78.40,0.00,0.00,0.00,0.00,0.00
214.10,135.70,80.40,0.00,0.00,0.00,0.00,0.00
228.00,139.80,87.50,0.00,0.00,0.00,0.00,0.00
205.70,128.70,79.80,0.00,0.00,0.00,0.00,0.00
217.10,135.20,82.10,0.00,0.00,0.00,0.00,0.00
136.70,93.10,86.90,0.00,0.00,0.00,0.00,0.00
164.00,106.90,76.20,0.00,0.00,0.00,0.00,0.00
158.20,107.70,78.00,0.00,0.00,0.00,0.00,0.00
171.80,114.10,81.20,0.00,0.00,0.00,0.00,0.00
171.00,112.20,81.40,0.00,0.00,0.00,0.00,0.00
163.30,104.10,77.90,0.00,0.00,0.00,0.00,0.00
168.50,110.40,82.60,0.00,0.00,0.00,0.00,0.00
169.60,112.10,81.20,0.00,0.00,0.00,0.00,0.00
161.90,108.80,78.10,0.00,0.00,0.00,0.00,0.00
170.20,109.50,79.80,0.00,0.00,0.00,0.00,0.00
177.30,116.40,85.80,0.00,0.00,0.00,0.00,0.00
165.80,103.70,79.10,0.00,0.00,0.00,0.00,0.00
167.70,111.80,82.60,0.00,0.00,0.00,0.00,0.00
176.80,115.10,84.50,0.00,0.00,0.00,0.00,0.00
162.30,109.00,79.40,0.00,0.00,0.00,0.00,0.00
169.80,110.60,80.40,0.00,0.00,0.00,0.00,0.00
176.30,110.50,82.50,0.00,0.00,0.00,0.00,0.00
176.50,114.30,82.10,0.00,0.00,0.00,0.00,0.00
165.70,109.50,80.90,0.00,0.00,0.00,0.00,0.00
176.50,112.50,82.80,0.00,0.00,0.00,0.00,0.00
167.50,111.00,80.80,0.00,0.00,0.00,0.00,0.00
168.30,109.50,79.90,0.00,0.00,0.00,0.00,0.00
169.00,108.60,82.40,0.00,0.00,0.00,0.00,0.00
160.80,104.10,80.60,0.00,0.00,0.00,0.00,0.00
172.60,113.90,84.30,0.00,0.00,0.00,0.00,0.00
173.50,110.20,83.10,0.00,0.00,0.00,0.00,0.00
165.40,111.00,79.50,0.00,0.00,0.00,0.00,0.00
172.60,111.70,81.10,0.00,0.00,0.00,0.00,0.00
164.00,108.10,75.80,0.00,0.00,0.00,0.00,0.00
168.50,109.20,81.40,0.00,0.00,0.00,0.00,0.00
165.20,53.10,70.80,0.00,0.00,0.00,0.00,0.00
177.30,113.80,89.80,0.00,0.00,0.00,0.00,0.00
171.30,109.80,85.10,0.00,0.00,0.00,0.00,0.00
162.70,107.80,82.90,0.00,0.00,0.00,0.00,0.00
163.10,106.20,83.40,0.00,0.00,0.00,0.00,0.00
156.60,102.80,81.00,0.00,0.00,0.00,0.00,0.00
125.10,77.50,73.60,0.00,0.00,0.00,0.00,0.00
135.40,83.60,76.70,0.00,0.00,0.00,0.00,0.00
132.00,80.40,77.00,0.00,0.00,0.00,0.00,0.00
130.90,84.00,74.50,0.00,0.00,0.00,0.00,0.00
138.10,83.50,76.70,0.00,0.00,0.00,0.00,0.00
134.80,80.00,74.80,0.00,0.00,0.00,0.00,0.00
124.20,79.00,71.70,0.00,0.00,0.00,0.00,0.00
130.80,82.90,76.60,0.00,0.00,0.00,0.00,0.00
130.00,81.40,73.80,0.00,0.00,0.00,0.00,0.00
123.20,77.00,71.30,0.00,0.00,0.00,0.00,0.00
125.90,78.70,70.10,0.00,0.00,0.00,0.00,0.00
124.00,76.00,70.30,0.00,0.00,0.00,0.00,0.00
121.10,76.90,69.40,0.00,0.00,0.00,0.00,0.00
119.80,76.70,69.60,0.00,0.00,0.00,0.00,0.00
114.90,76.90,68.00,0.00,0.00,0.00,0.00,0.00
118.00,73.30,67.50,0.00,0.00,0.00,0.00,0.00
111.10,72.20,67.80,0.00,0.00,0.00,0.00,0.00
118.70,73.30,67.60,0.00,0.00,0.00,0.00,0.00
120.80,78.80,71.30,0.00,0.00,0.00,0.00,0.00
116.40,74.30,65.90,0.00,0.00,0.00,0.00,0.00
118.20,73.30,67.30,0.00,0.00,0.00,0.00,0.00
125.90,79.10,72.80,0.00,0.00,0.00,0.00,0.00
120.00,76.60,68.80,0.00,0.00,0.00,0.00,0.00
110.90,71.00,63.20,0.00,0.00,0.00,0.00,0.00
143.20,93.10,74.40,0.00,0.00,0.00,0.00,0.00
121.00,75.70,69.10,0.00,0.00,0.00,0.00,0.00
127.90,81.90,73.80,0.00,0.00,0.00,0.00,0.00
131.40,79.80,74.80,0.00,0.00,0.00,0.00,0.00
122.50,76.90,70.80,0.00,0.00,0.00,0.00,0.00
136.30,83.20,74.20,0.00,0.00,0.00,0.00,0.00
142.70,87.20,81.40,0.00,0.00,0.00,0.00,0.00
125.30,77.60,73.90,0.00,0.00,0.00,0.00,0.00
136.60,82.80,77.70,0.00,0.00,0.00,0.00,0.00
134.40,82.80,77.70,0.00,0.00,0.00,0.00,0.00
130.60,78.60,73.10,0.00,0.00,0.00,0.00,0.00
138.70,88.80,83.80,0.00,0.00,0.00,0.00,0.00
143.10,85.60,82.00,0.00,0.00,0.00,0.00,0.00
126.60,80.80,73.60,0.00,0.00,0.00,0.00,0.00
135.80,80.90,76.60,0.00,0.00,0.00,0.00,0.00
141.20,87.30,81.30,0.00,0.00,0.00,0.00,0.00
133.60,82.30,75.80,0.00,0.00,0.00,0.00,0.00
143.10,86.30,81.90,0.00,0.00,0.00,0.00,0.00
147.30,86.90,80.70,0.00,0.00,0.00,0.00,0.00
132.50,78.10,75.30,0.00,0.00,0.00,0.00,0.00
140.50,85.90,80.10,0.00,0.00,0.00,0.00,0.00
146.50,88.50,85.90,0.00,0.00,0.00,0.00,0.00
141.50,83.30,81.70,0.00,0.00,0.00,0.00,0.00
144.70,85.30,81.80,0.00,0.00,0.00,0.00,0.00
141.40,85.60,80.10,0.00,0.00,0.00,0.00,0.00
148.30,89.30,83.80,0.00,0.00,0.00,0.00,0.00
148.40,89.20,84.10,0.00,0.00,0.00,0.00,0.00
137.40,82.60,77.30,0.00,0.00,0.00,0.00,0.00
151.60,90.00,84.60,0.00,0.00,0.00,0.00,0.00
150.20,90.90,83.10,0.00,0.00,0.00,0.00,0.00
135.60,64.90,53.10,0.00,0.00,0.00,0.00,0.00
108.80,73.20,66.30,0.00,0.00,0.00,0.00,0.00
112.90,71.90,67.70,0.00,0.00,0.00,0.00,0.00
106.40,70.10,68.30,0.00,0.00,0.00,0.00,0.00
108.40,70.50,65.60,0.00,0.00,0.00,0.00,0.00
110.40,68.80,67.70,0.00,0.00,0.00,0.00,0.00
113.00,74.00,69.90,0.00,0.00,0.00,0.00,0.00
109.70,68.70,64.10,0.00,0.00,0.00,0.00,0.00
118.00,76.10,72.60,0.00,0.00,0.00,0.00,0.00
118.70,77.20,68.30,0.00,0.00,0.00,0.00,0.00
115.60,70.60,70.60,0.00,0.00,0.00,0.00,0.00
114.80,77.30,71.40,0.00,0.00,0.00,0.00,0.00
119.50,74.10,72.60,0.00,0.00,0.00,0.00,0.00
120.30,78.10,71.50,0.00,0.00,0.00,0.00,0.00
112.20,74.60,68.50,0.00,0.00,0.00,0.00,0.00
124.30,78.50,71.30,0.00,0.00,0.00,0.00,0.00
130.90,84.90,75.20,0.00,0.00,0.00,0.00,0.00
123.30,79.40,69.60,0.00,0.00,0.00,0.00,0.00
125.40,84.40,72.80,0.00,0.00,0.00,0.00,0.00
123.60,77.50,71.20,0.00,0.00,0.00,0.00,0.00
118.50,77.00,71.60,0.00,0.00,0.00,0.00,0.00
123.70,81.00,76.60,0.00,0.00,0.00,0.00,0.00
124.20,79.80,75.60,0.00,0.00,0.00,0.00,0.00
121.80,79.80,71.80,0.00,0.00,0.00,0.00,0.00
124.40,79.00,75.50,0.00,0.00,0.00,0.00,0.00
125.40,76.10,73.10,0.00,0.00,0.00,0.00,0.00
119.90,76.40,73.10,0.00,0.00,0.00,0.00,0.00
129.00,83.40,77.50,0.00,0.00,0.00,0.00,0.00
130.10,80.90,74.90,0.00,0.00,0.00,0.00,0.00
129.70,81.10,78.70,0.00,0.00,0.00,0.00,0.00
112.30,68.50,62.20,0.00,0.00,0.00,0.00,0.00
103.20,62.20,62.10,0.00,0.00,0.00,0.00,0.00
110.20,71.00,67.70,0.00,0.00,0.00,0.00,0.00
103.90,61.00,61.90,0.00,0.00,0.00,0.00,0.00
110.60,69.30,0.30,0.00,0.00,0.00,0.00,0.00
113.40,69.10,758.50,0.00,0.00,0.00,0.00,0.00
108.10,64.90,65.70,0.00,0.00,0.00,0.00,0.00
110.40,67.70,66.40,0.00,0.00,0.00,0.00,0.00
114.90,69.40,69.60,0.00,0.00,0.00,0.00,0.00
113.20,68.30,69.70,0.00,0.00,0.00,0.00,0.00
104.90,64.90,65.50,0.00,0.00,0.00,0.00,0.00
117.90,70.80,69.70,0.00,0.00,0.00,0.00,0.00
116.20,72.20,69.60,0.00,0.00,0.00,0.00,0.00
105.20,64.20,63.40,0.00,0.00,0.00,0.00,0.00
111.10,66.30,66.90,0.00,0.00,0.00,0.00,0.00
113.20,71.50,70.50,0.00,0.00,0.00,0.00,0.00
111.00,65.20,67.60,0.00,0.00,0.00,0.00,0.00
104.90,63.80,64.50,0.00,0.00,0.00,0.00,0.00
117.40,70.60,70.10,0.00,0.00,0.00,0.00,0.00
116.80,68.50,71.30,0.00,0.00,0.00,0.00,0.00
109.40,65.20,64.30,0.00,0.00,0.00,0.00,0.00
110.80,67.60,68.90,0.00,0.00,0.00,0.00,0.00
116.50,70.30,68.00,0.00,0.00,0.00,0.00,0.00
107.40,65.10,65.40,0.00,0.00,0.00,0.00,0.00
112.20,65.50,68.90,0.00,0.00,0.00,0.00,0.00
117.30,67.60,68.80,0.00,0.00,0.00,0.00,0.00
113.90,66.50,67.80,0.00,0.00,0.00,0.00,0.00
106.90,64.90,67.70,0.00,0.00,0.00,0.00,0.00
118.40,71.60,71.80,0.00,0.00,0.00,0.00,0.00
122.50,72.30,72.50,0.00,0.00,0.00,0.00,0.00
100.10,59.00,59.00,0.00,0.00,0.00,0.00,0.00
101.20,61.50,60.10,0.00,0.00,0.00,0.00,0.00
97.80,60.60,59.00,0.00,0.00,0.00,0.00,0.00
99.00,61.20,62.20,0.00,0.00,0.00,0.00,0.00
102.40,61.70,63.60,0.00,0.00,0.00,0.00,0.00
103.80,67.70,64.40,0.00,0.00,0.00,0.00,0.00
96.70,59.90,58.40,0.00,0.00,0.00,0.00,0.00
100.00,65.00,64.50,0.00,0.00,0.00,0.00,0.00
101.00,62.40,63.20,0.00,0.00,0.00,0.00,0.00
100.90,57.10,60.80,0.00,0.00,0.00,0.00,0.00
101.30,58.20,60.10,0.00,0.00,0.00,0.00,0.00
106.40,62.10,63.40,0.00,0.00,0.00,0.00,0.00
107.40,60.60,63.80,0.00,0.00,0.00,0.00,0.00
96.10,56.30,63.80,0.00,0.00,0.00,0.00,0.00
98.40,58.70,59.50,0.00,0.00,0.00,0.00,0.00
103.50,62.10,64.10,0.00,0.00,0.00,0.00,0.00
101.00,57.70,61.40,0.00,0.00,0.00,0.00,0.00
94.40,55.90,57.70,0.00,0.00,0.00,0.00,0.00
98.10,58.30,58.80,0.00,0.00,0.00,0.00,0.00
101.00,56.30,60.70,0.00,0.00,0.00,0.00,0.00
100.00,58.20,61.40,0.00,0.00,0.00,0.00,0.00
97.70,55.10,58.50,0.00,0.00,0.00,0.00,0.00
98.90,60.10,61.60,0.00,0.00,0.00,0.00,0.00
104.30,60.50,60.90,0.00,0.00,0.00,0.00,0.00
96.10,54.90,55.70,0.00,0.00,0.00,0.00,0.00
100.00,56.60,61.40,0.00,0.00,0.00,0.00,0.00
100.00,58.40,59.50,0.00,0.00,0.00,0.00,0.00
102.30,57.90,60.70,0.00,0.00,0.00,0.00,0.00
97.70,55.40,58.10,0.00,0.00,0.00,0.00,0.00
95.80,54.80,56.60,0.00,0.00,0.00,0.00,0.00
