#tp_osd_tp,ceph-osd,safe_timer,ms_dispatch,ms_local,rocksdb:low,io_context_pool,ceph_timer,fn_anonymous,bstore_aio,log,service,admin_socket,signal_handler,OpHistorySvc,rocksdb:high,cfin,bstore_mempool,finisher,osd_srv_agent,osd_srv_heartbt,bstore_kv_sync,bstore_kv_final
0.00,6.00,4.00,3.50,3.50,1.50,1.00,1.00,1.00,0.50,0.50,0.50,0.50,0.50,0.50,0.50,0.50,0.50,0.50,0.50,0.50,0.00,0.00
8.00,6.00,4.00,3.50,3.50,1.50,1.00,1.00,1.00,1.00,0.50,0.50,0.50,0.50,0.50,0.50,0.50,0.50,0.50,0.50,0.50,0.50,0.50
9.60,7.20,4.80,4.20,4.20,1.80,1.20,1.20,1.20,1.20,0.60,0.60,0.60,0.60,0.60,0.60,0.60,0.60,0.60,0.60,0.60,0.60,0.60
9.60,7.20,4.80,4.20,4.20,1.80,1.20,1.20,1.20,1.20,0.60,0.60,0.60,0.60,0.60,0.60,0.60,0.60,0.60,0.60,0.60,0.60,0.60
8.00,6.00,4.00,3.50,3.50,1.50,1.00,1.00,1.00,1.00,0.50,0.50,0.50,0.50,0.50,0.50,0.50,0.50,0.50,0.50,0.50,0.50,0.50
8.00,6.00,4.00,3.50,3.50,1.50,1.00,1.00,1.00,1.00,0.50,0.50,0.50,0.50,0.50,0.50,0.50,0.50,0.50,0.50,0.50,0.50,0.50
8.00,6.00,4.00,3.50,3.50,1.50,1.00,1.00,1.00,1.00,0.50,0.50,0.50,0.50,0.50,0.50,0.50,0.50,0.50,0.50,0.50,0.50,0.50
9.60,7.20,4.80,4.20,4.20,1.80,1.20,1.20,1.20,1.20,0.60,0.60,0.60,0.60,0.60,0.60,0.60,0.60,0.60,0.60,0.60,0.60,0.60
9.60,7.20,4.80,4.20,4.20,1.80,1.20,1.20,1.20,1.20,0.60,0.60,0.60,0.60,0.60,0.60,0.60,0.60,0.60,0.60,0.60,0.60,0.60
8.00,6.00,4.00,3.50,3.50,1.50,1.00,1.00,1.00,1.00,0.50,0.50,0.50,0.50,0.50,0.50,0.50,0.50,0.50,0.50,0.50,0.50,0.50
8.00,6.00,4.00,3.50,3.50,1.50,1.00,1.00,1.00,1.00,0.50,0.50,0.50,0.50,0.50,0.50,0.50,0.50,0.50,0.50,0.50,0.50,0.50
8.00,6.00,4.00,3.50,3.50,1.50,1.00,1.00,1.00,1.00,0.50,0.50,0.50,0.50,0.50,0.50,0.50,0.50,0.50,0.50,0.50,0.50,0.50
9.60,7.20,4.80,4.20,4.20,1.80,1.20,1.20,1.20,1.20,0.60,0.60,0.60,0.60,0.60,0.60,0.60,0.60,0.60,0.60,0.60,0.60,0.60
9.60,7.20,4.80,4.20,4.20,1.80,1.20,1.20,1.20,1.20,0.60,0.60,0.60,0.60,0.60,0.60,0.60,0.60,0.60,0.60,0.60,0.60,0.60
8.00,6.00,4.00,3.50,3.50,1.50,1.00,1.00,1.00,1.00,0.50,0.50,0.50,0.50,0.50,0.50,0.50,0.50,0.50,0.50,0.50,0.50,0.50
9.60,7.20,4.80,4.20,4.20,1.80,1.20,1.20,1.20,1.20,0.60,0.60,0.60,0.60,0.60,0.60,0.60,0.60,0.60,0.60,0.60,0.60,0.60
8.00,6.00,4.00,3.50,3.50,1.50,1.00,1.00,1.00,1.00,0.50,0.50,0.50,0.50,0.50,0.50,0.50,0.50,0.50,0.50,0.50,0.50,0.50
9.60,7.20,4.80,4.20,4.20,1.80,1.20,1.20,1.20,1.20,0.60,0.60,0.60,0.60,0.60,0.60,0.60,0.60,0.60,0.60,0.60,0.60,0.60
9.60,7.20,4.80,4.20,4.20,1.80,1.20,1.20,1.20,1.20,0.60,0.60,0.60,0.60,0.60,0.60,0.60,0.60,0.60,0.60,0.60,0.60,0.60
8.00,6.00,4.00,3.50,3.50,1.50,1.00,1.00,1.00,1.00,0.50,0.50,0.50,0.50,0.50,0.50,0.50,0.50,0.50,0.50,0.50,0.50,0.50
8.00,6.00,4.00,3.50,3.50,1.50,1.00,1.00,1.00,1.00,0.50,0.50,0.50,0.50,0.50,0.50,0.50,0.50,0.50,0.50,0.50,0.50,0.50
9.60,7.20,4.80,4.20,4.20,1.80,1.20,1.20,1.20,1.20,0.60,0.60,0.60,0.60,0.60,0.60,0.60,0.60,0.60,0.60,0.60,0.60,0.60
9.60,7.20,4.80,4.20,4.20,1.80,1.20,1.20,1.20,1.20,0.60,0.60,0.60,0.60,0.60,0.60,0.60,0.60,0.60,0.60,0.60,0.60,0.60
9.60,7.20,4.80,4.20,4.20,1.80,1.20,1.20,1.20,1.20,0.60,0.60,0.60,0.60,0.60,0.60,0.60,0.60,0.60,0.60,0.60,0.60,0.60
8.00,6.00,4.00,3.50,3.50,1.50,1.00,1.00,1.00,1.00,0.50,0.50,0.50,0.50,0.50,0.50,0.50,0.50,0.50,0.50,0.50,0.50,0.50
8.00,6.00,4.00,3.50,3.50,1.50,1.00,1.00,1.00,1.00,0.50,0.50,0.50,0.50,0.50,0.50,0.50,0.50,0.50,0.50,0.50,0.50,0.50
9.60,7.20,4.80,4.20,4.20,1.80,1.20,1.20,1.20,1.20,0.60,0.60,0.60,0.60,0.60,0.60,0.60,0.60,0.60,0.60,0.60,0.60,0.60
9.60,7.20,4.80,4.20,4.20,1.80,1.20,1.20,1.20,1.20,0.60,0.60,0.60,0.60,0.60,0.60,0.60,0.60,0.60,0.60,0.60,0.60,0.60
9.60,7.20,4.80,4.20,4.20,1.80,1.20,1.20,1.20,1.20,0.60,0.60,0.60,0.60,0.60,0.60,0.60,0.60,0.60,0.60,0.60,0.60,0.60
8.00,6.00,4.00,3.50,3.50,1.50,1.00,1.00,1.00,1.00,0.50,0.50,0.50,0.50,0.50,0.50,0.50,0.50,0.50,0.50,0.50,0.50,0.50
9.60,7.20,4.80,4.20,4.20,1.80,1.20,1.20,1.20,1.20,0.60,0.60,0.60,0.60,0.60,0.60,0.60,0.60,0.60,0.60,0.60,0.60,0.60
9.60,7.20,4.80,4.20,4.20,1.80,1.20,1.20,1.20,1.20,0.60,0.60,0.60,0.60,0.60,0.60,0.60,0.60,0.60,0.60,0.60,0.60,0.60
9.60,7.20,4.80,4.20,4.20,1.80,1.20,1.20,1.20,1.20,0.60,0.60,0.60,0.60,0.60,0.60,0.60,0.60,0.60,0.60,0.60,0.60,0.60
9.60,7.20,4.80,4.20,4.20,1.80,1.20,1.20,1.20,1.20,0.60,0.60,0.60,0.60,0.60,0.60,0.60,0.60,0.60,0.60,0.60,0.60,0.60
9.60,7.20,4.80,4.20,4.20,1.80,1.20,1.20,1.20,1.20,0.60,0.60,0.60,0.60,0.60,0.60,0.60,0.60,0.60,0.60,0.60,0.60,0.60
9.60,7.20,4.80,4.20,4.20,1.80,1.20,1.20,1.20,1.20,0.60,0.60,0.60,0.60,0.60,0.60,0.60,0.60,0.60,0.60,0.60,0.60,0.60
9.60,7.20,4.80,4.20,4.20,1.80,1.20,1.20,1.20,1.20,0.60,0.60,0.60,0.60,0.60,0.60,0.60,0.60,0.60,0.60,0.60,0.60,0.60
9.60,7.20,4.80,4.20,4.20,1.80,1.20,1.20,1.20,1.20,0.60,0.60,0.60,0.60,0.60,0.60,0.60,0.60,0.60,0.60,0.60,0.60,0.60
9.60,7.20,4.80,4.20,4.20,1.80,1.20,1.20,1.20,1.20,0.60,0.60,0.60,0.60,0.60,0.60,0.60,0.60,0.60,0.60,0.60,0.60,0.60
9.60,7.20,4.80,4.20,4.20,1.80,1.20,1.20,1.20,1.20,0.60,0.60,0.60,0.60,0.60,0.60,0.60,0.60,0.60,0.60,0.60,0.60,0.60
9.60,7.20,4.80,4.20,4.20,1.80,1.20,1.20,1.20,1.20,0.60,0.60,0.60,0.60,0.60,0.60,0.60,0.60,0.60,0.60,0.60,0.60,0.60
9.60,7.20,4.80,4.20,4.20,1.80,1.20,1.20,1.20,1.20,0.60,0.60,0.60,0.60,0.60,0.60,0.60,0.60,0.60,0.60,0.60,0.60,0.60
9.60,7.20,4.80,4.20,4.20,1.80,1.20,1.20,1.20,1.20,0.60,0.60,0.60,0.60,0.60,0.60,0.60,0.60,0.60,0.60,0.60,0.60,0.60
9.60,7.20,4.80,4.20,4.20,1.80,1.20,1.20,1.20,1.20,0.60,0.60,0.60,0.60,0.60,0.60,0.60,0.60,0.60,0.60,0.60,0.60,0.60
9.60,7.20,4.80,4.20,4.20,1.80,1.20,1.20,1.20,1.20,0.60,0.60,0.60,0.60,0.60,0.60,0.60,0.60,0.60,0.60,0.60,0.60,0.60
9.60,7.20,4.80,4.20,4.20,1.80,1.20,1.20,1.20,1.20,0.60,0.60,0.60,0.60,0.60,0.60,0.60,0.60,0.60,0.60,0.60,0.60,0.60
9.60,7.20,4.80,4.20,4.20,1.80,1.20,1.20,1.20,1.20,0.60,0.60,0.60,0.60,0.60,0.60,0.60,0.60,0.60,0.60,0.60,0.60,0.60
9.60,7.20,4.80,4.20,4.20,1.80,1.20,1.20,1.20,1.20,0.60,0.60,0.60,0.60,0.60,0.60,0.60,0.60,0.60,0.60,0.60,0.60,0.60
9.60,7.20,4.80,4.20,4.20,1.80,1.20,1.20,1.20,1.20,0.60,0.60,0.60,0.60,0.60,0.60,0.60,0.60,0.60,0.60,0.60,0.60,0.60
9.60,7.20,4.80,4.20,4.20,1.80,1.20,1.20,1.20,1.20,0.60,0.60,0.60,0.60,0.60,0.60,0.60,0.60,0.60,0.60,0.60,0.60,0.60
9.60,7.20,4.80,4.20,4.20,1.80,1.20,1.20,1.20,1.20,0.60,0.60,0.60,0.60,0.60,0.60,0.60,0.60,0.60,0.60,0.60,0.60,0.60
9.60,7.20,4.80,4.20,4.20,1.80,1.20,1.20,1.20,1.20,0.60,0.60,0.60,0.60,0.60,0.60,0.60,0.60,0.60,0.60,0.60,0.60,0.60
9.60,7.20,4.80,4.20,4.20,1.80,1.20,1.20,1.20,1.20,0.60,0.60,0.60,0.60,0.60,0.60,0.60,0.60,0.60,0.60,0.60,0.60,0.60
9.60,7.20,4.80,4.20,4.20,1.80,1.20,1.20,1.20,1.20,0.60,0.60,0.60,0.60,0.60,0.60,0.60,0.60,0.60,0.60,0.60,0.60,0.60
11.20,8.40,5.60,4.90,4.90,2.10,1.40,1.40,1.40,1.40,0.70,0.70,0.70,0.70,0.70,0.70,0.70,0.70,0.70,0.70,0.70,0.70,0.70
9.60,7.20,4.80,4.20,4.20,1.80,1.20,1.20,1.20,1.20,0.60,0.60,0.60,0.60,0.60,0.60,0.60,0.60,0.60,0.60,0.60,0.60,0.60
9.60,7.20,4.80,4.20,4.20,1.80,1.20,1.20,1.20,1.20,0.60,0.60,0.60,0.60,0.60,0.60,0.60,0.60,0.60,0.60,0.60,0.60,0.60
9.60,7.20,4.80,4.20,4.20,1.80,1.20,1.20,1.20,1.20,0.60,0.60,0.60,0.60,0.60,0.60,0.60,0.60,0.60,0.60,0.60,0.60,0.60
9.60,7.20,4.80,4.20,4.20,1.80,1.20,1.20,1.20,1.20,0.60,0.60,0.60,0.60,0.60,0.60,0.60,0.60,0.60,0.60,0.60,0.60,0.60
9.60,7.20,4.80,4.20,4.20,1.80,1.20,1.20,1.20,1.20,0.60,0.60,0.60,0.60,0.60,0.60,0.60,0.60,0.60,0.60,0.60,0.60,0.60
11.20,8.40,5.60,4.90,4.90,2.10,1.40,1.40,1.40,1.40,0.70,0.70,0.70,0.70,0.70,0.70,0.70,0.70,0.70,0.70,0.70,0.70,0.70
9.60,7.20,4.80,4.20,4.20,1.80,1.20,1.20,1.20,1.20,0.60,0.60,0.60,0.60,0.60,0.60,0.60,0.60,0.60,0.60,0.60,0.60,0.60
9.60,7.20,4.80,4.20,4.20,1.80,1.20,1.20,1.20,1.20,0.60,0.60,0.60,0.60,0.60,0.60,0.60,0.60,0.60,0.60,0.60,0.60,0.60
11.20,8.40,5.60,4.90,4.90,2.10,1.40,1.40,1.40,1.40,0.70,0.70,0.70,0.70,0.70,0.70,0.70,0.70,0.70,0.70,0.70,0.70,0.70
11.20,8.40,5.60,4.90,4.90,2.10,1.40,1.40,1.40,1.40,0.70,0.70,0.70,0.70,0.70,0.70,0.70,0.70,0.70,0.70,0.70,0.70,0.70
11.20,8.40,5.60,4.90,4.90,2.10,1.40,1.40,1.40,1.40,0.70,0.70,0.70,0.70,0.70,0.70,0.70,0.70,0.70,0.70,0.70,0.70,0.70
9.60,7.20,4.80,4.20,4.20,1.80,1.20,1.20,1.20,1.20,0.60,0.60,0.60,0.60,0.60,0.60,0.60,0.60,0.60,0.60,0.60,0.60,0.60
9.60,7.20,4.80,4.20,4.20,1.80,1.20,1.20,1.20,1.20,0.60,0.60,0.60,0.60,0.60,0.60,0.60,0.60,0.60,0.60,0.60,0.60,0.60
11.20,8.40,5.60,4.90,4.90,2.10,1.40,1.40,1.40,1.40,0.70,0.70,0.70,0.70,0.70,0.70,0.70,0.70,0.70,0.70,0.70,0.70,0.70
11.20,8.40,5.60,4.90,4.90,2.10,1.40,1.40,1.40,1.40,0.70,0.70,0.70,0.70,0.70,0.70,0.70,0.70,0.70,0.70,0.70,0.70,0.70
9.60,7.20,4.80,4.20,4.20,1.80,1.20,1.20,1.20,1.20,0.60,0.60,0.60,0.60,0.60,0.60,0.60,0.60,0.60,0.60,0.60,0.60,0.60
9.60,7.20,4.80,4.20,4.20,1.80,1.20,1.20,1.20,1.20,0.60,0.60,0.60,0.60,0.60,0.60,0.60,0.60,0.60,0.60,0.60,0.60,0.60
11.20,8.40,5.60,4.90,4.90,2.10,1.40,1.40,1.40,1.40,0.70,0.70,0.70,0.70,0.70,0.70,0.70,0.70,0.70,0.70,0.70,0.70,0.70
11.20,8.40,5.60,4.90,4.90,2.10,1.40,1.40,1.40,1.40,0.70,0.70,0.70,0.70,0.70,0.70,0.70,0.70,0.70,0.70,0.70,0.70,0.70
11.20,8.40,5.60,4.90,4.90,2.10,1.40,1.40,1.40,1.40,0.70,0.70,0.70,0.70,0.70,0.70,0.70,0.70,0.70,0.70,0.70,0.70,0.70
9.60,7.20,4.80,4.20,4.20,1.80,1.20,1.20,1.20,1.20,0.60,0.60,0.60,0.60,0.60,0.60,0.60,0.60,0.60,0.60,0.60,0.60,0.60
9.60,7.20,4.80,4.20,4.20,1.80,1.20,1.20,1.20,1.20,0.60,0.60,0.60,0.60,0.60,0.60,0.60,0.60,0.60,0.60,0.60,0.60,0.60
11.20,8.40,5.60,4.90,4.90,2.10,1.40,1.40,1.40,1.40,0.70,0.70,0.70,0.70,0.70,0.70,0.70,0.70,0.70,0.70,0.70,0.70,0.70
11.20,8.40,5.60,4.90,4.90,2.10,1.40,1.40,1.40,1.40,0.70,0.70,0.70,0.70,0.70,0.70,0.70,0.70,0.70,0.70,0.70,0.70,0.70
9.60,7.20,4.80,4.20,4.20,1.80,1.20,1.20,1.20,1.20,0.60,0.60,0.60,0.60,0.60,0.60,0.60,0.60,0.60,0.60,0.60,0.60,0.60
9.60,7.20,4.80,4.20,4.20,1.80,1.20,1.20,1.20,1.20,0.60,0.60,0.60,0.60,0.60,0.60,0.60,0.60,0.60,0.60,0.60,0.60,0.60
9.60,7.20,4.80,4.20,4.20,1.80,1.20,1.20,1.20,1.20,0.60,0.60,0.60,0.60,0.60,0.60,0.60,0.60,0.60,0.60,0.60,0.60,0.60
11.20,8.40,5.60,4.90,4.90,2.10,1.40,1.40,1.40,1.40,0.70,0.70,0.70,0.70,0.70,0.70,0.70,0.70,0.70,0.70,0.70,0.70,0.70
11.20,8.40,5.60,4.90,4.90,2.10,1.40,1.40,1.40,1.40,0.70,0.70,0.70,0.70,0.70,0.70,0.70,0.70,0.70,0.70,0.70,0.70,0.70
11.20,8.40,5.60,4.90,4.90,2.10,1.40,1.40,1.40,1.40,0.70,0.70,0.70,0.70,0.70,0.70,0.70,0.70,0.70,0.70,0.70,0.70,0.70
9.60,7.20,4.80,4.20,4.20,1.80,1.20,1.20,1.20,1.20,0.60,0.60,0.60,0.60,0.60,0.60,0.60,0.60,0.60,0.60,0.60,0.60,0.60
11.20,8.40,5.60,4.90,4.90,2.10,1.40,1.40,1.40,1.40,0.70,0.70,0.70,0.70,0.70,0.70,0.70,0.70,0.70,0.70,0.70,0.70,0.70
11.20,8.40,5.60,4.90,4.90,2.10,1.40,1.40,1.40,1.40,0.70,0.70,0.70,0.70,0.70,0.70,0.70,0.70,0.70,0.70,0.70,0.70,0.70
11.20,8.40,5.60,4.90,4.90,2.10,1.40,1.40,1.40,1.40,0.70,0.70,0.70,0.70,0.70,0.70,0.70,0.70,0.70,0.70,0.70,0.70,0.70
11.20,8.40,5.60,4.90,4.90,2.10,1.40,1.40,1.40,1.40,0.70,0.70,0.70,0.70,0.70,0.70,0.70,0.70,0.70,0.70,0.70,0.70,0.70
11.20,8.40,5.60,4.90,4.90,2.10,1.40,1.40,1.40,1.40,0.70,0.70,0.70,0.70,0.70,0.70,0.70,0.70,0.70,0.70,0.70,0.70,0.70
11.20,8.40,5.60,4.90,4.90,2.10,1.40,1.40,1.40,1.40,0.70,0.70,0.70,0.70,0.70,0.70,0.70,0.70,0.70,0.70,0.70,0.70,0.70
11.20,8.40,5.60,4.90,4.90,2.10,1.40,1.40,1.40,1.40,0.70,0.70,0.70,0.70,0.70,0.70,0.70,0.70,0.70,0.70,0.70,0.70,0.70
9.60,7.20,4.80,4.20,4.20,1.80,1.20,1.20,1.20,1.20,0.60,0.60,0.60,0.60,0.60,0.60,0.60,0.60,0.60,0.60,0.60,0.60,0.60
11.20,8.40,5.60,4.90,4.90,2.10,1.40,1.40,1.40,1.40,0.70,0.70,0.70,0.70,0.70,0.70,0.70,0.70,0.70,0.70,0.70,0.70,0.70
11.20,8.40,5.60,4.90,4.90,2.10,1.40,1.40,1.40,1.40,0.70,0.70,0.70,0.70,0.70,0.70,0.70,0.70,0.70,0.70,0.70,0.70,0.70
11.20,8.40,5.60,4.90,4.90,2.10,1.40,1.40,1.40,1.40,0.70,0.70,0.70,0.70,0.70,0.70,0.70,0.70,0.70,0.70,0.70,0.70,0.70
11.20,8.40,5.60,4.90,4.90,2.10,1.40,1.40,1.40,1.40,0.70,0.70,0.70,0.70,0.70,0.70,0.70,0.70,0.70,0.70,0.70,0.70,0.70
11.20,8.40,5.60,4.90,4.90,2.10,1.40,1.40,1.40,1.40,0.70,0.70,0.70,0.70,0.70,0.70,0.70,0.70,0.70,0.70,0.70,0.70,0.70
11.20,8.40,5.60,4.90,4.90,2.10,1.40,1.40,1.40,1.40,0.70,0.70,0.70,0.70,0.70,0.70,0.70,0.70,0.70,0.70,0.70,0.70,0.70
11.20,8.40,5.60,4.90,4.90,2.10,1.40,1.40,1.40,1.40,0.70,0.70,0.70,0.70,0.70,0.70,0.70,0.70,0.70,0.70,0.70,0.70,0.70
11.20,8.40,5.60,4.90,4.90,2.10,1.40,1.40,1.40,1.40,0.70,0.70,0.70,0.70,0.70,0.70,0.70,0.70,0.70,0.70,0.70,0.70,0.70
11.20,8.40,5.60,4.90,4.90,2.10,1.40,1.40,1.40,1.40,0.70,0.70,0.70,0.70,0.70,0.70,0.70,0.70,0.70,0.70,0.70,0.70,0.70
11.20,8.40,5.60,4.90,4.90,2.10,1.40,1.40,1.40,1.40,0.70,0.70,0.70,0.70,0.70,0.70,0.70,0.70,0.70,0.70,0.70,0.70,0.70
11.20,8.40,5.60,4.90,4.90,2.10,1.40,1.40,1.40,1.40,0.70,0.70,0.70,0.70,0.70,0.70,0.70,0.70,0.70,0.70,0.70,0.70,0.70
11.20,8.40,5.60,4.90,4.90,2.10,1.40,1.40,1.40,1.40,0.70,0.70,0.70,0.70,0.70,0.70,0.70,0.70,0.70,0.70,0.70,0.70,0.70
11.20,8.40,5.60,4.90,4.90,2.10,1.40,1.40,1.40,1.40,0.70,0.70,0.70,0.70,0.70,0.70,0.70,0.70,0.70,0.70,0.70,0.70,0.70
11.20,8.40,5.60,4.90,4.90,2.10,1.40,1.40,1.40,1.40,0.70,0.70,0.70,0.70,0.70,0.70,0.70,0.70,0.70,0.70,0.70,0.70,0.70
11.20,8.40,5.60,4.90,4.90,2.10,1.40,1.40,1.40,1.40,0.70,0.70,0.70,0.70,0.70,0.70,0.70,0.70,0.70,0.70,0.70,0.70,0.70
11.20,8.40,5.60,4.90,4.90,2.10,1.40,1.40,1.40,1.40,0.70,0.70,0.70,0.70,0.70,0.70,0.70,0.70,0.70,0.70,0.70,0.70,0.70
9.60,7.20,4.80,4.20,4.20,1.80,1.20,1.20,1.20,1.20,0.60,0.60,0.60,0.60,0.60,0.60,0.60,0.60,0.60,0.60,0.60,0.60,0.60
11.20,8.40,5.60,4.90,4.90,2.10,1.40,1.40,1.40,1.40,0.70,0.70,0.70,0.70,0.70,0.70,0.70,0.70,0.70,0.70,0.70,0.70,0.70
11.20,8.40,5.60,4.90,4.90,2.10,1.40,1.40,1.40,1.40,0.70,0.70,0.70,0.70,0.70,0.70,0.70,0.70,0.70,0.70,0.70,0.70,0.70
11.20,8.40,5.60,4.90,4.90,2.10,1.40,1.40,1.40,1.40,0.70,0.70,0.70,0.70,0.70,0.70,0.70,0.70,0.70,0.70,0.70,0.70,0.70
11.20,8.40,5.60,4.90,4.90,2.10,1.40,1.40,1.40,1.40,0.70,0.70,0.70,0.70,0.70,0.70,0.70,0.70,0.70,0.70,0.70,0.70,0.70
11.20,8.40,5.60,4.90,4.90,2.10,1.40,1.40,1.40,1.40,0.70,0.70,0.70,0.70,0.70,0.70,0.70,0.70,0.70,0.70,0.70,0.70,0.70
11.20,8.40,5.60,4.90,4.90,2.10,1.40,1.40,1.40,1.40,0.70,0.70,0.70,0.70,0.70,0.70,0.70,0.70,0.70,0.70,0.70,0.70,0.70
11.20,8.40,5.60,4.90,4.90,2.10,1.40,1.40,1.40,1.40,0.70,0.70,0.70,0.70,0.70,0.70,0.70,0.70,0.70,0.70,0.70,0.70,0.70
11.20,8.40,5.60,4.90,4.90,2.10,1.40,1.40,1.40,1.40,0.70,0.70,0.70,0.70,0.70,0.70,0.70,0.70,0.70,0.70,0.70,0.70,0.70
11.20,8.40,5.60,4.90,4.90,2.10,1.40,1.40,1.40,1.40,0.70,0.70,0.70,0.70,0.70,0.70,0.70,0.70,0.70,0.70,0.70,0.70,0.70
11.20,8.40,5.60,4.90,4.90,2.10,1.40,1.40,1.40,1.40,0.70,0.70,0.70,0.70,0.70,0.70,0.70,0.70,0.70,0.70,0.70,0.70,0.70
11.20,8.40,5.60,4.90,4.90,2.10,1.40,1.40,1.40,1.40,0.70,0.70,0.70,0.70,0.70,0.70,0.70,0.70,0.70,0.70,0.70,0.70,0.70
11.20,8.40,5.60,4.90,4.90,2.10,1.40,1.40,1.40,1.40,0.70,0.70,0.70,0.70,0.70,0.70,0.70,0.70,0.70,0.70,0.70,0.70,0.70
11.20,8.40,5.60,4.90,4.90,2.10,1.40,1.40,1.40,1.40,0.70,0.70,0.70,0.70,0.70,0.70,0.70,0.70,0.70,0.70,0.70,0.70,0.70
11.20,8.40,5.60,4.90,4.90,2.10,1.40,1.40,1.40,1.40,0.70,0.70,0.70,0.70,0.70,0.70,0.70,0.70,0.70,0.70,0.70,0.70,0.70
11.20,8.40,5.60,4.90,4.90,2.10,1.40,1.40,1.40,1.40,0.70,0.70,0.70,0.70,0.70,0.70,0.70,0.70,0.70,0.70,0.70,0.70,0.70
11.20,8.40,5.60,4.90,4.90,2.10,1.40,1.40,1.40,1.40,0.70,0.70,0.70,0.70,0.70,0.70,0.70,0.70,0.70,0.70,0.70,0.70,0.70
11.20,8.40,5.60,4.90,4.90,2.10,1.40,1.40,1.40,1.40,0.70,0.70,0.70,0.70,0.70,0.70,0.70,0.70,0.70,0.70,0.70,0.70,0.70
11.20,8.40,5.60,4.90,4.90,2.10,1.40,1.40,1.40,1.40,0.70,0.70,0.70,0.70,0.70,0.70,0.70,0.70,0.70,0.70,0.70,0.70,0.70
11.20,8.40,5.60,4.90,4.90,2.10,1.40,1.40,1.40,1.40,0.70,0.70,0.70,0.70,0.70,0.70,0.70,0.70,0.70,0.70,0.70,0.70,0.70
11.20,8.40,5.60,4.90,4.90,2.10,1.40,1.40,1.40,1.40,0.70,0.70,0.70,0.70,0.70,0.70,0.70,0.70,0.70,0.70,0.70,0.70,0.70
11.20,8.40,5.60,4.90,4.90,2.10,1.40,1.40,1.40,1.40,0.70,0.70,0.70,0.70,0.70,0.70,0.70,0.70,0.70,0.70,0.70,0.70,0.70
11.20,8.40,5.60,4.90,4.90,2.10,1.40,1.40,1.40,1.40,0.70,0.70,0.70,0.70,0.70,0.70,0.70,0.70,0.70,0.70,0.70,0.70,0.70
11.20,8.40,5.60,4.90,4.90,2.10,1.40,1.40,1.40,1.40,0.70,0.70,0.70,0.70,0.70,0.70,0.70,0.70,0.70,0.70,0.70,0.70,0.70
12.80,9.60,6.40,5.60,5.60,2.40,1.60,1.60,1.60,1.60,0.80,0.80,0.80,0.80,0.80,0.80,0.80,0.80,0.80,0.80,0.80,0.80,0.80
11.20,8.40,5.60,4.90,4.90,2.10,1.40,1.40,1.40,1.40,0.70,0.70,0.70,0.70,0.70,0.70,0.70,0.70,0.70,0.70,0.70,0.70,0.70
11.20,8.40,5.60,4.90,4.90,2.10,1.40,1.40,1.40,1.40,0.70,0.70,0.70,0.70,0.70,0.70,0.70,0.70,0.70,0.70,0.70,0.70,0.70
11.20,8.40,5.60,4.90,4.90,2.10,1.40,1.40,1.40,1.40,0.70,0.70,0.70,0.70,0.70,0.70,0.70,0.70,0.70,0.70,0.70,0.70,0.70
11.20,8.40,5.60,4.90,4.90,2.10,1.40,1.40,1.40,1.40,0.70,0.70,0.70,0.70,0.70,0.70,0.70,0.70,0.70,0.70,0.70,0.70,0.70
11.20,8.40,5.60,4.90,4.90,2.10,1.40,1.40,1.40,1.40,0.70,0.70,0.70,0.70,0.70,0.70,0.70,0.70,0.70,0.70,0.70,0.70,0.70
11.20,8.40,5.60,4.90,4.90,2.10,1.40,1.40,1.40,1.40,0.70,0.70,0.70,0.70,0.70,0.70,0.70,0.70,0.70,0.70,0.70,0.70,0.70
11.20,8.40,5.60,4.90,4.90,2.10,1.40,1.40,1.40,1.40,0.70,0.70,0.70,0.70,0.70,0.70,0.70,0.70,0.70,0.70,0.70,0.70,0.70
11.20,8.40,5.60,4.90,4.90,2.10,1.40,1.40,1.40,1.40,0.70,0.70,0.70,0.70,0.70,0.70,0.70,0.70,0.70,0.70,0.70,0.70,0.70
11.20,8.40,5.60,4.90,4.90,2.10,1.40,1.40,1.40,1.40,0.70,0.70,0.70,0.70,0.70,0.70,0.70,0.70,0.70,0.70,0.70,0.70,0.70
11.20,8.40,5.60,4.90,4.90,2.10,1.40,1.40,1.40,1.40,0.70,0.70,0.70,0.70,0.70,0.70,0.70,0.70,0.70,0.70,0.70,0.70,0.70
12.80,9.60,6.40,5.60,5.60,2.40,1.60,1.60,1.60,1.60,0.80,0.80,0.80,0.80,0.80,0.80,0.80,0.80,0.80,0.80,0.80,0.80,0.80
11.20,8.40,5.60,4.90,4.90,2.10,1.40,1.40,1.40,1.40,0.70,0.70,0.70,0.70,0.70,0.70,0.70,0.70,0.70,0.70,0.70,0.70,0.70
11.20,8.40,5.60,4.90,4.90,2.10,1.40,1.40,1.40,1.40,0.70,0.70,0.70,0.70,0.70,0.70,0.70,0.70,0.70,0.70,0.70,0.70,0.70
11.20,8.40,5.60,4.90,4.90,2.10,1.40,1.40,1.40,1.40,0.70,0.70,0.70,0.70,0.70,0.70,0.70,0.70,0.70,0.70,0.70,0.70,0.70
11.20,8.40,5.60,4.90,4.90,2.10,1.40,1.40,1.40,1.40,0.70,0.70,0.70,0.70,0.70,0.70,0.70,0.70,0.70,0.70,0.70,0.70,0.70
11.20,8.40,5.60,4.90,4.90,2.10,1.40,1.40,1.40,1.40,0.70,0.70,0.70,0.70,0.70,0.70,0.70,0.70,0.70,0.70,0.70,0.70,0.70
11.20,8.40,5.60,4.90,4.90,2.10,1.40,1.40,1.40,1.40,0.70,0.70,0.70,0.70,0.70,0.70,0.70,0.70,0.70,0.70,0.70,0.70,0.70
11.20,8.40,5.60,4.90,4.90,2.10,1.40,1.40,1.40,1.40,0.70,0.70,0.70,0.70,0.70,0.70,0.70,0.70,0.70,0.70,0.70,0.70,0.70
12.80,9.60,6.40,5.60,5.60,2.40,1.60,1.60,1.60,1.60,0.80,0.80,0.80,0.80,0.80,0.80,0.80,0.80,0.80,0.80,0.80,0.80,0.80
11.20,8.40,5.60,4.90,4.90,2.10,1.40,1.40,1.40,1.40,0.70,0.70,0.70,0.70,0.70,0.70,0.70,0.70,0.70,0.70,0.70,0.70,0.70
11.20,8.40,5.60,4.90,4.90,2.10,1.40,1.40,1.40,1.40,0.70,0.70,0.70,0.70,0.70,0.70,0.70,0.70,0.70,0.70,0.70,0.70,0.70
11.20,8.40,5.60,4.90,4.90,2.10,1.40,1.40,1.40,1.40,0.70,0.70,0.70,0.70,0.70,0.70,0.70,0.70,0.70,0.70,0.70,0.70,0.70
11.20,8.40,5.60,4.90,4.90,2.10,1.40,1.40,1.40,1.40,0.70,0.70,0.70,0.70,0.70,0.70,0.70,0.70,0.70,0.70,0.70,0.70,0.70
11.20,8.40,5.60,4.90,4.90,2.10,1.40,1.40,1.40,1.40,0.70,0.70,0.70,0.70,0.70,0.70,0.70,0.70,0.70,0.70,0.70,0.70,0.70
11.20,8.40,5.60,4.90,4.90,2.10,1.40,1.40,1.40,1.40,0.70,0.70,0.70,0.70,0.70,0.70,0.70,0.70,0.70,0.70,0.70,0.70,0.70
11.20,8.40,5.60,4.90,4.90,2.10,1.40,1.40,1.40,1.40,0.70,0.70,0.70,0.70,0.70,0.70,0.70,0.70,0.70,0.70,0.70,0.70,0.70
11.20,8.40,5.60,4.90,4.90,2.10,1.40,1.40,1.40,1.40,0.70,0.70,0.70,0.70,0.70,0.70,0.70,0.70,0.70,0.70,0.70,0.70,0.70
11.20,8.40,5.60,4.90,4.90,2.10,1.40,1.40,1.40,1.40,0.70,0.70,0.70,0.70,0.70,0.70,0.70,0.70,0.70,0.70,0.70,0.70,0.70
11.20,8.40,5.60,4.90,4.90,2.10,1.40,1.40,1.40,1.40,0.70,0.70,0.70,0.70,0.70,0.70,0.70,0.70,0.70,0.70,0.70,0.70,0.70
11.20,8.40,5.60,4.90,4.90,2.10,1.40,1.40,1.40,1.40,0.70,0.70,0.70,0.70,0.70,0.70,0.70,0.70,0.70,0.70,0.70,0.70,0.70
11.20,8.40,5.60,4.90,4.90,2.10,1.40,1.40,1.40,1.40,0.70,0.70,0.70,0.70,0.70,0.70,0.70,0.70,0.70,0.70,0.70,0.70,0.70
12.80,9.60,6.40,5.60,5.60,2.40,1.60,1.60,1.60,1.60,0.80,0.80,0.80,0.80,0.80,0.80,0.80,0.80,0.80,0.80,0.80,0.80,0.80
12.80,9.60,6.40,5.60,5.60,2.40,1.60,1.60,1.60,1.60,0.80,0.80,0.80,0.80,0.80,0.80,0.80,0.80,0.80,0.80,0.80,0.80,0.80
12.80,9.60,6.40,5.60,5.60,2.40,1.60,1.60,1.60,1.60,0.80,0.80,0.80,0.80,0.80,0.80,0.80,0.80,0.80,0.80,0.80,0.80,0.80
11.20,8.40,5.60,4.90,4.90,2.10,1.40,1.40,1.40,1.40,0.70,0.70,0.70,0.70,0.70,0.70,0.70,0.70,0.70,0.70,0.70,0.70,0.70
11.20,8.40,5.60,4.90,4.90,2.10,1.40,1.40,1.40,1.40,0.70,0.70,0.70,0.70,0.70,0.70,0.70,0.70,0.70,0.70,0.70,0.70,0.70
11.20,8.40,5.60,4.90,4.90,2.10,1.40,1.40,1.40,1.40,0.70,0.70,0.70,0.70,0.70,0.70,0.70,0.70,0.70,0.70,0.70,0.70,0.70
11.20,8.40,5.60,4.90,4.90,2.10,1.40,1.40,1.40,1.40,0.70,0.70,0.70,0.70,0.70,0.70,0.70,0.70,0.70,0.70,0.70,0.70,0.70
12.80,9.60,6.40,5.60,5.60,2.40,1.60,1.60,1.60,1.60,0.80,0.80,0.80,0.80,0.80,0.80,0.80,0.80,0.80,0.80,0.80,0.80,0.80
12.80,9.60,6.40,5.60,5.60,2.40,1.60,1.60,1.60,1.60,0.80,0.80,0.80,0.80,0.80,0.80,0.80,0.80,0.80,0.80,0.80,0.80,0.80
11.20,8.40,5.60,4.90,4.90,2.10,1.40,1.40,1.40,1.40,0.70,0.70,0.70,0.70,0.70,0.70,0.70,0.70,0.70,0.70,0.70,0.70,0.70
11.20,8.40,5.60,4.90,4.90,2.10,1.40,1.40,1.40,1.40,0.70,0.70,0.70,0.70,0.70,0.70,0.70,0.70,0.70,0.70,0.70,0.70,0.70
11.20,8.40,5.60,4.90,4.90,2.10,1.40,1.40,1.40,1.40,0.70,0.70,0.70,0.70,0.70,0.70,0.70,0.70,0.70,0.70,0.70,0.70,0.70
11.20,8.40,5.60,4.90,4.90,2.10,1.40,1.40,1.40,1.40,0.70,0.70,0.70,0.70,0.70,0.70,0.70,0.70,0.70,0.70,0.70,0.70,0.70
11.20,8.40,5.60,4.90,4.90,2.10,1.40,1.40,1.40,1.40,0.70,0.70,0.70,0.70,0.70,0.70,0.70,0.70,0.70,0.70,0.70,0.70,0.70
12.80,9.60,6.40,5.60,5.60,2.40,1.60,1.60,1.60,1.60,0.80,0.80,0.80,0.80,0.80,0.80,0.80,0.80,0.80,0.80,0.80,0.80,0.80
12.80,9.60,6.40,5.60,5.60,2.40,1.60,1.60,1.60,1.60,0.80,0.80,0.80,0.80,0.80,0.80,0.80,0.80,0.80,0.80,0.80,0.80,0.80
11.20,8.40,5.60,4.90,4.90,2.10,1.40,1.40,1.40,1.40,0.70,0.70,0.70,0.70,0.70,0.70,0.70,0.70,0.70,0.70,0.70,0.70,0.70
11.20,8.40,5.60,4.90,4.90,2.10,1.40,1.40,1.40,1.40,0.70,0.70,0.70,0.70,0.70,0.70,0.70,0.70,0.70,0.70,0.70,0.70,0.70
11.20,8.40,5.60,4.90,4.90,2.10,1.40,1.40,1.40,1.40,0.70,0.70,0.70,0.70,0.70,0.70,0.70,0.70,0.70,0.70,0.70,0.70,0.70
11.20,8.40,5.60,4.90,4.90,2.10,1.40,1.40,1.40,1.40,0.70,0.70,0.70,0.70,0.70,0.70,0.70,0.70,0.70,0.70,0.70,0.70,0.70
12.80,9.60,6.40,5.60,5.60,2.40,1.60,1.60,1.60,1.60,0.80,0.80,0.80,0.80,0.80,0.80,0.80,0.80,0.80,0.80,0.80,0.80,0.80
12.80,9.60,6.40,5.60,5.60,2.40,1.60,1.60,1.60,1.60,0.80,0.80,0.80,0.80,0.80,0.80,0.80,0.80,0.80,0.80,0.80,0.80,0.80
11.20,8.40,5.60,4.90,4.90,2.10,1.40,1.40,1.40,1.40,0.70,0.70,0.70,0.70,0.70,0.70,0.70,0.70,0.70,0.70,0.70,0.70,0.70
11.20,8.40,5.60,4.90,4.90,2.10,1.40,1.40,1.40,1.40,0.70,0.70,0.70,0.70,0.70,0.70,0.70,0.70,0.70,0.70,0.70,0.70,0.70
11.20,8.40,5.60,4.90,4.90,2.10,1.40,1.40,1.40,1.40,0.70,0.70,0.70,0.70,0.70,0.70,0.70,0.70,0.70,0.70,0.70,0.70,0.70
12.80,9.60,6.40,5.60,5.60,2.40,1.60,1.60,1.60,1.60,0.80,0.80,0.80,0.80,0.80,0.80,0.80,0.80,0.80,0.80,0.80,0.80,0.80
12.80,9.60,6.40,5.60,5.60,2.40,1.60,1.60,1.60,1.60,0.80,0.80,0.80,0.80,0.80,0.80,0.80,0.80,0.80,0.80,0.80,0.80,0.80
11.20,8.40,5.60,4.90,4.90,2.10,1.40,1.40,1.40,1.40,0.70,0.70,0.70,0.70,0.70,0.70,0.70,0.70,0.70,0.70,0.70,0.70,0.70
11.20,8.40,5.60,4.90,4.90,2.10,1.40,1.40,1.40,1.40,0.70,0.70,0.70,0.70,0.70,0.70,0.70,0.70,0.70,0.70,0.70,0.70,0.70
11.20,8.40,5.60,4.90,4.90,2.10,1.40,1.40,1.40,1.40,0.70,0.70,0.70,0.70,0.70,0.70,0.70,0.70,0.70,0.70,0.70,0.70,0.70
12.80,9.60,6.40,5.60,5.60,2.40,1.60,1.60,1.60,1.60,0.80,0.80,0.80,0.80,0.80,0.80,0.80,0.80,0.80,0.80,0.80,0.80,0.80
12.80,9.60,6.40,5.60,5.60,2.40,1.60,1.60,1.60,1.60,0.80,0.80,0.80,0.80,0.80,0.80,0.80,0.80,0.80,0.80,0.80,0.80,0.80
11.20,8.40,5.60,4.90,4.90,2.10,1.40,1.40,1.40,1.40,0.70,0.70,0.70,0.70,0.70,0.70,0.70,0.70,0.70,0.70,0.70,0.70,0.70
11.20,8.40,5.60,4.90,4.90,2.10,1.40,1.40,1.40,1.40,0.70,0.70,0.70,0.70,0.70,0.70,0.70,0.70,0.70,0.70,0.70,0.70,0.70
12.80,9.60,6.40,5.60,5.60,2.40,1.60,1.60,1.60,1.60,0.80,0.80,0.80,0.80,0.80,0.80,0.80,0.80,0.80,0.80,0.80,0.80,0.80
12.80,9.60,6.40,5.60,5.60,2.40,1.60,1.60,1.60,1.60,0.80,0.80,0.80,0.80,0.80,0.80,0.80,0.80,0.80,0.80,0.80,0.80,0.80
12.80,9.60,6.40,5.60,5.60,2.40,1.60,1.60,1.60,1.60,0.80,0.80,0.80,0.80,0.80,0.80,0.80,0.80,0.80,0.80,0.80,0.80,0.80
11.20,8.40,5.60,4.90,4.90,2.10,1.40,1.40,1.40,1.40,0.70,0.70,0.70,0.70,0.70,0.70,0.70,0.70,0.70,0.70,0.70,0.70,0.70
11.20,8.40,5.60,4.90,4.90,2.10,1.40,1.40,1.40,1.40,0.70,0.70,0.70,0.70,0.70,0.70,0.70,0.70,0.70,0.70,0.70,0.70,0.70
11.20,8.40,5.60,4.90,4.90,2.10,1.40,1.40,1.40,1.40,0.70,0.70,0.70,0.70,0.70,0.70,0.70,0.70,0.70,0.70,0.70,0.70,0.70
12.80,9.60,6.40,5.60,5.60,2.40,1.60,1.60,1.60,1.60,0.80,0.80,0.80,0.80,0.80,0.80,0.80,0.80,0.80,0.80,0.80,0.80,0.80
11.20,8.40,5.60,4.90,4.90,2.10,1.40,1.40,1.40,1.40,0.70,0.70,0.70,0.70,0.70,0.70,0.70,0.70,0.70,0.70,0.70,0.70,0.70
11.20,8.40,5.60,4.90,4.90,2.10,1.40,1.40,1.40,1.40,0.70,0.70,0.70,0.70,0.70,0.70,0.70,0.70,0.70,0.70,0.70,0.70,0.70
11.20,8.40,5.60,4.90,4.90,2.10,1.40,1.40,1.40,1.40,0.70,0.70,0.70,0.70,0.70,0.70,0.70,0.70,0.70,0.70,0.70,0.70,0.70
11.20,8.40,5.60,4.90,4.90,2.10,1.40,1.40,1.40,1.40,0.70,0.70,0.70,0.70,0.70,0.70,0.70,0.70,0.70,0.70,0.70,0.70,0.70
12.80,9.60,6.40,5.60,5.60,2.40,1.60,1.60,1.60,1.60,0.80,0.80,0.80,0.80,0.80,0.80,0.80,0.80,0.80,0.80,0.80,0.80,0.80
12.80,9.60,6.40,5.60,5.60,2.40,1.60,1.60,1.60,1.60,0.80,0.80,0.80,0.80,0.80,0.80,0.80,0.80,0.80,0.80,0.80,0.80,0.80
11.20,8.40,5.60,4.90,4.90,2.10,1.40,1.40,1.40,1.40,0.70,0.70,0.70,0.70,0.70,0.70,0.70,0.70,0.70,0.70,0.70,0.70,0.70
11.20,8.40,5.60,4.90,4.90,2.10,1.40,1.40,1.40,1.40,0.70,0.70,0.70,0.70,0.70,0.70,0.70,0.70,0.70,0.70,0.70,0.70,0.70
11.20,8.40,5.60,4.90,4.90,2.10,1.40,1.40,1.40,1.40,0.70,0.70,0.70,0.70,0.70,0.70,0.70,0.70,0.70,0.70,0.70,0.70,0.70
11.20,8.40,5.60,4.90,4.90,2.10,1.40,1.40,1.40,1.40,0.70,0.70,0.70,0.70,0.70,0.70,0.70,0.70,0.70,0.70,0.70,0.70,0.70
12.80,9.60,6.40,5.60,5.60,2.40,1.60,1.60,1.60,1.60,0.80,0.80,0.80,0.80,0.80,0.80,0.80,0.80,0.80,0.80,0.80,0.80,0.80
12.80,9.60,6.40,5.60,5.60,2.40,1.60,1.60,1.60,1.60,0.80,0.80,0.80,0.80,0.80,0.80,0.80,0.80,0.80,0.80,0.80,0.80,0.80
11.20,8.40,5.60,4.90,4.90,2.10,1.40,1.40,1.40,1.40,0.70,0.70,0.70,0.70,0.70,0.70,0.70,0.70,0.70,0.70,0.70,0.70,0.70
11.20,8.40,5.60,4.90,4.90,2.10,1.40,1.40,1.40,1.40,0.70,0.70,0.70,0.70,0.70,0.70,0.70,0.70,0.70,0.70,0.70,0.70,0.70
11.20,8.40,5.60,4.90,4.90,2.10,1.40,1.40,1.40,1.40,0.70,0.70,0.70,0.70,0.70,0.70,0.70,0.70,0.70,0.70,0.70,0.70,0.70
12.80,9.60,6.40,5.60,5.60,2.40,1.60,1.60,1.60,1.60,0.80,0.80,0.80,0.80,0.80,0.80,0.80,0.80,0.80,0.80,0.80,0.80,0.80
12.80,9.60,6.40,5.60,5.60,2.40,1.60,1.60,1.60,1.60,0.80,0.80,0.80,0.80,0.80,0.80,0.80,0.80,0.80,0.80,0.80,0.80,0.80
12.80,9.60,6.40,5.60,5.60,2.40,1.60,1.60,1.60,1.60,0.80,0.80,0.80,0.80,0.80,0.80,0.80,0.80,0.80,0.80,0.80,0.80,0.80
11.20,8.40,5.60,4.90,4.90,2.10,1.40,1.40,1.40,1.40,0.70,0.70,0.70,0.70,0.70,0.70,0.70,0.70,0.70,0.70,0.70,0.70,0.70
11.20,8.40,5.60,4.90,4.90,2.10,1.40,1.40,1.40,1.40,0.70,0.70,0.70,0.70,0.70,0.70,0.70,0.70,0.70,0.70,0.70,0.70,0.70
11.20,8.40,5.60,4.90,4.90,2.10,1.40,1.40,1.40,1.40,0.70,0.70,0.70,0.70,0.70,0.70,0.70,0.70,0.70,0.70,0.70,0.70,0.70
11.20,8.40,5.60,4.90,4.90,2.10,1.40,1.40,1.40,1.40,0.70,0.70,0.70,0.70,0.70,0.70,0.70,0.70,0.70,0.70,0.70,0.70,0.70
12.80,9.60,6.40,5.60,5.60,2.40,1.60,1.60,1.60,1.60,0.80,0.80,0.80,0.80,0.80,0.80,0.80,0.80,0.80,0.80,0.80,0.80,0.80
12.80,9.60,6.40,5.60,5.60,2.40,1.60,1.60,1.60,1.60,0.80,0.80,0.80,0.80,0.80,0.80,0.80,0.80,0.80,0.80,0.80,0.80,0.80
11.20,8.40,5.60,4.90,4.90,2.10,1.40,1.40,1.40,1.40,0.70,0.70,0.70,0.70,0.70,0.70,0.70,0.70,0.70,0.70,0.70,0.70,0.70
11.20,8.40,5.60,4.90,4.90,2.10,1.40,1.40,1.40,1.40,0.70,0.70,0.70,0.70,0.70,0.70,0.70,0.70,0.70,0.70,0.70,0.70,0.70
12.80,9.60,6.40,5.60,5.60,2.40,1.60,1.60,1.60,1.60,0.80,0.80,0.80,0.80,0.80,0.80,0.80,0.80,0.80,0.80,0.80,0.80,0.80
12.80,9.60,6.40,5.60,5.60,2.40,1.60,1.60,1.60,1.60,0.80,0.80,0.80,0.80,0.80,0.80,0.80,0.80,0.80,0.80,0.80,0.80,0.80
12.80,9.60,6.40,5.60,5.60,2.40,1.60,1.60,1.60,1.60,0.80,0.80,0.80,0.80,0.80,0.80,0.80,0.80,0.80,0.80,0.80,0.80,0.80
11.20,8.40,5.60,4.90,4.90,2.10,1.40,1.40,1.40,1.40,0.70,0.70,0.70,0.70,0.70,0.70,0.70,0.70,0.70,0.70,0.70,0.70,0.70
11.20,8.40,5.60,4.90,4.90,2.10,1.40,1.40,1.40,1.40,0.70,0.70,0.70,0.70,0.70,0.70,0.70,0.70,0.70,0.70,0.70,0.70,0.70
11.20,8.40,5.60,4.90,4.90,2.10,1.40,1.40,1.40,1.40,0.70,0.70,0.70,0.70,0.70,0.70,0.70,0.70,0.70,0.70,0.70,0.70,0.70
12.80,9.60,6.40,5.60,5.60,2.40,1.60,1.60,1.60,1.60,0.80,0.80,0.80,0.80,0.80,0.80,0.80,0.80,0.80,0.80,0.80,0.80,0.80
11.20,8.40,5.60,4.90,4.90,2.10,1.40,1.40,1.40,1.40,0.70,0.70,0.70,0.70,0.70,0.70,0.70,0.70,0.70,0.70,0.70,0.70,0.70
11.20,8.40,5.60,4.90,4.90,2.10,1.40,1.40,1.40,1.40,0.70,0.70,0.70,0.70,0.70,0.70,0.70,0.70,0.70,0.70,0.70,0.70,0.70
11.20,8.40,5.60,4.90,4.90,2.10,1.40,1.40,1.40,1.40,0.70,0.70,0.70,0.70,0.70,0.70,0.70,0.70,0.70,0.70,0.70,0.70,0.70
11.20,8.40,5.60,4.90,4.90,2.10,1.40,1.40,1.40,1.40,0.70,0.70,0.70,0.70,0.70,0.70,0.70,0.70,0.70,0.70,0.70,0.70,0.70
12.80,9.60,6.40,5.60,5.60,2.40,1.60,1.60,1.60,1.60,0.80,0.80,0.80,0.80,0.80,0.80,0.80,0.80,0.80,0.80,0.80,0.80,0.80
12.80,9.60,6.40,5.60,5.60,2.40,1.60,1.60,1.60,1.60,0.80,0.80,0.80,0.80,0.80,0.80,0.80,0.80,0.80,0.80,0.80,0.80,0.80
11.20,8.40,5.60,4.90,4.90,2.10,1.40,1.40,1.40,1.40,0.70,0.70,0.70,0.70,0.70,0.70,0.70,0.70,0.70,0.70,0.70,0.70,0.70
11.20,8.40,5.60,4.90,4.90,2.10,1.40,1.40,1.40,1.40,0.70,0.70,0.70,0.70,0.70,0.70,0.70,0.70,0.70,0.70,0.70,0.70,0.70
11.20,8.40,5.60,4.90,4.90,2.10,1.40,1.40,1.40,1.40,0.70,0.70,0.70,0.70,0.70,0.70,0.70,0.70,0.70,0.70,0.70,0.70,0.70
11.20,8.40,5.60,4.90,4.90,2.10,1.40,1.40,1.40,1.40,0.70,0.70,0.70,0.70,0.70,0.70,0.70,0.70,0.70,0.70,0.70,0.70,0.70
12.80,9.60,6.40,5.60,5.60,2.40,1.60,1.60,1.60,1.60,0.80,0.80,0.80,0.80,0.80,0.80,0.80,0.80,0.80,0.80,0.80,0.80,0.80
12.80,9.60,6.40,5.60,5.60,2.40,1.60,1.60,1.60,1.60,0.80,0.80,0.80,0.80,0.80,0.80,0.80,0.80,0.80,0.80,0.80,0.80,0.80
12.80,9.60,6.40,5.60,5.60,2.40,1.60,1.60,1.60,1.60,0.80,0.80,0.80,0.80,0.80,0.80,0.80,0.80,0.80,0.80,0.80,0.80,0.80
11.20,8.40,5.60,4.90,4.90,2.10,1.40,1.40,1.40,1.40,0.70,0.70,0.70,0.70,0.70,0.70,0.70,0.70,0.70,0.70,0.70,0.70,0.70
11.20,8.40,5.60,4.90,4.90,2.10,1.40,1.40,1.40,1.40,0.70,0.70,0.70,0.70,0.70,0.70,0.70,0.70,0.70,0.70,0.70,0.70,0.70
11.20,8.40,5.60,4.90,4.90,2.10,1.40,1.40,1.40,1.40,0.70,0.70,0.70,0.70,0.70,0.70,0.70,0.70,0.70,0.70,0.70,0.70,0.70
12.80,9.60,6.40,5.60,5.60,2.40,1.60,1.60,1.60,1.60,0.80,0.80,0.80,0.80,0.80,0.80,0.80,0.80,0.80,0.80,0.80,0.80,0.80
11.20,8.40,5.60,4.90,4.90,2.10,1.40,1.40,1.40,1.40,0.70,0.70,0.70,0.70,0.70,0.70,0.70,0.70,0.70,0.70,0.70,0.70,0.70
11.20,8.40,5.60,4.90,4.90,2.10,1.40,1.40,1.40,1.40,0.70,0.70,0.70,0.70,0.70,0.70,0.70,0.70,0.70,0.70,0.70,0.70,0.70
11.20,8.40,5.60,4.90,4.90,2.10,1.40,1.40,1.40,1.40,0.70,0.70,0.70,0.70,0.70,0.70,0.70,0.70,0.70,0.70,0.70,0.70,0.70
12.80,9.60,6.40,5.60,5.60,2.40,1.60,1.60,1.60,1.60,0.80,0.80,0.80,0.80,0.80,0.80,0.80,0.80,0.80,0.80,0.80,0.80,0.80
12.80,9.60,6.40,5.60,5.60,2.40,1.60,1.60,1.60,1.60,0.80,0.80,0.80,0.80,0.80,0.80,0.80,0.80,0.80,0.80,0.80,0.80,0.80
12.80,9.60,6.40,5.60,5.60,2.40,1.60,1.60,1.60,1.60,0.80,0.80,0.80,0.80,0.80,0.80,0.80,0.80,0.80,0.80,0.80,0.80,0.80
11.20,8.40,5.60,4.90,4.90,2.10,1.40,1.40,1.40,1.40,0.70,0.70,0.70,0.70,0.70,0.70,0.70,0.70,0.70,0.70,0.70,0.70,0.70
11.20,8.40,5.60,4.90,4.90,2.10,1.40,1.40,1.40,1.40,0.70,0.70,0.70,0.70,0.70,0.70,0.70,0.70,0.70,0.70,0.70,0.70,0.70
12.80,9.60,6.40,5.60,5.60,2.40,1.60,1.60,1.60,1.60,0.80,0.80,0.80,0.80,0.80,0.80,0.80,0.80,0.80,0.80,0.80,0.80,0.80
11.20,8.40,5.60,4.90,4.90,2.10,1.40,1.40,1.40,1.40,0.70,0.70,0.70,0.70,0.70,0.70,0.70,0.70,0.70,0.70,0.70,0.70,0.70
12.80,9.60,6.40,5.60,5.60,2.40,1.60,1.60,1.60,1.60,0.80,0.80,0.80,0.80,0.80,0.80,0.80,0.80,0.80,0.80,0.80,0.80,0.80
12.80,9.60,6.40,5.60,5.60,2.40,1.60,1.60,1.60,1.60,0.80,0.80,0.80,0.80,0.80,0.80,0.80,0.80,0.80,0.80,0.80,0.80,0.80
11.20,8.40,5.60,4.90,4.90,2.10,1.40,1.40,1.40,1.40,0.70,0.70,0.70,0.70,0.70,0.70,0.70,0.70,0.70,0.70,0.70,0.70,0.70
12.80,9.60,6.40,5.60,5.60,2.40,1.60,1.60,1.60,1.60,0.80,0.80,0.80,0.80,0.80,0.80,0.80,0.80,0.80,0.80,0.80,0.80,0.80
12.80,9.60,6.40,5.60,5.60,2.40,1.60,1.60,1.60,1.60,0.80,0.80,0.80,0.80,0.80,0.80,0.80,0.80,0.80,0.80,0.80,0.80,0.80
12.80,9.60,6.40,5.60,5.60,2.40,1.60,1.60,1.60,1.60,0.80,0.80,0.80,0.80,0.80,0.80,0.80,0.80,0.80,0.80,0.80,0.80,0.80
11.20,8.40,5.60,4.90,4.90,2.10,1.40,1.40,1.40,1.40,0.70,0.70,0.70,0.70,0.70,0.70,0.70,0.70,0.70,0.70,0.70,0.70,0.70
11.20,8.40,5.60,4.90,4.90,2.10,1.40,1.40,1.40,1.40,0.70,0.70,0.70,0.70,0.70,0.70,0.70,0.70,0.70,0.70,0.70,0.70,0.70
11.20,8.40,5.60,4.90,4.90,2.10,1.40,1.40,1.40,1.40,0.70,0.70,0.70,0.70,0.70,0.70,0.70,0.70,0.70,0.70,0.70,0.70,0.70
11.20,8.40,5.60,4.90,4.90,2.10,1.40,1.40,1.40,1.40,0.70,0.70,0.70,0.70,0.70,0.70,0.70,0.70,0.70,0.70,0.70,0.70,0.70
12.80,9.60,6.40,5.60,5.60,2.40,1.60,1.60,1.60,1.60,0.80,0.80,0.80,0.80,0.80,0.80,0.80,0.80,0.80,0.80,0.80,0.80,0.80
11.20,8.40,5.60,4.90,4.90,2.10,1.40,1.40,1.40,1.40,0.70,0.70,0.70,0.70,0.70,0.70,0.70,0.70,0.70,0.70,0.70,0.70,0.70
11.20,8.40,5.60,4.90,4.90,2.10,1.40,1.40,1.40,1.40,0.70,0.70,0.70,0.70,0.70,0.70,0.70,0.70,0.70,0.70,0.70,0.70,0.70
11.20,8.40,5.60,4.90,4.90,2.10,1.40,1.40,1.40,1.40,0.70,0.70,0.70,0.70,0.70,0.70,0.70,0.70,0.70,0.70,0.70,0.70,0.70
11.20,8.40,5.60,4.90,4.90,2.10,1.40,1.40,1.40,1.40,0.70,0.70,0.70,0.70,0.70,0.70,0.70,0.70,0.70,0.70,0.70,0.70,0.70
12.80,9.60,6.40,5.60,5.60,2.40,1.60,1.60,1.60,1.60,0.80,0.80,0.80,0.80,0.80,0.80,0.80,0.80,0.80,0.80,0.80,0.80,0.80
12.80,9.60,6.40,5.60,5.60,2.40,1.60,1.60,1.60,1.60,0.80,0.80,0.80,0.80,0.80,0.80,0.80,0.80,0.80,0.80,0.80,0.80,0.80
11.20,8.40,5.60,4.90,4.90,2.10,1.40,1.40,1.40,1.40,0.70,0.70,0.70,0.70,0.70,0.70,0.70,0.70,0.70,0.70,0.70,0.70,0.70
11.20,8.40,5.60,4.90,4.90,2.10,1.40,1.40,1.40,1.40,0.70,0.70,0.70,0.70,0.70,0.70,0.70,0.70,0.70,0.70,0.70,0.70,0.70
11.20,8.40,5.60,4.90,4.90,2.10,1.40,1.40,1.40,1.40,0.70,0.70,0.70,0.70,0.70,0.70,0.70,0.70,0.70,0.70,0.70,0.70,0.70
11.20,8.40,5.60,4.90,4.90,2.10,1.40,1.40,1.40,1.40,0.70,0.70,0.70,0.70,0.70,0.70,0.70,0.70,0.70,0.70,0.70,0.70,0.70
11.20,8.40,5.60,4.90,4.90,2.10,1.40,1.40,1.40,1.40,0.70,0.70,0.70,0.70,0.70,0.70,0.70,0.70,0.70,0.70,0.70,0.70,0.70
11.20,8.40,5.60,4.90,4.90,2.10,1.40,1.40,1.40,1.40,0.70,0.70,0.70,0.70,0.70,0.70,0.70,0.70,0.70,0.70,0.70,0.70,0.70
11.20,8.40,5.60,4.90,4.90,2.10,1.40,1.40,1.40,1.40,0.70,0.70,0.70,0.70,0.70,0.70,0.70,0.70,0.70,0.70,0.70,0.70,0.70
11.20,8.40,5.60,4.90,4.90,2.10,1.40,1.40,1.40,1.40,0.70,0.70,0.70,0.70,0.70,0.70,0.70,0.70,0.70,0.70,0.70,0.70,0.70
11.20,8.40,5.60,4.90,4.90,2.10,1.40,1.40,1.40,1.40,0.70,0.70,0.70,0.70,0.70,0.70,0.70,0.70,0.70,0.70,0.70,0.70,0.70
12.80,9.60,6.40,5.60,5.60,2.40,1.60,1.60,1.60,1.60,0.80,0.80,0.80,0.80,0.80,0.80,0.80,0.80,0.80,0.80,0.80,0.80,0.80
12.80,9.60,6.40,5.60,5.60,2.40,1.60,1.60,1.60,1.60,0.80,0.80,0.80,0.80,0.80,0.80,0.80,0.80,0.80,0.80,0.80,0.80,0.80
11.20,8.40,5.60,4.90,4.90,2.10,1.40,1.40,1.40,1.40,0.70,0.70,0.70,0.70,0.70,0.70,0.70,0.70,0.70,0.70,0.70,0.70,0.70
11.20,8.40,5.60,4.90,4.90,2.10,1.40,1.40,1.40,1.40,0.70,0.70,0.70,0.70,0.70,0.70,0.70,0.70,0.70,0.70,0.70,0.70,0.70
11.20,8.40,5.60,4.90,4.90,2.10,1.40,1.40,1.40,1.40,0.70,0.70,0.70,0.70,0.70,0.70,0.70,0.70,0.70,0.70,0.70,0.70,0.70
11.20,8.40,5.60,4.90,4.90,2.10,1.40,1.40,1.40,1.40,0.70,0.70,0.70,0.70,0.70,0.70,0.70,0.70,0.70,0.70,0.70,0.70,0.70
11.20,8.40,5.60,4.90,4.90,2.10,1.40,1.40,1.40,1.40,0.70,0.70,0.70,0.70,0.70,0.70,0.70,0.70,0.70,0.70,0.70,0.70,0.70
