#tp_osd_tp,bstore_aio,bstore_kv_sync,bstore_kv_final,rocksdb:high,rocksdb:low,OpHistorySvc,log,bstore_mempool,safe_timer,admin_socket,ceph_timer,osd_srv_heartbt,ceph-osd,service,ms_dispatch,signal_handler,io_context_pool,fn_anonymous,cfin,ms_local,finisher,osd_srv_agent
0.00,0.00,0.00,0.00,0.00,0.00,0.00,0.00,0.00,0.00,0.00,0.00,0.00,0.00,0.00,0.00,0.00,0.00,0.00,0.00,0.00,0.00,0.00
441.70,40.70,33.40,25.50,5.00,0.00,3.60,0.00,0.70,0.00,0.00,0.00,0.00,0.00,0.00,0.00,0.00,0.00,0.00,0.00,0.00,0.00,0.00
484.20,44.00,39.10,32.10,2.30,0.00,4.00,0.00,0.70,0.00,0.00,0.00,0.00,0.00,0.00,0.00,0.00,0.00,0.00,0.00,0.00,0.00,0.00
490.60,44.50,34.90,31.20,5.00,0.00,3.70,0.00,0.30,0.00,0.00,0.00,0.00,0.00,0.00,0.00,0.00,0.00,0.00,0.00,0.00,0.00,0.00
494.50,44.70,37.10,30.10,25.20,11.30,3.60,0.00,1.30,0.00,0.00,0.00,0.00,0.00,0.00,0.00,0.00,0.00,0.00,0.00,0.00,0.00,0.00
492.00,44.40,36.10,32.50,5.30,1.30,4.60,0.00,0.70,0.00,0.00,0.00,0.00,0.00,0.00,0.00,0.00,0.00,0.00,0.00,0.00,0.00,0.00
493.50,45.50,36.20,31.20,2.70,11.00,3.00,0.00,0.30,0.00,0.00,0.00,0.00,0.00,0.00,0.00,0.00,0.00,0.00,0.00,0.00,0.00,0.00
489.10,44.40,34.80,27.20,5.00,0.00,3.60,0.00,0.30,0.00,0.00,0.00,0.00,0.00,0.00,0.00,0.00,0.00,0.00,0.00,0.00,0.00,0.00
488.80,44.40,35.40,26.50,4.60,0.00,4.30,0.00,0.70,0.00,0.00,0.00,0.00,0.00,0.00,0.00,0.00,0.00,0.00,0.00,0.00,0.00,0.00
496.90,44.00,34.80,26.80,24.80,14.60,3.30,0.30,1.00,0.00,0.00,0.00,0.00,0.00,0.00,0.00,0.00,0.00,0.00,0.00,0.00,0.00,0.00
503.80,44.20,35.90,26.90,2.70,0.00,3.30,0.00,0.70,0.00,0.00,0.30,0.00,0.00,0.00,0.00,0.00,0.00,0.00,0.00,0.00,0.00,0.00
497.30,46.40,35.80,27.20,5.00,0.00,3.00,0.00,0.30,0.00,0.00,0.00,0.00,0.00,0.00,0.00,0.00,0.00,0.00,0.00,0.00,0.00,0.00
491.40,46.40,36.40,27.20,3.60,11.60,3.00,0.00,0.30,0.00,0.30,0.00,0.00,0.00,0.00,0.00,0.00,0.00,0.00,0.00,0.00,0.00,0.00
491.30,45.80,36.20,26.60,3.70,12.60,3.00,0.00,0.70,0.00,0.00,0.00,0.00,0.00,0.00,0.00,0.00,0.00,0.00,0.00,0.00,0.00,0.00
476.40,42.70,38.10,26.80,26.20,15.20,3.00,0.00,1.70,0.00,0.00,0.00,0.00,0.00,0.00,0.00,0.00,0.00,0.00,0.00,0.00,0.00,0.00
481.60,43.00,35.40,27.80,2.60,0.00,3.00,0.00,0.00,0.30,0.00,0.00,0.00,0.00,0.00,0.00,0.00,0.00,0.00,0.00,0.00,0.00,0.00
471.20,43.40,35.40,26.80,7.30,0.00,3.00,0.00,0.70,0.00,0.00,0.00,0.00,0.00,0.00,0.00,0.00,0.00,0.00,0.00,0.00,0.00,0.00
477.40,44.90,44.20,25.60,2.30,0.00,2.70,0.00,0.70,0.00,0.00,0.00,0.00,0.00,0.00,0.00,0.00,0.00,0.00,0.00,0.00,0.00,0.00
477.60,43.00,38.40,26.80,5.60,0.00,3.00,0.30,0.30,0.00,0.00,0.00,0.00,0.00,0.00,0.00,0.00,0.00,0.00,0.00,0.00,0.00,0.00
472.60,42.70,38.10,26.80,23.50,13.20,3.00,0.00,1.30,0.00,0.00,0.00,0.00,0.00,0.00,0.00,0.00,0.00,0.00,0.00,0.00,0.00,0.00
484.60,42.90,35.50,28.20,5.60,11.30,3.00,0.00,0.30,0.00,0.00,0.00,0.00,0.00,0.00,0.00,0.00,0.00,0.00,0.00,0.00,0.00,0.00
488.50,43.40,35.80,27.20,2.60,0.00,3.00,0.00,0.70,0.00,0.00,0.00,0.00,0.00,0.00,0.00,0.00,0.00,0.00,0.00,0.00,0.00,0.00
480.20,42.40,33.80,26.20,6.00,0.00,3.00,0.00,0.30,0.30,0.00,0.00,0.00,0.00,0.00,0.00,0.00,0.00,0.00,0.00,0.00,0.00,0.00
493.50,43.70,35.80,27.50,5.00,0.00,3.00,0.00,0.70,0.00,0.00,0.00,0.00,0.00,0.00,0.00,0.00,0.00,0.00,0.00,0.00,0.00,0.00
473.50,43.50,35.20,27.60,25.90,14.60,2.70,0.00,1.30,0.00,0.00,0.00,0.00,0.00,0.00,0.00,0.00,0.00,0.00,0.00,0.00,0.00,0.00
485.50,43.70,36.40,27.20,2.60,0.00,3.30,0.00,0.00,0.00,0.00,0.30,0.00,0.00,0.00,0.00,0.00,0.00,0.00,0.00,0.00,0.00,0.00
472.00,41.70,35.10,26.20,5.00,11.60,3.60,0.00,1.00,0.00,0.00,0.00,0.00,0.00,0.00,0.00,0.00,0.00,0.00,0.00,0.00,0.00,0.00
473.70,42.50,35.90,27.90,2.70,11.60,3.00,0.00,0.00,0.30,0.00,0.00,0.00,0.00,0.00,0.00,0.00,0.00,0.00,0.00,0.00,0.00,0.00
478.80,43.40,35.80,26.80,7.00,0.00,2.60,0.00,0.70,0.00,0.00,0.00,0.00,0.00,0.00,0.00,0.00,0.00,0.00,0.00,0.00,0.00,0.00
475.80,42.70,36.40,26.50,24.20,15.60,3.60,0.00,1.30,0.00,0.00,0.00,0.00,0.00,0.00,0.00,0.00,0.00,0.00,0.00,0.00,0.00,0.00
468.90,43.80,25.00,25.00,0.00,0.00,0.00,0.00,0.00,0.00,0.00,0.00,0.00,0.00,0.00,0.00,0.00,0.00,0.00,0.00,0.00,0.00,0.00
447.80,41.10,29.50,23.80,5.60,0.00,3.30,0.00,1.00,0.00,0.00,0.00,0.00,0.00,0.00,0.00,0.00,0.00,0.00,0.00,0.00,0.00,0.00
417.60,37.40,28.50,25.80,24.20,13.60,2.30,0.00,0.70,0.00,0.30,0.00,0.00,0.00,0.00,0.00,0.00,0.00,0.00,0.00,0.00,0.00,0.00
439.80,39.90,29.90,28.20,5.30,10.00,3.00,0.00,0.70,0.00,0.00,0.00,0.00,0.00,0.00,0.00,0.00,0.00,0.00,0.00,0.00,0.00,0.00
458.40,41.10,30.10,23.50,2.60,2.30,3.60,0.00,0.30,0.00,0.00,0.00,0.00,0.00,0.00,0.00,0.00,0.00,0.00,0.00,0.00,0.00,0.00
429.90,37.70,30.10,22.80,5.00,0.00,2.60,0.00,1.00,0.00,0.00,0.00,0.00,0.00,0.00,0.00,0.00,0.00,0.00,0.00,0.00,0.00,0.00
439.40,39.50,30.20,24.90,3.00,0.00,3.30,0.00,0.30,0.00,0.00,0.00,0.00,0.00,0.00,0.00,0.00,0.00,0.00,0.00,0.00,0.00,0.00
419.70,37.70,30.10,22.80,22.80,14.20,3.00,0.00,1.00,0.00,0.00,0.00,0.00,0.00,0.00,0.00,0.00,0.00,0.00,0.00,0.00,0.00,0.00
402.20,35.70,27.80,21.50,5.30,0.00,3.60,0.00,0.30,0.30,0.00,0.00,0.00,0.00,0.00,0.00,0.00,0.00,0.00,0.00,0.00,0.00,0.00
420.70,37.40,29.10,21.90,2.60,0.00,4.00,0.00,0.70,0.30,0.00,0.00,0.00,0.00,0.00,0.00,0.00,0.00,0.00,0.00,0.00,0.00,0.00
425.80,38.20,30.20,22.90,5.60,14.00,4.00,0.00,0.70,0.00,0.00,0.00,0.00,0.00,0.00,0.00,0.00,0.00,0.00,0.00,0.00,0.00,0.00
397.60,36.10,28.80,21.90,3.00,12.30,4.00,0.00,0.30,0.00,0.00,0.00,0.00,0.00,0.00,0.00,0.00,0.00,0.00,0.00,0.00,0.00,0.00
416.60,37.40,30.10,22.80,6.30,0.00,4.00,0.00,0.30,0.00,0.00,0.00,0.00,0.00,0.00,0.00,0.00,0.00,0.00,0.00,0.00,0.00,0.00
414.90,36.90,30.60,21.90,25.90,13.30,4.00,0.00,1.00,0.00,0.00,0.00,0.00,0.00,0.00,0.00,0.00,0.00,0.00,0.00,0.00,0.00,0.00
410.60,36.80,32.80,21.90,3.00,0.00,4.00,0.00,0.70,0.00,0.00,0.00,0.00,0.00,0.00,0.00,0.00,0.00,0.00,0.00,0.00,0.00,0.00
413.10,36.80,32.10,21.90,6.00,0.00,3.60,0.00,0.30,0.00,0.00,0.00,0.00,0.00,0.00,0.00,0.00,0.00,0.00,0.00,0.00,0.00,0.00
411.90,37.10,34.80,21.50,2.30,0.00,3.30,0.00,0.70,0.00,0.00,0.00,0.00,0.00,0.00,0.00,0.00,0.00,0.00,0.00,0.00,0.00,0.00
420.10,38.20,29.90,22.60,6.00,0.00,3.70,0.00,0.30,0.00,0.00,0.00,0.00,0.00,0.00,0.00,0.00,0.00,0.00,0.00,0.00,0.00,0.00
397.10,35.40,28.80,21.50,4.30,0.00,3.00,0.00,0.30,0.00,0.00,0.00,0.00,0.00,0.00,0.00,0.00,0.00,0.00,0.00,0.00,0.00,0.00
408.80,37.10,29.10,21.50,24.80,13.60,3.30,0.00,1.30,0.00,0.00,0.00,0.00,0.00,0.00,0.00,0.00,0.00,0.00,0.00,0.00,0.00,0.00
427.60,38.40,30.50,22.50,2.60,0.00,3.60,0.00,0.00,0.00,0.00,0.00,0.00,0.00,0.00,0.00,0.00,0.00,0.00,0.00,0.00,0.00,0.00
386.30,36.90,27.20,22.60,3.30,12.00,2.30,0.30,1.00,0.00,0.00,0.00,0.00,0.00,0.00,0.00,0.00,0.00,0.00,0.00,0.00,0.00,0.00
414.20,38.40,29.10,25.20,2.60,0.00,2.60,0.00,0.00,0.00,0.00,0.30,0.00,0.00,0.00,0.00,0.00,0.00,0.00,0.00,0.00,0.00,0.00
422.50,37.70,29.80,26.20,5.30,0.00,2.60,0.00,0.70,0.00,0.00,0.00,0.00,0.00,0.00,0.00,0.00,0.00,0.00,0.00,0.00,0.00,0.00
409.50,36.20,28.60,24.30,24.60,1.70,3.00,0.30,0.30,0.00,0.00,0.00,0.00,0.00,0.00,0.00,0.00,0.00,0.00,0.00,0.00,0.00,0.00
440.00,39.40,28.80,23.50,5.30,10.90,2.60,0.00,1.30,0.00,0.00,0.00,0.00,0.00,0.00,0.00,0.00,0.00,0.00,0.00,0.00,0.00,0.00
452.50,41.40,31.10,23.20,3.00,0.00,2.60,0.00,0.30,0.00,0.00,0.00,0.00,0.00,0.00,0.00,0.00,0.00,0.00,0.00,0.00,0.00,0.00
419.00,38.70,29.50,24.50,6.00,12.30,2.60,0.00,0.70,0.00,0.00,0.00,0.00,0.00,0.00,0.00,0.00,0.00,0.00,0.00,0.00,0.00,0.00
451.10,40.50,30.90,25.20,2.70,11.60,3.70,0.00,0.30,0.00,0.00,0.00,0.00,0.00,0.00,0.00,0.00,0.00,0.00,0.00,0.00,0.00,0.00
436.10,40.40,35.40,22.20,5.60,0.00,3.30,0.00,0.70,0.00,0.00,0.00,0.00,0.00,0.00,0.00,0.00,0.00,0.00,0.00,0.00,0.00,0.00
568.60,50.00,37.50,31.20,0.00,0.00,6.20,0.00,0.00,0.00,0.00,0.00,0.00,0.00,0.00,0.00,0.00,0.00,0.00,0.00,0.00,0.00,0.00
505.60,45.40,33.40,25.50,26.20,13.20,4.30,0.00,1.30,0.00,0.00,0.00,0.00,0.00,0.00,0.00,0.00,0.00,0.00,0.00,0.00,0.00,0.00
520.50,48.80,30.90,25.90,5.00,13.30,4.30,0.00,0.30,0.00,0.00,0.00,0.00,0.00,0.00,0.00,0.00,0.00,0.00,0.00,0.00,0.00,0.00
534.40,46.40,37.70,24.80,2.60,0.00,4.00,0.00,0.00,0.00,0.00,0.00,0.00,0.00,0.00,0.00,0.00,0.00,0.00,0.00,0.00,0.00,0.00
508.10,45.40,34.10,24.80,8.60,0.00,3.00,0.00,0.70,0.00,0.00,0.00,0.00,0.00,0.00,0.00,0.00,0.00,0.00,0.00,0.00,0.00,0.00
521.00,47.20,32.60,26.20,24.60,1.70,4.70,0.00,0.30,0.00,0.00,0.00,0.00,0.00,0.00,0.00,0.00,0.00,0.00,0.00,0.00,0.00,0.00
518.90,46.70,29.80,25.80,7.00,11.90,4.30,0.00,1.30,0.00,0.00,0.00,0.00,0.00,0.00,0.00,0.00,0.00,0.00,0.00,0.00,0.00,0.00
515.30,46.70,31.80,26.20,6.00,12.60,4.30,0.00,0.30,0.00,0.00,0.00,0.00,0.00,0.00,0.00,0.00,0.00,0.00,0.00,0.00,0.00,0.00
529.70,49.20,31.20,26.60,2.70,12.60,3.00,0.00,0.70,0.00,0.00,0.00,0.30,0.00,0.00,0.00,0.00,0.00,0.00,0.00,0.00,0.00,0.00
512.20,47.00,33.40,24.80,8.60,0.00,3.30,0.00,0.70,0.00,0.00,0.00,0.00,0.00,0.00,0.00,0.00,0.00,0.00,0.00,0.00,0.00,0.00
518.60,47.00,32.50,25.80,24.80,13.90,3.00,0.30,1.00,0.00,0.00,0.00,0.00,0.00,0.00,0.00,0.00,0.00,0.00,0.00,0.00,0.00,0.00
532.70,48.00,32.10,26.20,5.30,0.00,3.30,0.00,0.70,0.00,0.00,0.00,0.00,0.00,0.00,0.00,0.00,0.00,0.00,0.00,0.00,0.00,0.00
517.40,49.50,31.20,25.60,5.30,0.00,3.30,0.00,0.30,0.00,0.30,0.00,0.00,0.00,0.00,0.00,0.00,0.00,0.00,0.00,0.00,0.00,0.00
521.40,47.40,31.10,25.80,5.00,0.00,3.30,0.00,0.30,0.00,0.00,0.00,0.00,0.00,0.00,0.00,0.00,0.00,0.00,0.00,0.00,0.00,0.00
505.20,46.40,30.10,25.80,26.20,0.70,3.60,0.00,0.70,0.00,0.00,0.00,0.00,0.00,0.00,0.00,0.00,0.00,0.00,0.00,0.00,0.00,0.00
505.40,45.40,34.10,24.80,2.60,24.90,3.30,0.00,1.00,0.00,0.00,0.00,0.00,0.00,0.00,0.00,0.00,0.00,0.00,0.00,0.00,0.00,0.00
521.20,47.20,30.20,25.60,5.00,0.00,3.30,0.00,0.70,0.00,0.00,0.00,0.00,0.00,0.00,0.00,0.00,0.00,0.00,0.00,0.00,0.00,0.00
476.40,44.00,30.10,24.20,5.30,0.00,3.00,0.00,0.30,0.00,0.00,0.00,0.00,0.00,0.00,0.00,0.00,0.00,0.00,0.00,0.00,0.00,0.00
497.30,46.70,29.50,24.80,2.60,0.00,3.30,0.00,0.30,0.00,0.00,0.00,0.00,0.00,0.00,0.00,0.00,0.00,0.00,0.00,0.00,0.00,0.00
466.80,41.70,33.40,23.80,27.80,13.20,3.30,0.00,1.70,0.30,0.00,0.00,0.00,0.00,0.00,0.00,0.00,0.00,0.00,0.00,0.00,0.00,0.00
459.60,44.20,30.20,23.30,6.60,0.00,3.00,0.00,0.00,0.00,0.00,0.00,0.00,0.00,0.00,0.00,0.00,0.00,0.00,0.00,0.00,0.00,0.00
456.60,41.10,28.10,24.20,5.00,18.30,3.00,0.00,0.70,0.30,0.00,0.00,0.00,0.00,0.00,0.00,0.00,0.00,0.00,0.00,0.00,0.00,0.00
416.30,39.40,26.80,24.80,2.30,4.60,3.30,0.00,0.30,0.30,0.00,0.00,0.00,0.00,0.00,0.00,0.00,0.00,0.00,0.00,0.00,0.00,0.00
450.00,44.40,27.80,23.80,5.30,0.00,3.60,0.00,0.70,0.00,0.30,0.00,0.00,0.00,0.00,0.00,0.00,0.00,0.00,0.00,0.00,0.00,0.00
446.90,40.90,28.20,23.30,25.20,6.30,3.70,0.00,0.30,0.00,0.00,0.00,0.00,0.00,0.00,0.00,0.00,0.00,0.00,0.00,0.00,0.00,0.00
440.10,39.70,25.80,24.20,5.30,6.30,3.30,0.00,1.30,0.00,0.00,0.30,0.00,0.00,0.00,0.00,0.00,0.00,0.00,0.00,0.00,0.00,0.00
465.20,42.40,29.10,24.20,2.30,0.00,4.00,0.00,0.00,0.00,0.00,0.00,0.00,0.00,0.00,0.00,0.00,0.00,0.00,0.00,0.00,0.00,0.00
453.80,42.10,26.80,24.20,5.00,0.00,3.60,0.00,0.70,0.00,0.00,0.00,0.00,0.00,0.00,0.00,0.00,0.00,0.00,0.00,0.00,0.00,0.00
436.90,40.20,27.60,23.90,2.70,0.00,3.70,0.30,0.30,0.00,0.00,0.00,0.00,0.00,0.00,0.00,0.00,0.00,0.00,0.00,0.00,0.00,0.00
447.10,41.10,27.50,23.50,14.60,0.00,3.00,0.00,0.70,0.00,0.00,0.00,0.00,0.00,0.00,0.00,0.00,0.00,0.00,0.00,0.00,0.00,0.00
358.70,29.40,29.40,23.50,0.00,0.00,0.00,5.90,0.00,0.00,0.00,0.00,0.00,0.00,0.00,0.00,0.00,0.00,0.00,0.00,0.00,0.00,0.00
408.10,39.20,26.60,22.60,2.70,0.00,3.70,2.30,0.00,0.00,0.00,0.00,0.00,0.00,0.00,0.00,0.00,0.00,0.00,0.00,0.00,0.00,0.00
389.60,35.80,26.80,22.20,5.00,0.00,4.00,2.30,0.70,0.30,0.00,0.00,0.00,0.00,0.00,0.00,0.00,0.00,0.00,0.00,0.00,0.00,0.00
388.80,37.70,24.50,22.20,24.20,15.20,4.00,2.00,1.70,0.00,0.00,0.00,0.00,0.00,0.00,0.00,0.00,0.00,0.00,0.00,0.00,0.00,0.00
414.20,38.70,26.20,23.50,2.30,0.00,4.00,2.30,0.00,0.00,0.00,0.00,0.00,0.00,0.00,0.00,0.00,0.00,0.00,0.00,0.00,0.00,0.00
392.60,37.50,24.90,23.30,5.30,25.00,4.00,2.00,0.30,0.00,0.00,0.00,0.00,0.00,0.00,0.00,0.00,0.00,0.00,0.00,0.00,0.00,0.00
416.50,38.70,28.10,23.80,0.00,0.00,3.60,2.30,0.70,0.00,0.00,0.00,0.00,0.00,0.00,0.00,0.00,0.00,0.00,0.00,0.00,0.00,0.00
422.90,39.70,26.20,24.20,19.90,0.00,4.00,2.60,0.30,0.00,0.30,0.00,0.00,0.00,0.00,0.00,0.00,0.00,0.00,0.00,0.00,0.00,0.00
399.40,38.70,24.80,22.80,8.90,12.90,3.30,2.30,1.00,0.00,0.00,0.00,0.00,0.00,0.00,0.00,0.00,0.00,0.00,0.00,0.00,0.00,0.00
414.80,38.20,27.60,23.60,8.30,0.00,3.70,2.00,0.70,0.00,0.00,0.30,0.00,0.00,0.00,0.00,0.00,0.00,0.00,0.00,0.00,0.00,0.00
441.80,40.10,27.80,27.80,0.00,0.00,4.00,2.60,0.30,0.00,0.00,0.00,0.00,0.00,0.00,0.00,0.00,0.00,0.00,0.00,0.00,0.00,0.00
434.70,39.10,28.50,25.80,4.60,0.00,3.60,2.30,0.70,0.00,0.00,0.00,0.00,0.00,0.00,0.00,0.00,0.00,0.00,0.00,0.00,0.00,0.00
416.40,38.40,29.50,24.80,2.60,0.00,4.00,2.00,0.30,0.00,0.00,0.00,0.00,0.00,0.00,0.00,0.00,0.00,0.00,0.00,0.00,0.00,0.00
422.80,39.90,26.90,23.60,27.90,7.30,4.00,2.30,0.30,0.00,0.00,0.00,0.00,0.00,0.00,0.00,0.00,0.00,0.00,0.00,0.00,0.00,0.00
430.50,39.70,29.50,24.20,2.60,6.00,3.30,2.30,1.00,0.00,0.00,0.00,0.00,0.00,0.00,0.00,0.00,0.00,0.00,0.00,0.00,0.00,0.00
392.30,36.40,27.20,22.50,3.00,12.60,3.30,2.00,0.70,0.00,0.00,0.00,0.00,0.00,0.00,0.00,0.00,0.00,0.00,0.00,0.00,0.00,0.00
411.50,41.10,25.50,22.80,5.30,0.00,3.30,2.30,0.70,0.00,0.00,0.00,0.00,0.00,0.00,0.00,0.00,0.00,0.00,0.00,0.00,0.00,0.00
430.70,41.50,28.20,24.30,2.70,0.00,4.30,2.30,0.00,0.00,0.00,0.00,0.00,0.00,0.00,0.00,0.00,0.00,0.00,0.00,0.00,0.00,0.00
420.00,38.70,26.50,25.50,5.60,0.00,3.60,2.30,1.00,0.00,0.00,0.00,0.00,0.00,0.00,0.00,0.00,0.00,0.00,0.00,0.00,0.00,0.00
411.90,39.40,27.20,25.80,24.50,14.60,3.60,2.00,0.70,0.00,0.00,0.00,0.00,0.00,0.00,0.00,0.00,0.00,0.00,0.00,0.00,0.00,0.00
435.00,40.20,28.60,25.20,5.60,0.00,4.30,2.70,0.30,0.00,0.00,0.00,0.00,0.00,0.00,0.00,0.00,0.00,0.00,0.00,0.00,0.00,0.00
419.20,39.10,27.20,23.20,3.00,0.00,3.60,2.30,0.30,0.00,0.00,0.00,0.00,0.00,0.00,0.00,0.00,0.00,0.00,0.00,0.00,0.00,0.00
413.70,38.40,25.80,23.80,5.00,24.20,4.00,2.00,1.00,0.00,0.00,0.00,0.00,0.00,0.00,0.00,0.00,0.00,0.00,0.00,0.00,0.00,0.00
440.40,40.70,29.10,24.20,0.00,0.00,3.30,2.30,0.30,0.00,0.00,0.00,0.00,0.00,0.00,0.00,0.00,0.00,0.00,0.00,0.00,0.00,0.00
444.10,41.20,32.90,24.90,10.00,0.00,3.70,1.70,0.30,0.00,0.00,0.00,0.00,0.00,0.00,0.00,0.00,0.00,0.00,0.00,0.00,0.00,0.00
428.50,38.40,26.20,25.80,22.20,15.90,3.30,2.30,1.30,0.00,0.00,0.00,0.00,0.00,0.00,0.00,0.00,0.00,0.00,0.00,0.00,0.00,0.00
444.90,40.40,28.50,27.50,7.60,0.00,4.00,2.00,0.70,0.30,0.00,0.00,0.00,0.00,0.00,0.00,0.00,0.00,0.00,0.00,0.00,0.00,0.00
453.80,42.40,30.50,29.10,0.00,0.00,4.00,2.30,0.00,0.00,0.00,0.00,0.00,0.00,0.00,0.00,0.00,0.00,0.00,0.00,0.00,0.00,0.00
425.80,40.50,30.90,26.90,8.00,0.00,3.70,1.70,1.00,0.00,0.00,0.00,0.00,0.00,0.00,0.00,0.00,0.00,0.00,0.00,0.00,0.00,0.00
445.30,43.70,30.10,27.80,0.00,0.00,4.00,2.60,0.00,0.00,0.00,0.00,0.00,0.00,0.00,0.00,0.00,0.00,0.00,0.00,0.00,0.00,0.00
456.20,43.80,25.00,31.20,0.00,0.00,6.20,6.20,0.00,0.00,0.00,0.00,0.00,0.00,0.00,0.00,0.00,0.00,0.00,0.00,0.00,0.00,0.00
405.10,38.40,27.20,23.20,2.30,0.00,3.30,1.70,0.30,0.00,0.00,0.00,0.00,0.00,0.00,0.00,0.00,0.00,0.00,0.00,0.00,0.00,0.00
401.60,37.70,26.50,22.80,5.30,0.00,3.30,1.70,0.70,0.00,0.00,0.00,0.00,0.00,0.00,0.30,0.00,0.00,0.00,0.00,0.00,0.00,0.00
419.60,38.70,26.50,23.80,23.50,16.20,3.60,1.30,1.00,0.00,0.00,0.00,0.00,0.00,0.00,0.00,0.00,0.00,0.00,0.00,0.00,0.00,0.00
421.50,39.90,26.60,24.30,5.30,0.00,3.70,1.70,0.70,0.00,0.00,0.00,0.00,0.00,0.00,0.00,0.00,0.00,0.00,0.00,0.00,0.00,0.00
404.40,38.10,26.80,23.50,0.70,0.00,3.30,1.70,0.00,0.00,0.00,0.00,0.00,0.00,0.00,0.00,0.00,0.00,0.00,0.00,0.00,0.00,0.00
412.30,41.10,26.20,23.50,7.00,0.00,4.00,1.70,1.00,0.00,0.00,0.00,0.00,0.00,0.00,0.00,0.00,0.00,0.00,0.00,0.00,0.00,0.00
417.20,40.70,29.10,24.20,2.30,0.00,3.60,1.70,0.00,0.00,0.00,0.00,0.00,0.00,0.00,0.00,0.00,0.00,0.00,0.00,0.00,0.00,0.00
395.70,37.90,24.90,23.30,5.30,11.60,3.70,1.70,1.00,0.00,0.00,0.00,0.00,0.00,0.00,0.00,0.00,0.00,0.00,0.00,0.00,0.00,0.00
415.70,40.00,27.20,24.20,24.50,13.20,4.00,1.30,1.00,0.30,0.00,0.00,0.00,0.00,0.00,0.00,0.00,0.00,0.00,0.00,0.00,0.00,0.00
441.80,40.70,27.50,24.80,5.60,0.00,3.00,1.70,0.70,0.00,0.00,0.00,0.00,0.00,0.00,0.00,0.00,0.00,0.00,0.00,0.00,0.00,0.00
412.60,38.50,28.20,24.30,3.00,0.00,4.00,1.30,0.30,0.00,0.00,0.00,0.00,0.00,0.00,0.00,0.00,0.00,0.00,0.00,0.00,0.00,0.00
418.90,40.10,27.80,24.20,5.00,0.00,4.00,1.70,1.00,0.00,0.00,0.00,0.00,0.00,0.00,0.00,0.00,0.00,0.00,0.00,0.00,0.00,0.00
440.40,42.10,32.80,24.50,2.60,0.00,3.60,1.30,0.30,0.00,0.00,0.00,0.00,0.00,0.00,0.00,0.00,0.00,0.00,0.00,0.00,0.00,0.00
414.40,38.70,29.10,23.50,20.20,0.00,3.30,1.30,0.00,0.00,0.00,0.00,0.00,0.00,0.00,0.00,0.00,0.00,0.00,0.00,0.00,0.00,0.00
417.60,38.90,25.60,23.60,9.00,26.60,3.70,1.70,1.70,0.00,0.00,0.00,0.00,0.00,0.00,0.00,0.00,0.00,0.00,0.00,0.00,0.00,0.00
445.10,41.40,27.80,24.20,5.30,10.60,3.60,1.30,0.70,0.00,0.00,0.00,0.00,0.00,0.00,0.00,0.00,0.00,0.00,0.00,0.00,0.00,0.00
431.20,40.40,26.50,23.80,2.60,1.00,3.30,1.70,0.30,0.00,0.00,0.00,0.00,0.00,0.00,0.00,0.00,0.00,0.00,0.00,0.00,0.00,0.00
423.90,40.20,27.90,23.90,2.70,0.00,4.00,1.70,0.30,0.00,0.00,0.00,0.00,0.00,0.00,0.00,0.00,0.00,0.00,0.00,0.00,0.00,0.00
438.90,42.10,26.80,24.20,5.30,0.00,3.60,1.00,0.70,0.00,0.00,0.00,0.00,0.00,0.00,0.00,0.00,0.00,0.00,0.00,0.00,0.00,0.00
416.60,39.40,26.50,23.80,23.50,14.60,3.60,1.70,1.00,0.30,0.00,0.00,0.00,0.00,0.00,0.00,0.00,0.00,0.00,0.00,0.00,0.00,0.00
418.10,41.70,26.20,23.20,6.00,0.00,3.60,1.70,0.30,0.00,0.00,0.00,0.00,0.00,0.00,0.00,0.00,0.00,0.00,0.00,0.00,0.00,0.00
429.60,40.20,27.90,23.30,3.00,0.00,3.70,2.00,0.70,0.00,0.00,0.00,0.00,0.00,0.00,0.00,0.00,0.00,0.00,0.00,0.00,0.00,0.00
409.60,38.70,28.80,23.20,5.60,0.00,3.60,1.30,0.30,0.00,0.00,0.00,0.00,0.00,0.00,0.00,0.00,0.00,0.00,0.00,0.00,0.00,0.00
429.20,40.40,27.20,23.50,2.60,0.00,3.30,2.00,0.00,0.00,0.00,0.00,0.00,0.00,0.00,0.00,0.00,0.00,0.00,0.00,0.00,0.00,0.00
435.80,40.20,27.90,24.30,22.30,11.60,3.70,1.30,1.00,0.00,0.00,0.00,0.00,0.00,0.00,0.00,0.00,0.00,0.00,0.00,0.00,0.00,0.00
411.60,38.40,25.50,23.20,6.30,13.60,4.00,1.70,1.00,0.30,0.30,0.00,0.00,0.00,0.00,0.00,0.00,0.00,0.00,0.00,0.00,0.00,0.00
432.50,40.10,29.10,24.50,2.60,0.00,3.30,1.70,0.70,0.00,0.00,0.00,0.00,0.00,0.00,0.00,0.00,0.00,0.00,0.00,0.00,0.00,0.00
409.70,38.70,26.50,23.50,5.30,0.00,4.00,1.70,0.00,0.00,0.00,0.00,0.00,0.00,0.00,0.00,0.00,0.00,0.00,0.00,0.00,0.00,0.00
420.80,39.10,26.50,23.50,2.60,0.00,4.30,1.70,1.00,0.00,0.00,0.00,0.00,0.00,0.00,0.00,0.00,0.00,0.00,0.00,0.00,0.00,0.00
464.60,41.20,23.50,23.50,0.00,0.00,5.90,0.00,0.00,0.00,0.00,0.00,0.00,0.00,0.00,0.00,0.00,0.00,0.00,0.00,0.00,0.00,0.00
458.60,44.20,28.60,25.60,3.00,0.00,4.30,1.00,1.00,0.00,0.00,0.00,0.00,0.00,0.00,0.00,0.00,0.00,0.00,0.00,0.00,0.00,0.00
458.20,43.40,28.80,26.20,5.00,0.00,4.60,0.70,0.30,0.30,0.00,0.00,0.00,0.00,0.00,0.00,0.00,0.00,0.00,0.00,0.00,0.00,0.00
423.30,41.10,26.80,26.50,23.80,8.60,4.00,1.00,0.30,0.00,0.00,0.00,0.00,0.00,0.00,0.00,0.00,0.00,0.00,0.00,0.00,0.00,0.00
425.80,40.70,26.80,27.50,5.30,17.60,3.60,1.00,1.30,0.00,0.00,0.00,0.00,0.00,0.00,0.00,0.00,0.00,0.00,0.00,0.00,0.00,0.00
441.20,42.10,29.50,25.20,2.60,0.00,4.00,1.00,0.70,0.00,0.00,0.00,0.00,0.00,0.00,0.00,0.00,0.00,0.00,0.00,0.00,0.00,0.00
401.80,37.90,27.20,24.30,5.30,12.60,3.00,1.00,0.30,0.30,0.00,0.00,0.00,0.00,0.00,0.00,0.00,0.00,0.00,0.00,0.00,0.00,0.00
432.10,40.10,27.20,28.10,19.50,4.30,4.00,0.70,0.30,0.00,0.00,0.00,0.00,0.00,0.00,0.00,0.00,0.00,0.00,0.00,0.00,0.00,0.00
426.10,40.40,30.10,25.50,5.30,8.60,4.60,1.00,1.30,0.00,0.00,0.00,0.00,0.00,0.00,0.00,0.00,0.00,0.00,0.00,0.00,0.00,0.00
422.70,39.40,27.80,24.80,2.60,0.00,4.00,1.00,0.30,0.00,0.00,0.00,0.00,0.00,0.00,0.00,0.00,0.00,0.00,0.00,0.00,0.00,0.00
434.00,42.20,28.90,25.90,4.70,0.00,4.00,0.70,0.70,0.00,0.00,0.00,0.00,0.00,0.00,0.00,0.00,0.00,0.00,0.00,0.00,0.00,0.00
425.30,40.40,27.20,25.80,3.00,0.00,4.60,1.00,0.30,0.00,0.00,0.30,0.00,0.00,0.00,0.00,0.00,0.00,0.00,0.00,0.00,0.00,0.00
395.10,37.70,25.80,24.20,5.00,0.00,4.00,1.00,0.30,0.00,0.00,0.00,0.00,0.00,0.00,0.00,0.00,0.00,0.00,0.00,0.00,0.00,0.00
414.60,39.10,26.20,24.50,23.20,13.20,4.00,1.30,1.70,0.30,0.30,0.00,0.30,0.00,0.00,0.00,0.00,0.00,0.00,0.00,0.00,0.00,0.00
421.10,39.10,27.20,24.80,5.60,0.00,3.00,1.00,0.30,0.00,0.00,0.00,0.00,0.00,0.00,0.00,0.00,0.00,0.00,0.00,0.00,0.00,0.00
392.60,36.90,26.60,23.30,2.30,14.60,3.00,1.00,0.70,0.00,0.00,0.00,0.00,0.00,0.00,0.00,0.00,0.00,0.00,0.00,0.00,0.00,0.00
398.50,37.70,26.80,23.20,4.00,0.00,3.00,1.30,0.30,0.00,0.00,0.00,0.00,0.00,0.00,0.00,0.00,0.00,0.00,0.00,0.00,0.00,0.00
390.50,37.40,25.80,23.20,3.60,0.00,4.00,1.00,0.30,0.00,0.00,0.00,0.00,0.00,0.00,0.00,0.00,0.00,0.00,0.00,0.00,0.00,0.00
380.20,35.80,25.20,21.90,0.00,0.00,3.30,1.30,0.70,0.00,0.00,0.00,0.00,0.00,0.00,0.00,0.00,0.00,0.00,0.00,0.00,0.00,0.00
376.70,36.90,24.90,22.90,29.20,15.90,3.00,1.00,1.70,0.00,0.00,0.00,0.00,0.00,0.00,0.00,0.00,0.00,0.00,0.00,0.00,0.00,0.00
361.00,35.40,23.50,22.50,3.00,0.00,3.00,1.70,0.00,0.00,0.00,0.00,0.00,0.00,0.00,0.00,0.00,0.00,0.00,0.00,0.00,0.00,0.00
373.30,35.40,24.50,23.20,5.30,11.30,3.00,1.00,0.70,0.00,0.00,0.00,0.00,0.00,0.00,0.00,0.00,0.00,0.00,0.00,0.00,0.00,0.00
352.30,34.40,22.50,20.50,2.60,1.00,3.30,1.70,0.70,0.30,0.00,0.30,0.00,0.00,0.00,0.00,0.00,0.00,0.00,0.00,0.00,0.00,0.00
370.70,36.50,24.30,22.30,2.70,3.70,2.70,1.30,0.00,0.00,0.00,0.00,0.00,0.00,0.00,0.00,0.00,0.00,0.00,0.00,0.00,0.00,0.00
380.70,36.40,24.50,22.80,4.00,9.30,4.00,1.00,0.70,0.00,0.00,0.00,0.00,0.00,0.00,0.00,0.00,0.00,0.00,0.00,0.00,0.00,0.00
356.40,33.80,26.80,23.20,22.80,15.90,3.00,1.00,1.00,0.00,0.00,0.00,0.00,0.00,0.00,0.00,0.00,0.00,0.00,0.00,0.00,0.00,0.00
371.00,36.40,25.50,21.90,6.30,0.00,3.60,1.70,1.00,0.00,0.00,0.00,0.00,0.00,0.00,0.00,0.00,0.00,0.00,0.00,0.00,0.00,0.00
389.30,36.90,24.90,22.90,2.30,0.00,3.70,1.00,0.30,0.00,0.00,0.00,0.00,0.00,0.00,0.00,0.00,0.00,0.00,0.00,0.00,0.00,0.00
383.40,36.40,24.50,22.50,5.30,0.00,3.00,1.30,0.30,0.00,0.00,0.00,0.00,0.00,0.00,0.00,0.00,0.00,0.00,0.00,0.00,0.00,0.00
351.00,33.80,22.50,21.20,2.60,0.00,3.30,1.30,0.70,0.00,0.00,0.00,0.00,0.00,0.00,0.00,0.00,0.00,0.00,0.00,0.00,0.00,0.00
437.40,43.80,25.00,25.00,0.00,0.00,0.00,0.00,0.00,0.00,0.00,0.00,0.00,0.00,0.00,0.00,0.00,0.00,0.00,0.00,0.00,0.00,0.00
393.80,36.40,24.80,23.50,5.00,0.00,3.30,1.00,0.30,0.00,0.00,0.00,0.00,0.00,0.00,0.00,0.00,0.00,0.00,0.00,0.00,0.00,0.00
435.00,40.20,30.20,25.20,23.90,13.00,3.70,0.30,1.30,0.30,0.00,0.00,0.00,0.00,0.00,0.00,0.00,0.00,0.00,0.00,0.00,0.00,0.00
442.30,43.40,27.20,25.50,5.00,0.00,4.00,1.00,0.30,0.00,0.00,0.00,0.00,0.00,0.00,0.00,0.00,0.00,0.00,0.00,0.00,0.00,0.00
397.40,38.40,29.80,23.20,2.60,0.00,3.00,0.70,0.30,0.00,0.00,0.00,0.00,0.00,0.00,0.00,0.00,0.00,0.00,0.00,0.00,0.00,0.00
436.80,42.40,31.10,26.20,5.30,0.00,4.00,1.00,0.70,0.30,0.00,0.00,0.00,0.00,0.00,0.00,0.00,0.00,0.00,0.00,0.00,0.00,0.00
454.40,42.50,32.20,29.20,2.30,0.00,3.70,0.70,0.30,0.00,0.00,0.00,0.00,0.00,0.00,0.00,0.00,0.00,0.00,0.00,0.00,0.00,0.00
410.10,38.40,27.20,25.50,26.20,5.60,4.30,0.70,0.70,0.00,0.00,0.00,0.00,0.00,0.00,0.00,0.00,0.00,0.00,0.00,0.00,0.00,0.00
452.00,42.40,31.10,25.80,2.60,8.90,4.00,0.70,1.00,0.00,0.00,0.00,0.00,0.00,0.00,0.00,0.00,0.00,0.00,0.00,0.00,0.00,0.00
446.10,43.00,31.10,24.20,5.30,11.90,4.00,0.70,0.70,0.00,0.00,0.00,0.00,0.00,0.00,0.00,0.00,0.00,0.00,0.00,0.00,0.00,0.00
421.10,41.70,27.20,25.20,2.30,0.00,3.00,0.70,0.30,0.00,0.00,0.00,0.00,0.00,0.00,0.00,0.00,0.00,0.00,0.00,0.00,0.00,0.00
452.90,44.20,28.60,25.60,6.30,0.00,4.30,0.70,0.30,0.00,0.00,0.00,0.00,0.00,0.00,0.00,0.00,0.00,0.00,0.00,0.00,0.00,0.00
467.10,44.40,28.10,25.80,12.30,0.00,4.30,0.70,0.30,0.00,0.00,0.00,0.00,0.00,0.00,0.00,0.00,0.00,0.00,0.00,0.00,0.00,0.00
412.90,40.10,25.20,25.80,18.90,13.90,4.00,0.70,1.30,0.00,0.00,0.00,0.00,0.00,0.00,0.00,0.00,0.00,0.00,0.00,0.00,0.00,0.00
447.00,42.40,29.50,27.50,3.00,13.20,4.00,0.70,0.30,0.00,0.00,0.00,0.00,0.00,0.00,0.00,0.00,0.00,0.00,0.00,0.00,0.00,0.00
462.30,43.00,30.50,27.20,5.60,11.90,4.60,0.70,0.70,0.00,0.00,0.00,0.00,0.00,0.00,0.00,0.00,0.00,0.00,0.00,0.00,0.00,0.00
436.20,40.90,27.20,24.90,2.30,0.00,3.30,0.70,0.30,0.00,0.00,0.00,0.00,0.00,0.00,0.00,0.00,0.00,0.00,0.00,0.00,0.00,0.00
475.30,44.40,27.80,27.20,25.20,12.90,4.60,0.30,0.30,0.00,0.00,0.00,0.00,0.30,0.00,0.00,0.00,0.00,0.00,0.00,0.00,0.00,0.00
477.20,44.70,29.10,26.80,6.00,0.00,5.00,0.70,1.30,0.30,0.00,0.00,0.00,0.00,0.00,0.00,0.00,0.00,0.00,0.00,0.00,0.00,0.00
428.90,40.50,26.20,24.60,6.00,0.00,4.30,0.70,0.30,0.00,0.00,0.00,0.00,0.00,0.00,0.00,0.00,0.00,0.00,0.00,0.00,0.00,0.00
451.50,44.00,29.50,26.20,3.30,0.00,4.60,0.70,0.70,0.00,0.00,0.30,0.00,0.00,0.00,0.00,0.00,0.00,0.00,0.00,0.00,0.00,0.00
474.70,46.00,33.10,28.10,5.60,0.00,5.00,0.70,0.30,0.00,0.00,0.00,0.00,0.00,0.00,0.00,0.00,0.00,0.00,0.00,0.00,0.00,0.00
448.20,42.70,31.10,25.80,23.80,13.20,5.00,1.00,0.00,0.00,0.00,0.00,0.00,0.00,0.00,0.00,0.00,0.00,0.00,0.00,0.00,0.00,0.00
475.50,43.50,33.20,26.20,5.00,0.30,4.70,0.30,1.70,0.00,0.00,0.00,0.00,0.00,0.00,0.00,0.00,0.00,0.00,0.00,0.00,0.00,0.00
464.10,43.70,31.80,26.20,5.60,12.60,4.00,0.30,0.70,0.00,0.00,0.00,0.00,0.00,0.00,0.00,0.00,0.00,0.00,0.00,0.00,0.00,0.00
485.10,45.00,31.80,26.80,2.60,0.00,3.30,0.70,0.30,0.00,0.00,0.00,0.00,0.00,0.00,0.00,0.00,0.00,0.00,0.00,0.00,0.00,0.00
492.60,45.70,35.80,26.80,5.00,0.00,3.30,0.30,0.70,0.00,0.30,0.00,0.00,0.00,0.00,0.00,0.00,0.00,0.00,0.00,0.00,0.00,0.00
462.50,42.50,32.90,25.90,25.60,13.30,4.00,0.30,1.70,0.00,0.00,0.00,0.00,0.00,0.00,0.00,0.00,0.00,0.00,0.00,0.00,0.00,0.00
493.00,47.40,32.80,28.10,5.00,1.70,3.60,0.30,0.30,0.00,0.00,0.00,0.00,0.00,0.00,0.00,0.00,0.00,0.00,0.00,0.00,0.00,0.00
494.70,47.40,33.40,27.80,2.60,11.90,4.60,0.70,0.70,0.00,0.00,0.00,0.00,0.00,0.00,0.00,0.00,0.00,0.00,0.00,0.00,0.00,0.00
358.90,35.30,29.40,23.50,0.00,0.00,0.00,0.00,0.00,0.00,0.00,0.00,0.00,0.00,0.00,0.00,0.00,0.00,0.00,0.00,0.00,0.00,0.00
348.30,33.60,24.30,21.30,2.70,0.00,3.70,1.30,0.00,0.00,0.00,0.00,0.00,0.00,0.00,0.00,0.00,0.00,0.00,0.00,0.00,0.00,0.00
359.70,35.20,25.20,21.60,16.90,0.00,3.70,0.70,0.70,0.00,0.00,0.00,0.00,0.00,0.00,0.00,0.00,0.00,0.00,0.00,0.00,0.00,0.00
350.20,34.10,22.80,21.50,8.60,12.90,4.30,1.00,1.00,0.00,0.00,0.00,0.00,0.00,0.00,0.00,0.00,0.00,0.00,0.00,0.00,0.00,0.00
358.50,34.10,22.80,21.90,5.00,0.00,3.30,0.70,0.30,0.00,0.00,0.00,0.00,0.00,0.00,0.00,0.00,0.00,0.00,0.00,0.00,0.00,0.00
353.20,33.80,22.50,21.50,2.30,0.00,3.00,1.30,0.30,0.30,0.00,0.00,0.00,0.00,0.00,0.00,0.00,0.00,0.00,0.00,0.00,0.00,0.00
366.40,34.90,23.90,22.60,2.70,0.00,3.70,0.70,0.70,0.00,0.00,0.00,0.00,0.00,0.00,0.00,0.00,0.00,0.00,0.00,0.00,0.00,0.00
354.00,34.80,22.50,20.90,5.00,0.00,3.00,1.00,0.30,0.00,0.00,0.00,0.00,0.00,0.00,0.00,0.00,0.00,0.00,0.00,0.00,0.00,0.00
374.80,35.80,25.20,23.20,14.20,9.90,3.60,0.70,0.30,0.00,0.00,0.00,0.00,0.00,0.00,0.00,0.00,0.00,0.00,0.00,0.00,0.00,0.00
377.50,36.40,24.50,23.80,11.90,15.20,3.60,0.70,1.30,0.00,0.00,0.00,0.00,0.00,0.00,0.00,0.00,0.00,0.00,0.00,0.00,0.00,0.00
371.00,35.50,26.60,21.90,1.70,0.00,3.30,0.70,0.70,0.00,0.00,0.00,0.00,0.00,0.00,0.00,0.00,0.00,0.00,0.00,0.00,0.00,0.00
378.20,36.10,23.50,22.80,5.30,0.00,3.30,1.00,0.30,0.00,0.00,0.00,0.00,0.00,0.00,0.00,0.00,0.00,0.00,0.00,0.00,0.00,0.00
383.40,37.80,25.60,22.90,2.70,0.00,4.00,0.70,0.30,0.00,0.00,0.00,0.00,0.00,0.00,0.00,0.00,0.00,0.00,0.00,0.00,0.00,0.00
387.70,37.40,26.50,23.80,4.60,0.00,3.60,1.00,0.00,0.00,0.30,0.00,0.00,0.00,0.00,0.00,0.00,0.00,0.00,0.00,0.00,0.00,0.00
362.10,34.60,24.90,23.30,12.00,12.60,3.00,0.30,1.00,0.00,0.00,0.00,0.00,0.00,0.00,0.00,0.00,0.00,0.00,0.00,0.00,0.00,0.00
401.30,37.70,25.20,25.20,13.60,12.90,3.60,1.00,0.70,0.00,0.00,0.00,0.00,0.00,0.00,0.00,0.00,0.00,0.00,0.00,0.00,0.00,0.00
428.10,39.90,28.20,26.20,5.30,12.00,3.70,0.70,0.70,0.00,0.00,0.00,0.00,0.00,0.00,0.00,0.00,0.00,0.00,0.00,0.00,0.00,0.00
385.70,37.40,25.80,25.80,2.30,0.00,3.30,0.30,0.30,0.00,0.00,0.30,0.00,0.00,0.00,0.00,0.00,0.00,0.00,0.00,0.00,0.00,0.00
401.30,37.50,25.20,24.30,5.00,0.00,3.30,1.00,0.70,0.00,0.00,0.00,0.00,0.00,0.00,0.00,0.00,0.00,0.00,0.00,0.00,0.00,0.00
406.40,38.20,27.20,25.60,2.30,0.00,4.00,0.30,0.00,0.00,0.00,0.00,0.00,0.00,0.00,0.00,0.00,0.00,0.00,0.00,0.00,0.00,0.00
377.70,35.80,27.50,25.20,25.50,12.90,3.60,0.70,0.70,0.00,0.00,0.00,0.00,0.00,0.00,0.00,0.00,0.00,0.00,0.00,0.00,0.00,0.00
409.60,38.90,28.90,24.30,2.30,0.30,3.70,1.00,1.00,0.70,0.00,0.00,0.00,0.00,0.00,0.00,0.00,0.00,0.00,0.00,0.00,0.00,0.00
408.40,38.70,28.10,23.80,5.30,0.00,3.30,0.30,1.00,0.00,0.00,0.00,0.00,0.00,0.00,0.00,0.00,0.00,0.00,0.00,0.00,0.00,0.00
391.60,37.50,29.20,22.60,0.00,0.00,3.00,1.00,0.00,0.00,0.00,0.00,0.00,0.00,0.00,0.00,0.00,0.00,0.00,0.00,0.00,0.00,0.00
411.80,38.90,29.60,23.90,5.30,0.00,4.00,0.70,1.00,0.00,0.00,0.00,0.30,0.00,0.00,0.00,0.00,0.00,0.00,0.00,0.00,0.00,0.00
420.50,38.40,26.50,26.20,2.00,0.00,3.30,0.70,0.30,0.00,0.00,0.00,0.00,0.00,0.00,0.00,0.00,0.00,0.00,0.00,0.00,0.00,0.00
399.90,38.50,26.60,22.90,25.60,25.60,3.30,0.70,1.30,0.00,0.00,0.00,0.00,0.00,0.00,0.00,0.00,0.00,0.00,0.00,0.00,0.00,0.00
417.80,40.50,27.20,23.90,2.70,0.00,3.30,0.70,0.70,0.00,0.00,0.00,0.00,0.00,0.00,0.00,0.00,0.00,0.00,0.00,0.00,0.00,0.00
427.60,40.10,27.20,24.50,5.60,0.00,3.30,0.30,0.30,0.00,0.00,0.00,0.00,0.00,0.00,0.00,0.00,0.00,0.00,0.00,0.00,0.00,0.00
427.00,40.20,27.90,24.30,2.30,0.00,3.30,0.70,0.70,0.00,0.00,0.00,0.00,0.00,0.00,0.00,0.00,0.00,0.00,0.00,0.00,0.00,0.00
350.20,31.20,25.00,31.20,0.00,0.00,0.00,0.00,0.00,0.00,0.00,0.00,0.00,0.00,0.00,0.00,0.00,0.00,0.00,0.00,0.00,0.00,0.00
361.30,34.80,22.80,21.90,4.60,0.00,3.30,1.00,0.70,0.30,0.00,0.00,0.00,0.00,0.00,0.00,0.00,0.00,0.00,0.00,0.00,0.00,0.00
363.90,35.40,23.80,22.20,2.60,0.00,3.30,1.00,0.30,0.00,0.00,0.00,0.00,0.00,0.00,0.00,0.00,0.00,0.00,0.00,0.00,0.00,0.00
336.60,32.60,21.90,21.60,2.70,0.00,2.70,1.00,0.30,0.00,0.00,0.00,0.00,0.00,0.00,0.00,0.00,0.00,0.00,0.00,0.00,0.00,0.00
369.60,35.40,23.80,22.80,2.30,0.00,3.00,1.00,0.70,0.00,0.00,0.00,0.00,0.00,0.00,0.00,0.00,0.00,0.00,0.00,0.00,0.00,0.00
374.40,36.50,23.90,22.60,2.70,0.00,3.00,1.00,0.00,0.00,0.00,0.00,0.00,0.00,0.00,0.00,0.00,0.00,0.00,0.00,0.00,0.00,0.00
363.20,34.60,21.90,21.60,27.60,12.60,3.00,1.00,1.70,0.00,0.00,0.00,0.00,0.00,0.00,0.00,0.00,0.00,0.00,0.00,0.00,0.00,0.00
360.90,34.80,23.80,21.90,2.30,11.90,3.00,0.70,0.30,0.00,0.00,0.00,0.00,0.00,0.00,0.00,0.00,0.00,0.00,0.00,0.00,0.00,0.00
379.40,37.20,23.90,21.90,5.00,0.00,3.00,0.70,0.30,0.00,0.00,0.00,0.00,0.00,0.00,0.00,0.00,0.00,0.00,0.00,0.00,0.00,0.00
378.20,36.20,24.60,21.60,2.30,0.00,3.00,1.00,0.70,0.00,0.00,0.00,0.00,0.00,0.00,0.00,0.00,0.00,0.00,0.00,0.00,0.00,0.00
346.30,33.60,23.30,20.60,2.30,0.00,3.00,1.00,0.30,0.00,0.00,0.00,0.00,0.00,0.00,0.00,0.00,0.00,0.00,0.00,0.00,0.00,0.00
380.50,36.80,24.20,23.20,5.00,0.00,3.00,1.00,0.30,0.00,0.00,0.00,0.00,0.00,0.00,0.00,0.00,0.00,0.00,0.00,0.00,0.00,0.00
391.40,36.90,24.60,23.60,25.20,16.90,3.30,0.30,0.30,0.00,0.00,0.00,0.00,0.00,0.00,0.00,0.00,0.00,0.00,0.00,0.00,0.00,0.00
357.70,34.90,23.60,21.60,2.70,21.60,3.30,1.00,1.70,0.00,0.00,0.00,0.00,0.00,0.00,0.00,0.00,0.00,0.00,0.00,0.00,0.00,0.00
372.70,36.20,24.60,22.60,2.30,0.00,3.30,1.00,0.70,0.00,0.00,0.30,0.00,0.00,0.00,0.00,0.00,0.00,0.00,0.00,0.00,0.00,0.00
375.10,36.50,23.90,22.30,5.30,0.00,3.00,0.30,0.30,0.30,0.00,0.00,0.00,0.00,0.00,0.00,0.00,0.00,0.00,0.00,0.00,0.00,0.00
373.50,36.10,24.80,21.50,2.60,0.00,3.30,1.00,0.30,0.00,0.00,0.00,0.00,0.00,0.00,0.00,0.00,0.00,0.00,0.00,0.00,0.00,0.00
353.40,34.20,21.60,21.60,22.60,13.60,2.70,0.70,1.00,0.00,0.00,0.00,0.00,0.00,0.00,0.00,0.00,0.00,0.00,0.00,0.00,0.00,0.00
385.00,37.20,24.90,22.60,2.70,0.00,3.70,0.70,0.30,0.00,0.00,0.00,0.00,0.00,0.00,0.00,0.00,0.00,0.00,0.00,0.00,0.00,0.00
386.90,37.20,24.30,22.60,5.00,0.00,3.00,1.00,0.30,0.00,0.00,0.00,0.00,0.00,0.00,0.00,0.00,0.00,0.00,0.00,0.00,0.00,0.00
357.60,34.90,23.90,21.60,0.00,0.00,3.30,0.70,0.70,0.30,0.00,0.00,0.00,0.00,0.00,0.00,0.00,0.00,0.00,0.00,0.00,0.00,0.00
371.10,36.20,23.30,24.30,5.00,0.00,3.00,0.70,0.30,0.00,0.00,0.00,0.00,0.00,0.00,0.00,0.00,0.00,0.00,0.00,0.00,0.00,0.00
382.30,37.50,24.30,22.90,2.30,0.00,3.00,1.00,0.30,0.00,0.00,0.00,0.00,0.00,0.00,0.00,0.00,0.00,0.00,0.00,0.00,0.00,0.00
364.90,35.10,23.20,21.90,25.50,13.60,3.30,0.70,1.70,0.00,0.30,0.00,0.00,0.00,0.00,0.00,0.00,0.00,0.00,0.00,0.00,0.00,0.00
366.40,35.20,23.90,21.60,2.30,0.00,3.00,0.70,0.30,0.00,0.00,0.00,0.00,0.00,0.00,0.00,0.00,0.00,0.00,0.00,0.00,0.00,0.00
377.40,37.20,24.90,26.20,2.30,11.60,3.70,0.70,0.30,0.00,0.00,0.00,0.00,0.00,0.00,0.00,0.00,0.00,0.00,0.00,0.00,0.00,0.00
386.40,37.50,25.90,22.90,5.00,0.00,3.30,0.70,1.00,0.00,0.00,0.00,0.00,0.00,0.00,0.00,0.00,0.00,0.00,0.00,0.00,0.00,0.00
352.90,34.60,24.60,20.90,0.00,0.00,3.00,0.70,0.00,0.00,0.00,0.00,0.00,0.00,0.00,0.00,0.00,0.00,0.00,0.00,0.00,0.00,0.00
391.40,38.20,25.90,25.20,8.00,0.00,3.30,0.70,0.70,0.00,0.00,0.00,0.00,0.00,0.00,0.00,0.00,0.00,0.00,0.00,0.00,0.00,0.00
402.10,40.20,24.90,25.60,22.60,13.00,4.30,0.70,1.30,0.00,0.00,0.00,0.00,0.00,0.00,0.00,0.00,0.00,0.00,0.00,0.00,0.00,0.00
323.50,35.30,17.60,17.60,0.00,0.00,5.90,0.00,0.00,0.00,0.00,0.00,0.00,0.00,0.00,0.00,0.00,0.00,0.00,0.00,0.00,0.00,0.00
362.00,34.60,22.90,22.30,2.30,0.00,3.30,1.00,0.30,0.00,0.00,0.00,0.00,0.00,0.00,0.00,0.00,0.00,0.00,0.00,0.00,0.00,0.00
345.20,32.80,23.80,22.20,16.90,0.00,3.30,0.70,0.30,0.00,0.00,0.00,0.00,0.00,0.00,0.00,0.00,0.00,0.00,0.00,0.00,0.00,0.00
332.30,32.20,21.90,20.30,12.30,15.00,3.00,0.70,1.00,0.00,0.00,0.00,0.00,0.00,0.00,0.00,0.00,0.00,0.00,0.00,0.00,0.00,0.00
351.30,34.60,24.30,20.90,0.00,0.00,3.00,1.00,0.30,0.00,0.00,0.00,0.00,0.00,0.00,0.00,0.00,0.00,0.00,0.00,0.00,0.00,0.00
344.50,33.90,21.30,20.90,5.00,0.00,3.30,0.70,1.00,0.00,0.00,0.30,0.00,0.00,0.00,0.00,0.00,0.00,0.00,0.00,0.00,0.00,0.00
327.80,32.10,22.20,21.90,2.60,0.00,3.30,1.00,0.00,0.00,0.00,0.00,0.00,0.00,0.00,0.00,0.00,0.00,0.00,0.00,0.00,0.00,0.00
343.40,32.60,23.60,21.30,14.60,0.00,3.00,0.70,0.30,0.00,0.30,0.00,0.00,0.00,0.00,0.00,0.00,0.00,0.00,0.00,0.00,0.00,0.00
356.50,34.20,22.60,22.30,11.60,13.00,3.70,0.70,1.30,0.00,0.00,0.00,0.00,0.00,0.00,0.00,0.00,0.00,0.00,0.00,0.00,0.00,0.00
349.90,33.90,23.60,21.30,1.70,0.00,3.00,0.70,0.30,0.00,0.00,0.00,0.00,0.00,0.00,0.00,0.00,0.00,0.00,0.00,0.00,0.00,0.00
347.80,33.20,22.90,20.90,2.70,0.00,3.30,0.70,0.70,0.00,0.00,0.00,0.00,0.00,0.00,0.00,0.00,0.00,0.00,0.00,0.00,0.00,0.00
367.30,35.20,24.90,22.30,5.60,11.60,3.00,0.70,0.30,0.00,0.00,0.00,0.00,0.00,0.00,0.00,0.00,0.00,0.00,0.00,0.00,0.00,0.00
367.00,35.80,23.30,22.60,2.30,12.30,3.30,0.30,0.70,0.00,0.00,0.00,0.00,0.00,0.00,0.00,0.00,0.00,0.00,0.00,0.00,0.00,0.00
331.40,33.90,20.90,20.30,3.00,0.00,3.00,0.70,0.00,0.00,0.00,0.00,0.00,0.00,0.00,0.00,0.00,0.00,0.00,0.00,0.00,0.00,0.00
334.30,33.20,21.60,20.60,25.20,24.30,3.30,0.30,1.70,0.00,0.00,0.00,0.00,0.00,0.00,0.00,0.00,0.00,0.00,0.00,0.00,0.00,0.00
356.70,34.60,23.30,21.60,3.00,0.00,3.30,1.00,0.30,0.00,0.00,0.00,0.00,0.00,0.30,0.00,0.00,0.00,0.00,0.00,0.00,0.00,0.00
355.80,33.90,23.90,22.90,5.30,0.00,3.00,0.30,0.30,0.00,0.00,0.00,0.00,0.00,0.00,0.00,0.00,0.00,0.00,0.00,0.00,0.00,0.00
331.00,32.20,21.90,20.90,2.30,0.00,3.30,1.00,0.70,0.00,0.00,0.00,0.00,0.00,0.00,0.00,0.00,0.00,0.00,0.00,0.00,0.00,0.00
337.50,32.90,22.30,22.30,17.30,13.30,3.30,0.70,0.70,0.00,0.00,0.00,0.00,0.00,0.00,0.00,0.00,0.00,0.00,0.00,0.00,0.00,0.00
343.10,33.30,21.70,21.00,5.00,0.00,3.00,0.30,0.70,0.00,0.00,0.00,0.00,0.00,0.00,0.00,0.00,0.00,0.00,0.00,0.00,0.00,0.00
343.30,33.60,22.60,20.60,0.00,0.00,3.00,1.00,0.30,0.00,0.00,0.00,0.00,0.00,0.00,0.00,0.00,0.00,0.00,0.00,0.00,0.00,0.00
331.50,31.90,22.60,20.60,4.70,0.00,3.00,0.70,0.70,0.00,0.00,0.00,0.00,0.00,0.00,0.00,0.00,0.00,0.00,0.00,0.00,0.00,0.00
341.70,33.60,22.60,21.60,3.00,0.00,3.00,1.00,0.30,0.00,0.00,0.00,0.00,0.00,0.00,0.00,0.00,0.00,0.00,0.00,0.00,0.00,0.00
362.40,34.60,24.90,22.60,2.70,0.00,3.30,0.30,0.70,0.00,0.00,0.00,0.00,0.00,0.00,0.00,0.00,0.00,0.00,0.00,0.00,0.00,0.00
343.20,32.90,22.30,21.60,27.60,4.70,3.30,0.70,0.30,0.00,0.00,0.00,0.00,0.00,0.00,0.00,0.00,0.00,0.00,0.00,0.00,0.00,0.00
351.80,33.90,23.90,20.90,0.00,8.00,3.00,1.00,0.70,0.00,0.00,0.00,0.00,0.00,0.00,0.00,0.00,0.00,0.00,0.00,0.00,0.00,0.00
355.40,33.60,24.30,20.90,8.30,0.00,2.70,0.70,1.00,0.00,0.00,0.00,0.00,0.00,0.00,0.00,0.00,0.00,0.00,0.00,0.00,0.00,0.00
354.90,33.90,23.30,21.30,0.00,0.00,3.30,0.70,0.30,0.00,0.00,0.00,0.00,0.00,0.00,0.00,0.00,0.00,0.00,0.00,0.00,0.00,0.00
333.50,32.20,24.30,20.60,2.30,0.00,3.00,1.00,0.70,0.00,0.00,0.00,0.00,0.00,0.00,0.00,0.00,0.00,0.00,0.00,0.00,0.00,0.00
331.50,32.60,21.30,20.60,23.90,2.70,2.70,0.70,0.30,0.00,0.00,0.00,0.00,0.00,0.00,0.00,0.00,0.00,0.00,0.00,0.00,0.00,0.00
