#msgr-worker,io_context_pool,fio,log,ceph_timer,ms_dispatch,safe_timer,taskfin_librbd
0.00,0.00,0.00,0.00,0.00,0.00,0.00,0.00
14.00,9.00,3.70,0.00,0.00,0.00,0.00,0.00
13.70,9.00,4.30,0.00,0.00,0.00,0.00,0.00
14.00,9.30,4.00,0.00,0.00,0.00,0.00,0.00
13.70,8.30,4.00,0.00,0.00,0.00,0.00,0.00
14.00,9.00,4.00,0.00,0.00,0.00,0.00,0.00
13.70,9.00,4.30,0.00,0.00,0.00,0.00,0.00
13.60,9.00,4.00,0.00,0.00,0.00,0.00,0.00
14.00,9.40,4.30,0.00,0.00,0.00,0.00,0.00
13.30,8.60,4.00,0.00,0.00,0.00,0.00,0.00
14.30,9.30,4.00,0.00,0.00,0.00,0.00,0.00
13.60,9.00,4.00,0.00,0.00,0.00,0.00,0.00
13.30,9.00,4.40,0.00,0.00,0.00,0.00,0.00
14.00,9.70,4.00,0.00,0.00,0.00,0.00,0.00
13.70,10.30,4.00,0.00,0.00,0.00,0.00,0.00
13.60,10.90,4.00,0.00,0.00,0.00,0.00,0.00
13.30,10.00,4.00,0.00,0.00,0.00,0.00,0.00
13.30,10.70,4.30,0.00,0.00,0.00,0.00,0.00
13.70,11.00,4.00,0.00,0.00,0.00,0.00,0.00
13.60,10.60,3.70,0.00,0.00,0.00,0.00,0.00
13.70,11.00,4.40,0.00,0.00,0.00,0.00,0.00
13.30,10.60,3.70,0.00,0.00,0.00,0.00,0.00
13.70,10.60,4.00,0.00,0.00,0.00,0.00,0.00
13.30,10.60,4.30,0.00,0.00,0.00,0.00,0.00
13.70,9.70,3.30,0.00,0.00,0.00,0.00,0.00
13.60,11.30,4.30,0.00,0.00,0.00,0.00,0.00
13.30,9.60,4.40,0.00,0.00,0.00,0.00,0.00
14.00,9.70,4.00,0.00,0.00,0.00,0.00,0.00
13.70,9.00,4.30,0.00,0.00,0.00,0.00,0.00
13.60,9.00,3.70,0.00,0.00,0.00,0.00,0.00
13.30,6.70,0.00,0.00,0.00,0.00,0.00,0.00
22.00,16.30,6.70,0.00,0.00,0.00,0.00,0.00
21.90,15.90,7.30,0.00,0.00,0.00,0.00,0.00
21.70,16.30,7.30,0.00,0.00,0.00,0.00,0.00
21.90,15.60,6.60,0.00,0.00,0.00,0.00,0.00
22.30,16.60,7.00,0.00,0.00,0.00,0.00,0.00
21.60,16.00,7.30,0.00,0.00,0.00,0.00,0.00
21.70,16.00,7.00,0.00,0.00,0.00,0.00,0.00
21.90,15.60,7.30,0.00,0.00,0.00,0.00,0.00
21.30,16.00,6.60,0.00,0.00,0.00,0.00,0.00
22.60,16.60,7.30,0.00,0.00,0.00,0.00,0.00
21.00,15.70,7.00,0.00,0.00,0.00,0.00,0.00
21.90,15.60,6.90,0.00,0.00,0.00,0.00,0.00
21.70,16.00,7.30,0.00,0.00,0.00,0.00,0.00
21.60,15.90,6.60,0.00,0.00,0.00,0.00,0.00
22.30,16.30,7.70,0.00,0.00,0.00,0.00,0.00
21.30,16.00,7.00,0.00,0.00,0.00,0.00,0.00
22.00,16.00,7.60,0.00,0.00,0.00,0.00,0.00
21.90,16.00,6.90,0.00,0.00,0.00,0.00,0.00
21.30,15.70,6.70,0.00,0.00,0.00,0.00,0.00
22.30,16.00,7.30,0.00,0.00,0.00,0.00,0.00
21.60,16.30,7.30,0.00,0.00,0.00,0.00,0.00
22.30,16.30,7.30,0.00,0.00,0.00,0.00,0.00
21.60,16.00,6.60,0.00,0.00,0.00,0.00,0.00
22.00,16.00,7.00,0.00,0.00,0.00,0.00,0.00
21.90,16.30,7.00,0.00,0.00,0.00,0.00,0.00
21.70,15.40,6.60,0.00,0.00,0.00,0.00,0.00
21.90,16.00,7.30,0.00,0.00,0.00,0.00,0.00
21.70,16.30,7.00,0.00,0.00,0.00,0.00,0.00
21.30,15.60,6.90,0.00,0.00,0.00,0.00,0.00
20.00,13.40,6.70,0.00,0.00,0.00,0.00,0.00
28.60,28.90,8.60,0.00,0.00,0.00,0.00,0.00
27.30,27.70,9.00,0.00,0.00,0.00,0.00,0.00
28.90,23.30,9.30,0.00,0.00,0.00,0.00,0.00
28.30,22.40,9.30,0.00,0.00,0.00,0.00,0.00
32.20,26.60,9.30,0.00,0.00,0.00,0.00,0.00
31.70,26.30,8.30,0.00,0.00,0.00,0.00,0.00
29.60,23.60,8.90,0.00,0.00,0.00,0.00,0.00
28.70,22.60,9.00,0.00,0.00,0.00,0.00,0.00
30.90,25.60,8.90,0.00,0.00,0.00,0.00,0.00
32.00,26.30,9.00,0.00,0.00,0.00,0.00,0.00
31.20,26.00,8.90,0.00,0.00,0.00,0.00,0.00
32.00,26.00,8.70,0.00,0.00,0.00,0.00,0.00
31.20,26.30,8.60,0.00,0.00,0.00,0.00,0.00
28.30,22.00,9.30,0.00,0.00,0.00,0.00,0.00
28.20,27.20,8.90,0.00,0.00,0.00,0.00,0.00
27.70,27.70,8.70,0.00,0.00,0.00,0.00,0.00
27.60,27.60,9.30,0.00,0.00,0.00,0.00,0.00
28.30,28.30,8.30,0.00,0.00,0.00,0.00,0.00
28.20,28.60,9.30,0.00,0.00,0.00,0.00,0.00
28.30,27.00,9.30,0.00,0.00,0.00,0.00,0.00
28.20,22.90,8.90,0.00,0.00,0.00,0.00,0.00
28.30,28.30,9.00,0.00,0.00,0.00,0.00,0.00
27.90,22.00,9.90,0.00,0.00,0.00,0.00,0.00
27.70,22.30,9.30,0.00,0.00,0.00,0.00,0.00
28.60,27.30,9.00,0.00,0.00,0.00,0.00,0.00
27.70,28.00,9.00,0.00,0.00,0.00,0.00,0.00
28.20,28.60,9.00,0.00,0.00,0.00,0.00,0.00
27.70,28.00,9.00,0.00,0.00,0.00,0.00,0.00
28.20,24.30,8.60,0.00,0.00,0.00,0.00,0.00
13.30,20.00,13.30,0.00,0.00,0.00,0.00,0.00
34.00,27.40,11.30,0.00,0.00,0.00,0.00,0.00
33.60,27.60,11.60,0.00,0.00,0.00,0.00,0.00
34.30,27.70,11.30,0.00,0.00,0.00,0.00,0.00
33.90,28.30,11.60,0.00,0.00,0.00,0.00,0.00
34.70,28.60,12.00,0.00,0.00,0.00,0.00,0.00
33.60,26.60,11.60,0.00,0.00,0.00,0.00,0.00
33.30,27.70,11.70,0.00,0.00,0.00,0.00,0.00
33.90,27.60,11.30,0.00,0.00,0.00,0.00,0.00
34.00,28.00,11.60,0.00,0.00,0.00,0.00,0.00
34.60,28.30,11.30,0.00,0.00,0.00,0.00,0.00
34.00,27.30,12.30,0.00,0.00,0.00,0.00,0.00
33.20,27.60,11.30,0.00,0.00,0.00,0.00,0.00
34.00,27.40,11.30,0.00,0.00,0.00,0.00,0.00
33.20,27.20,11.30,0.00,0.00,0.00,0.00,0.00
34.30,28.00,11.60,0.00,0.00,0.00,0.00,0.00
34.20,27.90,12.30,0.00,0.00,0.00,0.00,0.00
33.30,28.00,12.00,0.00,0.00,0.00,0.00,0.00
34.60,28.00,11.90,0.00,0.00,0.00,0.00,0.00
33.30,27.70,11.30,0.00,0.00,0.00,0.00,0.00
34.00,27.70,11.30,0.00,0.00,0.00,0.00,0.00
34.20,28.00,11.90,0.00,0.00,0.00,0.00,0.00
35.00,28.30,11.30,0.00,0.00,0.00,0.00,0.00
33.90,27.60,11.60,0.00,0.00,0.00,0.00,0.00
34.00,27.70,12.30,0.00,0.00,0.00,0.00,0.00
33.20,28.30,11.30,0.00,0.00,0.00,0.00,0.00
33.30,26.30,11.00,0.00,0.00,0.00,0.00,0.00
34.60,28.90,11.90,0.00,0.00,0.00,0.00,0.00
33.20,26.30,11.00,0.00,0.00,0.00,0.00,0.00
34.30,28.00,11.30,0.00,0.00,0.00,0.00,0.00
20.00,26.60,6.70,0.00,0.00,0.00,0.00,0.00
31.60,32.90,11.30,0.00,0.00,0.00,0.00,0.00
31.30,32.60,10.30,0.00,0.00,0.00,0.00,0.00
33.90,35.20,11.70,0.00,0.00,0.00,0.00,0.00
32.70,34.30,11.30,0.00,0.00,0.00,0.00,0.00
32.60,34.60,11.00,0.00,0.00,0.00,0.00,0.00
33.30,34.70,12.30,0.00,0.00,0.00,0.00,0.00
32.20,33.80,10.90,0.00,0.00,0.00,0.00,0.00
32.00,32.60,11.00,0.00,0.00,0.00,0.00,0.00
31.60,28.00,10.90,0.00,0.00,0.00,0.00,0.00
33.30,33.70,11.90,0.00,0.00,0.00,0.00,0.00
31.90,30.50,10.90,0.00,0.00,0.00,0.00,0.00
32.00,33.40,11.00,0.00,0.00,0.00,0.00,0.00
32.20,33.20,10.90,0.00,0.00,0.00,0.00,0.00
30.70,32.00,10.60,0.00,0.00,0.00,0.00,0.00
32.60,33.20,12.30,0.00,0.00,0.00,0.00,0.00
32.30,35.00,11.30,0.00,0.00,0.00,0.00,0.00
30.90,31.20,10.30,0.00,0.00,0.00,0.00,0.00
31.70,32.70,10.60,0.00,0.00,0.00,0.00,0.00
32.60,34.60,11.60,0.00,0.00,0.00,0.00,0.00
32.60,33.80,11.60,0.00,0.00,0.00,0.00,0.00
32.30,33.70,11.30,0.00,0.00,0.00,0.00,0.00
33.30,35.30,11.30,0.00,0.00,0.00,0.00,0.00
32.20,34.20,11.30,0.00,0.00,0.00,0.00,0.00
32.60,33.50,11.30,0.00,0.00,0.00,0.00,0.00
32.30,34.00,11.00,0.00,0.00,0.00,0.00,0.00
32.20,32.90,11.30,0.00,0.00,0.00,0.00,0.00
32.70,34.60,11.30,0.00,0.00,0.00,0.00,0.00
31.90,32.60,10.30,0.00,0.00,0.00,0.00,0.00
32.30,34.00,11.30,0.00,0.00,0.00,0.00,0.00
20.00,13.40,6.70,0.00,0.00,0.00,0.00,0.00
31.60,27.20,11.30,0.00,0.00,0.00,0.00,0.00
29.30,25.40,10.60,0.00,0.00,0.00,0.00,0.00
30.20,25.60,11.00,0.00,0.00,0.00,0.00,0.00
31.30,27.00,10.30,0.00,0.00,0.00,0.00,0.00
32.90,28.60,11.90,0.00,0.00,0.00,0.00,0.00
0.00,0.00,0.00,0.00,0.00,0.00,0.00,0.00
0.00,0.00,0.00,0.00,0.00,0.00,0.00,0.00
0.00,0.00,0.00,0.00,0.00,0.00,0.00,0.00
0.00,0.00,0.00,0.00,0.00,0.00,0.00,0.00
0.00,0.00,0.00,0.00,0.00,0.00,0.00,0.00
0.00,0.00,0.00,0.00,0.00,0.00,0.00,0.00
0.00,0.00,0.00,0.00,0.00,0.00,0.00,0.00
0.00,0.00,0.00,0.00,0.00,0.00,0.00,0.00
0.00,0.00,0.00,0.00,0.00,0.00,0.00,0.00
0.00,0.00,0.00,0.00,0.00,0.00,0.00,0.00
0.00,0.00,0.00,0.00,0.00,0.00,0.00,0.00
0.00,0.00,0.00,0.00,0.00,0.00,0.00,0.00
0.00,0.00,0.00,0.00,0.00,0.00,0.00,0.00
0.00,0.00,0.00,0.00,0.00,0.00,0.00,0.00
0.00,0.00,0.00,0.00,0.00,0.00,0.00,0.00
0.00,0.00,0.00,0.00,0.00,0.00,0.00,0.00
0.00,0.00,0.00,0.00,0.00,0.00,0.00,0.00
0.00,0.00,0.00,0.00,0.00,0.00,0.00,0.00
0.00,0.00,0.00,0.00,0.00,0.00,0.00,0.00
0.00,0.00,0.00,0.00,0.00,0.00,0.00,0.00
0.00,0.00,0.00,0.00,0.00,0.00,0.00,0.00
0.00,0.00,0.00,0.00,0.00,0.00,0.00,0.00
0.00,0.00,0.00,0.00,0.00,0.00,0.00,0.00
0.00,0.00,0.00,0.00,0.00,0.00,0.00,0.00
18.80,25.00,0.00,0.00,0.00,0.00,0.00,0.00
30.00,26.60,10.30,0.00,0.00,0.00,0.00,0.00
31.20,29.20,12.00,0.00,0.00,0.00,0.00,0.00
30.30,26.60,10.70,0.00,0.00,0.00,0.00,0.00
29.20,26.00,10.30,0.00,0.00,0.00,0.00,0.00
29.00,24.60,9.70,0.00,0.00,0.00,0.00,0.00
0.00,0.00,0.00,0.00,0.00,0.00,0.00,0.00
0.00,0.00,0.00,0.00,0.00,0.00,0.00,0.00
0.00,0.00,0.00,0.00,0.00,0.00,0.00,0.00
0.00,0.00,0.00,0.00,0.00,0.00,0.00,0.00
0.00,0.00,0.00,0.00,0.00,0.00,0.00,0.00
0.00,0.00,0.00,0.00,0.00,0.00,0.00,0.00
0.00,0.00,0.00,0.00,0.00,0.00,0.00,0.00
0.00,0.00,0.00,0.00,0.00,0.00,0.00,0.00
0.00,0.00,0.00,0.00,0.00,0.00,0.00,0.00
0.00,0.00,0.00,0.00,0.00,0.00,0.00,0.00
0.00,0.00,0.00,0.00,0.00,0.00,0.00,0.00
0.00,0.00,0.00,0.00,0.00,0.00,0.00,0.00
0.00,0.00,0.00,0.00,0.00,0.00,0.00,0.00
0.00,0.00,0.00,0.00,0.00,0.00,0.00,0.00
0.00,0.00,0.00,0.00,0.00,0.00,0.00,0.00
0.00,0.00,0.00,0.00,0.00,0.00,0.00,0.00
0.00,0.00,0.00,0.00,0.00,0.00,0.00,0.00
0.00,0.00,0.00,0.00,0.00,0.00,0.00,0.00
0.00,0.00,0.00,0.00,0.00,0.00,0.00,0.00
0.00,0.00,0.00,0.00,0.00,0.00,0.00,0.00
0.00,0.00,0.00,0.00,0.00,0.00,0.00,0.00
0.00,0.00,0.00,0.00,0.00,0.00,0.00,0.00
0.00,0.00,0.00,0.00,0.00,0.00,0.00,0.00
0.00,0.00,0.00,0.00,0.00,0.00,0.00,0.00
13.30,20.00,6.70,0.00,0.00,0.00,0.00,0.00
30.90,25.20,10.30,0.00,0.00,0.00,0.00,0.00
31.00,27.40,11.00,0.00,0.00,0.00,0.00,0.00
29.20,24.30,10.30,0.00,0.00,0.00,0.00,0.00
32.90,29.20,11.60,0.00,0.00,0.00,0.00,0.00
31.30,26.30,11.00,0.00,0.00,0.00,0.00,0.00
31.60,27.60,10.60,0.00,0.00,0.00,0.00,0.00
31.00,27.40,11.00,0.00,0.00,0.00,0.00,0.00
30.60,26.00,10.90,0.00,0.00,0.00,0.00,0.00
32.00,27.70,11.60,0.00,0.00,0.00,0.00,0.00
24.30,19.60,19.90,0.00,0.00,0.00,0.00,0.00
0.00,0.00,0.00,0.00,0.00,0.00,0.00,0.00
0.00,0.00,0.00,0.00,0.00,0.00,0.00,0.00
0.00,0.00,0.00,0.00,0.00,0.00,0.00,0.00
0.00,0.00,0.00,0.00,0.00,0.00,0.00,0.00
0.00,0.00,0.00,0.00,0.00,0.00,0.00,0.00
0.00,0.00,0.00,0.00,0.00,0.00,0.00,0.00
0.00,0.00,0.00,0.00,0.00,0.00,0.00,0.00
0.00,0.00,0.00,0.00,0.00,0.00,0.00,0.00
0.00,0.00,0.00,0.00,0.00,0.00,0.00,0.00
0.00,0.00,0.00,0.00,0.00,0.00,0.00,0.00
0.00,0.00,0.00,0.00,0.00,0.00,0.00,0.00
0.00,0.00,0.00,0.00,0.00,0.00,0.00,0.00
0.00,0.00,0.00,0.00,0.00,0.00,0.00,0.00
0.00,0.00,0.00,0.00,0.00,0.00,0.00,0.00
0.00,0.00,0.00,0.00,0.00,0.00,0.00,0.00
0.00,0.00,0.00,0.00,0.00,0.00,0.00,0.00
0.00,0.00,0.00,0.00,0.00,0.00,0.00,0.00
0.00,0.00,0.00,0.00,0.00,0.00,0.00,0.00
0.00,0.00,0.00,0.00,0.00,0.00,0.00,0.00
13.30,13.40,6.70,0.00,0.00,0.00,0.00,0.00
28.90,30.30,10.90,0.00,0.00,0.00,0.00,0.00
27.30,27.70,9.00,0.00,0.00,0.00,0.00,0.00
29.90,31.50,10.90,0.00,0.00,0.00,0.00,0.00
26.70,26.60,9.00,0.00,0.00,0.00,0.00,0.00
0.00,0.00,0.00,0.00,0.00,0.00,0.00,0.00
0.00,0.00,0.00,0.00,0.00,0.00,0.00,0.00
0.00,0.00,0.00,0.00,0.00,0.00,0.00,0.00
0.00,0.00,0.00,0.00,0.00,0.00,0.00,0.00
0.00,0.00,0.00,0.00,0.00,0.00,0.00,0.00
0.00,0.00,0.00,0.00,0.00,0.00,0.00,0.00
0.00,0.00,0.00,0.00,0.00,0.00,0.00,0.00
0.00,0.00,0.00,0.00,0.00,0.00,0.00,0.00
0.00,0.00,0.00,0.00,0.00,0.00,0.00,0.00
0.00,0.00,0.00,0.00,0.00,0.00,0.00,0.00
0.00,0.00,0.00,0.00,0.00,0.00,0.00,0.00
0.00,0.00,0.00,0.00,0.00,0.00,0.00,0.00
0.00,0.00,0.00,0.00,0.00,0.00,0.00,0.00
0.00,0.00,0.00,0.00,0.00,0.00,0.00,0.00
0.00,0.00,0.00,0.00,0.00,0.00,0.00,0.00
0.00,0.00,0.00,0.00,0.00,0.00,0.00,0.00
0.00,0.00,0.00,0.00,0.00,0.00,0.00,0.00
0.00,0.00,0.00,0.00,0.00,0.00,0.00,0.00
0.00,0.00,0.00,0.00,0.00,0.00,0.00,0.00
0.00,0.00,0.00,0.00,0.00,0.00,0.00,0.00
0.00,0.00,0.00,0.00,0.00,0.00,0.00,0.00
0.00,0.00,0.00,0.00,0.00,0.00,0.00,0.00
0.00,0.00,0.00,0.00,0.00,0.00,0.00,0.00
0.00,0.00,0.00,0.00,0.00,0.00,0.00,0.00
0.00,0.00,0.00,0.00,0.00,0.00,0.00,0.00
20.00,20.00,6.70,0.00,0.00,0.00,0.00,0.00
29.20,25.20,10.30,0.00,0.00,0.00,0.00,0.00
29.30,25.00,10.30,0.00,0.00,0.00,0.00,0.00
32.60,28.60,11.30,0.00,0.00,0.00,0.00,0.00
29.30,25.00,10.30,0.00,0.00,0.00,0.00,0.00
29.90,26.00,10.30,0.00,0.00,0.00,0.00,0.00
26.00,21.40,8.30,0.00,0.00,0.00,0.00,0.00
0.00,0.00,0.00,0.00,0.00,0.00,0.00,0.00
0.00,0.00,0.00,0.00,0.00,0.00,0.00,0.00
0.00,0.00,0.00,0.00,0.00,0.00,0.00,0.00
0.00,0.00,0.00,0.00,0.00,0.00,0.00,0.00
0.00,0.00,0.00,0.00,0.00,0.00,0.00,0.00
0.00,0.00,0.00,0.00,0.00,0.00,0.00,0.00
0.00,0.00,0.00,0.00,0.00,0.00,0.00,0.00
0.00,0.00,0.00,0.00,0.00,0.00,0.00,0.00
0.00,0.00,0.00,0.00,0.00,0.00,0.00,0.00
0.00,0.00,0.00,0.00,0.00,0.00,0.00,0.00
0.00,0.00,0.00,0.00,0.00,0.00,0.00,0.00
0.00,0.00,0.00,0.00,0.00,0.00,0.00,0.00
0.00,0.00,0.00,0.00,0.00,0.00,0.00,0.00
0.00,0.00,0.00,0.00,0.00,0.00,0.00,0.00
0.00,0.00,0.00,0.00,0.00,0.00,0.00,0.00
0.00,0.00,0.00,0.00,0.00,0.00,0.00,0.00
0.00,0.00,0.00,0.00,0.00,0.00,0.00,0.00
0.00,0.00,0.00,0.00,0.00,0.00,0.00,0.00
0.00,0.00,0.00,0.00,0.00,0.00,0.00,0.00
0.00,0.00,0.00,0.00,0.00,0.00,0.00,0.00
0.00,0.00,0.00,0.00,0.00,0.00,0.00,0.00
0.00,0.00,0.00,0.00,0.00,0.00,0.00,0.00
0.00,0.00,0.00,0.00,0.00,0.00,0.00,0.00
13.30,20.00,0.00,0.00,0.00,0.00,0.00,0.00
27.90,23.20,9.60,0.00,0.00,0.00,0.00,0.00
28.00,23.40,10.00,0.00,0.00,0.00,0.00,0.00
27.90,24.60,9.60,0.00,0.00,0.00,0.00,0.00
29.00,25.00,10.30,0.00,0.00,0.00,0.00,0.00
0.00,0.00,0.00,0.00,0.00,0.00,0.00,0.00
0.00,0.00,0.00,0.00,0.00,0.00,0.00,0.00
0.00,0.00,0.00,0.00,0.00,0.00,0.00,0.00
0.00,0.00,0.00,0.00,0.00,0.00,0.00,0.00
0.00,0.00,0.00,0.00,0.00,0.00,0.00,0.00
0.00,0.00,0.00,0.00,0.00,0.00,0.00,0.00
0.00,0.00,0.00,0.00,0.00,0.00,0.00,0.00
0.00,0.00,0.00,0.00,0.00,0.00,0.00,0.00
0.00,0.00,0.00,0.00,0.00,0.00,0.00,0.00
0.00,0.00,0.00,0.00,0.00,0.00,0.00,0.00
0.00,0.00,0.00,0.00,0.00,0.00,0.00,0.00
0.00,0.00,0.00,0.00,0.00,0.00,0.00,0.00
0.00,0.00,0.00,0.00,0.00,0.00,0.00,0.00
0.00,0.00,0.00,0.00,0.00,0.00,0.00,0.00
0.00,0.00,0.00,0.00,0.00,0.00,0.00,0.00
0.00,0.00,0.00,0.00,0.00,0.00,0.00,0.00
0.00,0.00,0.00,0.00,0.00,0.00,0.00,0.00
0.00,0.00,0.00,0.00,0.00,0.00,0.00,0.00
0.00,0.00,0.00,0.00,0.00,0.00,0.00,0.00
0.00,0.00,0.00,0.00,0.00,0.00,0.00,0.00
0.00,0.00,0.00,0.00,0.00,0.00,0.00,0.00
0.00,0.00,0.00,0.00,0.00,0.00,0.00,0.00
0.00,0.00,0.00,0.00,0.00,0.00,0.00,0.00
0.00,0.00,0.00,0.00,0.00,0.00,0.00,0.00
0.00,0.00,0.00,0.00,0.00,0.00,0.00,0.00
20.00,20.00,6.70,0.00,0.00,0.00,0.00,0.00
28.90,24.60,9.60,0.00,0.00,0.00,0.00,0.00
0.00,0.00,0.00,0.00,0.00,0.00,0.00,0.00
0.00,0.00,0.00,0.00,0.00,0.00,0.00,0.00
0.00,0.00,0.00,0.00,0.00,0.00,0.00,0.00
0.00,0.00,0.00,0.00,0.00,0.00,0.00,0.00
0.00,0.00,0.00,0.00,0.00,0.00,0.00,0.00
0.00,0.00,0.00,0.00,0.00,0.00,0.00,0.00
0.00,0.00,0.00,0.00,0.00,0.00,0.00,0.00
0.00,0.00,0.00,0.00,0.00,0.00,0.00,0.00
0.00,0.00,0.00,0.00,0.00,0.00,0.00,0.00
0.00,0.00,0.00,0.00,0.00,0.00,0.00,0.00
0.00,0.00,0.00,0.00,0.00,0.00,0.00,0.00
0.00,0.00,0.00,0.00,0.00,0.00,0.00,0.00
0.00,0.00,0.00,0.00,0.00,0.00,0.00,0.00
0.00,0.00,0.00,0.00,0.00,0.00,0.00,0.00
0.00,0.00,0.00,0.00,0.00,0.00,0.00,0.00
0.00,0.00,0.00,0.00,0.00,0.00,0.00,0.00
0.00,0.00,0.00,0.00,0.00,0.00,0.00,0.00
0.00,0.00,0.00,0.00,0.00,0.00,0.00,0.00
0.00,0.00,0.00,0.00,0.00,0.00,0.00,0.00
0.00,0.00,0.00,0.00,0.00,0.00,0.00,0.00
0.00,0.00,0.00,0.00,0.00,0.00,0.00,0.00
0.00,0.00,0.00,0.00,0.00,0.00,0.00,0.00
0.00,0.00,0.00,0.00,0.00,0.00,0.00,0.00
0.00,0.00,0.00,0.00,0.00,0.00,0.00,0.00
0.00,0.00,0.00,0.00,0.00,0.00,0.00,0.00
0.00,0.00,0.00,0.00,0.00,0.00,0.00,0.00
0.00,0.00,0.00,0.00,0.00,0.00,0.00,0.00
0.00,0.00,0.00,0.00,0.00,0.00,0.00,0.00
13.30,13.40,0.00,0.00,0.00,0.00,0.00,0.00
30.20,27.90,10.60,0.00,0.00,0.00,0.00,0.00
30.00,26.60,10.60,0.00,0.00,0.00,0.00,0.00
29.90,26.30,8.30,0.00,0.00,0.00,0.00,0.00
0.00,0.00,0.00,0.00,0.00,0.00,0.00,0.00
0.00,0.00,0.00,0.00,0.00,0.00,0.00,0.00
0.00,0.00,0.00,0.00,0.00,0.00,0.00,0.00
0.00,0.00,0.00,0.00,0.00,0.00,0.00,0.00
0.00,0.00,0.00,0.00,0.00,0.00,0.00,0.00
0.00,0.00,0.00,0.00,0.00,0.00,0.00,0.00
0.00,0.00,0.00,0.00,0.00,0.00,0.00,0.00
0.00,0.00,0.00,0.00,0.00,0.00,0.00,0.00
0.00,0.00,0.00,0.00,0.00,0.00,0.00,0.00
0.00,0.00,0.00,0.00,0.00,0.00,0.00,0.00
0.00,0.00,0.00,0.00,0.00,0.00,0.00,0.00
0.00,0.00,0.00,0.00,0.00,0.00,0.00,0.00
0.00,0.00,0.00,0.00,0.00,0.00,0.00,0.00
0.00,0.00,0.00,0.00,0.00,0.00,0.00,0.00
0.00,0.00,0.00,0.00,0.00,0.00,0.00,0.00
0.00,0.00,0.00,0.00,0.00,0.00,0.00,0.00
0.00,0.00,0.00,0.00,0.00,0.00,0.00,0.00
0.00,0.00,0.00,0.00,0.00,0.00,0.00,0.00
0.00,0.00,0.00,0.00,0.00,0.00,0.00,0.00
0.00,0.00,0.00,0.00,0.00,0.00,0.00,0.00
0.00,0.00,0.00,0.00,0.00,0.00,0.00,0.00
0.00,0.00,0.00,0.00,0.00,0.00,0.00,0.00
0.00,0.00,0.00,0.00,0.00,0.00,0.00,0.00
0.00,0.00,0.00,0.00,0.00,0.00,0.00,0.00
0.00,0.00,0.00,0.00,0.00,0.00,0.00,0.00
0.00,0.00,0.00,0.00,0.00,0.00,0.00,0.00
20.00,0.00,6.70,0.00,0.00,0.00,0.00,0.00
28.00,24.30,10.00,0.00,0.00,0.00,0.00,0.00
28.60,24.90,10.00,0.00,0.00,0.00,0.00,0.00
0.00,0.00,0.00,0.00,0.00,0.00,0.00,0.00
0.00,0.00,0.00,0.00,0.00,0.00,0.00,0.00
0.00,0.00,0.00,0.00,0.00,0.00,0.00,0.00
0.00,0.00,0.00,0.00,0.00,0.00,0.00,0.00
0.00,0.00,0.00,0.00,0.00,0.00,0.00,0.00
0.00,0.00,0.00,0.00,0.00,0.00,0.00,0.00
0.00,0.00,0.00,0.00,0.00,0.00,0.00,0.00
0.00,0.00,0.00,0.00,0.00,0.00,0.00,0.00
0.00,0.00,0.00,0.00,0.00,0.00,0.00,0.00
0.00,0.00,0.00,0.00,0.00,0.00,0.00,0.00
0.00,0.00,0.00,0.00,0.00,0.00,0.00,0.00
0.00,0.00,0.00,0.00,0.00,0.00,0.00,0.00
0.00,0.00,0.00,0.00,0.00,0.00,0.00,0.00
0.00,0.00,0.00,0.00,0.00,0.00,0.00,0.00
0.00,0.00,0.00,0.00,0.00,0.00,0.00,0.00
0.00,0.00,0.00,0.00,0.00,0.00,0.00,0.00
0.00,0.00,0.00,0.00,0.00,0.00,0.00,0.00
0.00,0.00,0.00,0.00,0.00,0.00,0.00,0.00
0.00,0.00,0.00,0.00,0.00,0.00,0.00,0.00
0.00,0.00,0.00,0.00,0.00,0.00,0.00,0.00
0.00,0.00,0.00,0.00,0.00,0.00,0.00,0.00
0.00,0.00,0.00,0.00,0.00,0.00,0.00,0.00
0.00,0.00,0.00,0.00,0.00,0.00,0.00,0.00
0.00,0.00,0.00,0.00,0.00,0.00,0.00,0.00
0.00,0.00,0.00,0.00,0.00,0.00,0.00,0.00
0.00,0.00,0.00,0.00,0.00,0.00,0.00,0.00
0.00,0.00,0.00,0.00,0.00,0.00,0.00,0.00
13.30,6.70,6.70,0.00,0.00,0.00,0.00,0.00
0.00,0.00,0.00,0.00,0.00,0.00,0.00,0.00
0.00,0.00,0.00,0.00,0.00,0.00,0.00,0.00
0.00,0.00,0.00,0.00,0.00,0.00,0.00,0.00
0.00,0.00,0.00,0.00,0.00,0.00,0.00,0.00
0.00,0.00,0.00,0.00,0.00,0.00,0.00,0.00
0.00,0.00,0.00,0.00,0.00,0.00,0.00,0.00
0.00,0.00,0.00,0.00,0.00,0.00,0.00,0.00
0.00,0.00,0.00,0.00,0.00,0.00,0.00,0.00
0.00,0.00,0.00,0.00,0.00,0.00,0.00,0.00
0.00,0.00,0.00,0.00,0.00,0.00,0.00,0.00
0.00,0.00,0.00,0.00,0.00,0.00,0.00,0.00
0.00,0.00,0.00,0.00,0.00,0.00,0.00,0.00
0.00,0.00,0.00,0.00,0.00,0.00,0.00,0.00
0.00,0.00,0.00,0.00,0.00,0.00,0.00,0.00
0.00,0.00,0.00,0.00,0.00,0.00,0.00,0.00
0.00,0.00,0.00,0.00,0.00,0.00,0.00,0.00
0.00,0.00,0.00,0.00,0.00,0.00,0.00,0.00
0.00,0.00,0.00,0.00,0.00,0.00,0.00,0.00
0.00,0.00,0.00,0.00,0.00,0.00,0.00,0.00
0.00,0.00,0.00,0.00,0.00,0.00,0.00,0.00
0.00,0.00,0.00,0.00,0.00,0.00,0.00,0.00
0.00,0.00,0.00,0.00,0.00,0.00,0.00,0.00
0.00,0.00,0.00,0.00,0.00,0.00,0.00,0.00
0.00,0.00,0.00,0.00,0.00,0.00,0.00,0.00
0.00,0.00,0.00,0.00,0.00,0.00,0.00,0.00
0.00,0.00,0.00,0.00,0.00,0.00,0.00,0.00
0.00,0.00,0.00,0.00,0.00,0.00,0.00,0.00
0.00,0.00,0.00,0.00,0.00,0.00,0.00,0.00
0.00,0.00,0.00,0.00,0.00,0.00,0.00,0.00
0.00,0.00,0.00,0.00,0.00,0.00,0.00,0.00
0.00,0.00,0.00,0.00,0.00,0.00,0.00,0.00
0.00,0.00,0.00,0.00,0.00,0.00,0.00,0.00
0.00,0.00,0.00,0.00,0.00,0.00,0.00,0.00
0.00,0.00,0.00,0.00,0.00,0.00,0.00,0.00
0.00,0.00,0.00,0.00,0.00,0.00,0.00,0.00
0.00,0.00,0.00,0.00,0.00,0.00,0.00,0.00
0.00,0.00,0.00,0.00,0.00,0.00,0.00,0.00
0.00,0.00,0.00,0.00,0.00,0.00,0.00,0.00
0.00,0.00,0.00,0.00,0.00,0.00,0.00,0.00
0.00,0.00,0.00,0.00,0.00,0.00,0.00,0.00
0.00,0.00,0.00,0.00,0.00,0.00,0.00,0.00
0.00,0.00,0.00,0.00,0.00,0.00,0.00,0.00
0.00,0.00,0.00,0.00,0.00,0.00,0.00,0.00
0.00,0.00,0.00,0.00,0.00,0.00,0.00,0.00
0.00,0.00,0.00,0.00,0.00,0.00,0.00,0.00
0.00,0.00,0.00,0.00,0.00,0.00,0.00,0.00
0.00,0.00,0.00,0.00,0.00,0.00,0.00,0.00
0.00,0.00,0.00,0.00,0.00,0.00,0.00,0.00
0.00,0.00,0.00,0.00,0.00,0.00,0.00,0.00
0.00,0.00,0.00,0.00,0.00,0.00,0.00,0.00
0.00,0.00,0.00,0.00,0.00,0.00,0.00,0.00
0.00,0.00,0.00,0.00,0.00,0.00,0.00,0.00
0.00,0.00,0.00,0.00,0.00,0.00,0.00,0.00
0.00,0.00,0.00,0.00,0.00,0.00,0.00,0.00
0.00,0.00,0.00,0.00,0.00,0.00,0.00,0.00
0.00,0.00,0.00,0.00,0.00,0.00,0.00,0.00
0.00,0.00,0.00,0.00,0.00,0.00,0.00,0.00
0.00,0.00,0.00,0.00,0.00,0.00,0.00,0.00
0.00,0.00,0.00,0.00,0.00,0.00,0.00,0.00
0.00,0.00,0.00,0.00,0.00,0.00,0.00,0.00
0.00,0.00,0.00,0.00,0.00,0.00,0.00,0.00
0.00,0.00,0.00,0.00,0.00,0.00,0.00,0.00
0.00,0.00,0.00,0.00,0.00,0.00,0.00,0.00
0.00,0.00,0.00,0.00,0.00,0.00,0.00,0.00
0.00,0.00,0.00,0.00,0.00,0.00,0.00,0.00
0.00,0.00,0.00,0.00,0.00,0.00,0.00,0.00
0.00,0.00,0.00,0.00,0.00,0.00,0.00,0.00
0.00,0.00,0.00,0.00,0.00,0.00,0.00,0.00
0.00,0.00,0.00,0.00,0.00,0.00,0.00,0.00
0.00,0.00,0.00,0.00,0.00,0.00,0.00,0.00
0.00,0.00,0.00,0.00,0.00,0.00,0.00,0.00
0.00,0.00,0.00,0.00,0.00,0.00,0.00,0.00
0.00,0.00,0.00,0.00,0.00,0.00,0.00,0.00
0.00,0.00,0.00,0.00,0.00,0.00,0.00,0.00
0.00,0.00,0.00,0.00,0.00,0.00,0.00,0.00
0.00,0.00,0.00,0.00,0.00,0.00,0.00,0.00
0.00,0.00,0.00,0.00,0.00,0.00,0.00,0.00
0.00,0.00,0.00,0.00,0.00,0.00,0.00,0.00
0.00,0.00,0.00,0.00,0.00,0.00,0.00,0.00
0.00,0.00,0.00,0.00,0.00,0.00,0.00,0.00
0.00,0.00,0.00,0.00,0.00,0.00,0.00,0.00
0.00,0.00,0.00,0.00,0.00,0.00,0.00,0.00
0.00,0.00,0.00,0.00,0.00,0.00,0.00,0.00
0.00,0.00,0.00,0.00,0.00,0.00,0.00,0.00
0.00,0.00,0.00,0.00,0.00,0.00,0.00,0.00
0.00,0.00,0.00,0.00,0.00,0.00,0.00,0.00
0.00,0.00,0.00,0.00,0.00,0.00,0.00,0.00
0.00,0.00,0.00,0.00,0.00,0.00,0.00,0.00
0.00,0.00,0.00,0.00,0.00,0.00,0.00,0.00
0.00,0.00,0.00,0.00,0.00,0.00,0.00,0.00
0.00,0.00,0.00,0.00,0.00,0.00,0.00,0.00
0.00,0.00,0.00,0.00,0.00,0.00,0.00,0.00
0.00,0.00,0.00,0.00,0.00,0.00,0.00,0.00
0.00,0.00,0.00,0.00,0.00,0.00,0.00,0.00
0.00,0.00,0.00,0.00,0.00,0.00,0.00,0.00
0.00,0.00,0.00,0.00,0.00,0.00,0.00,0.00
0.00,0.00,0.00,0.00,0.00,0.00,0.00,0.00
0.00,0.00,0.00,0.00,0.00,0.00,0.00,0.00
0.00,0.00,0.00,0.00,0.00,0.00,0.00,0.00
0.00,0.00,0.00,0.00,0.00,0.00,0.00,0.00
0.00,0.00,0.00,0.00,0.00,0.00,0.00,0.00
0.00,0.00,0.00,0.00,0.00,0.00,0.00,0.00
0.00,0.00,0.00,0.00,0.00,0.00,0.00,0.00
0.00,0.00,0.00,0.00,0.00,0.00,0.00,0.00
0.00,0.00,0.00,0.00,0.00,0.00,0.00,0.00
0.00,0.00,0.00,0.00,0.00,0.00,0.00,0.00
0.00,0.00,0.00,0.00,0.00,0.00,0.00,0.00
0.00,0.00,0.00,0.00,0.00,0.00,0.00,0.00
0.00,0.00,0.00,0.00,0.00,0.00,0.00,0.00
0.00,0.00,0.00,0.00,0.00,0.00,0.00,0.00
0.00,0.00,0.00,0.00,0.00,0.00,0.00,0.00
0.00,0.00,0.00,0.00,0.00,0.00,0.00,0.00
0.00,0.00,0.00,0.00,0.00,0.00,0.00,0.00
0.00,0.00,0.00,0.00,0.00,0.00,0.00,0.00
0.00,0.00,0.00,0.00,0.00,0.00,0.00,0.00
0.00,0.00,0.00,0.00,0.00,0.00,0.00,0.00
0.00,0.00,0.00,0.00,0.00,0.00,0.00,0.00
0.00,0.00,0.00,0.00,0.00,0.00,0.00,0.00
0.00,0.00,0.00,0.00,0.00,0.00,0.00,0.00
0.00,0.00,0.00,0.00,0.00,0.00,0.00,0.00
0.00,0.00,0.00,0.00,0.00,0.00,0.00,0.00
0.00,0.00,0.00,0.00,0.00,0.00,0.00,0.00
0.00,0.00,0.00,0.00,0.00,0.00,0.00,0.00
0.00,0.00,0.00,0.00,0.00,0.00,0.00,0.00
0.00,0.00,0.00,0.00,0.00,0.00,0.00,0.00
0.00,0.00,0.00,0.00,0.00,0.00,0.00,0.00
0.00,0.00,0.00,0.00,0.00,0.00,0.00,0.00
0.00,0.00,0.00,0.00,0.00,0.00,0.00,0.00
0.00,0.00,0.00,0.00,0.00,0.00,0.00,0.00
0.00,0.00,0.00,0.00,0.00,0.00,0.00,0.00
0.00,0.00,0.00,0.00,0.00,0.00,0.00,0.00
0.00,0.00,0.00,0.00,0.00,0.00,0.00,0.00
0.00,0.00,0.00,0.00,0.00,0.00,0.00,0.00
0.00,0.00,0.00,0.00,0.00,0.00,0.00,0.00
0.00,0.00,0.00,0.00,0.00,0.00,0.00,0.00
0.00,0.00,0.00,0.00,0.00,0.00,0.00,0.00
0.00,0.00,0.00,0.00,0.00,0.00,0.00,0.00
0.00,0.00,0.00,0.00,0.00,0.00,0.00,0.00
0.00,0.00,0.00,0.00,0.00,0.00,0.00,0.00
0.00,0.00,0.00,0.00,0.00,0.00,0.00,0.00
0.00,0.00,0.00,0.00,0.00,0.00,0.00,0.00
0.00,0.00,0.00,0.00,0.00,0.00,0.00,0.00
0.00,0.00,0.00,0.00,0.00,0.00,0.00,0.00
0.00,0.00,0.00,0.00,0.00,0.00,0.00,0.00
0.00,0.00,0.00,0.00,0.00,0.00,0.00,0.00
0.00,0.00,0.00,0.00,0.00,0.00,0.00,0.00
0.00,0.00,0.00,0.00,0.00,0.00,0.00,0.00
0.00,0.00,0.00,0.00,0.00,0.00,0.00,0.00
0.00,0.00,0.00,0.00,0.00,0.00,0.00,0.00
0.00,0.00,0.00,0.00,0.00,0.00,0.00,0.00
0.00,0.00,0.00,0.00,0.00,0.00,0.00,0.00
0.00,0.00,0.00,0.00,0.00,0.00,0.00,0.00
0.00,0.00,0.00,0.00,0.00,0.00,0.00,0.00
0.00,0.00,0.00,0.00,0.00,0.00,0.00,0.00
0.00,0.00,0.00,0.00,0.00,0.00,0.00,0.00
0.00,0.00,0.00,0.00,0.00,0.00,0.00,0.00
0.00,0.00,0.00,0.00,0.00,0.00,0.00,0.00
0.00,0.00,0.00,0.00,0.00,0.00,0.00,0.00
0.00,0.00,0.00,0.00,0.00,0.00,0.00,0.00
0.00,0.00,0.00,0.00,0.00,0.00,0.00,0.00
0.00,0.00,0.00,0.00,0.00,0.00,0.00,0.00
0.00,0.00,0.00,0.00,0.00,0.00,0.00,0.00
0.00,0.00,0.00,0.00,0.00,0.00,0.00,0.00
0.00,0.00,0.00,0.00,0.00,0.00,0.00,0.00
0.00,0.00,0.00,0.00,0.00,0.00,0.00,0.00
0.00,0.00,0.00,0.00,0.00,0.00,0.00,0.00
0.00,0.00,0.00,0.00,0.00,0.00,0.00,0.00
0.00,0.00,0.00,0.00,0.00,0.00,0.00,0.00
0.00,0.00,0.00,0.00,0.00,0.00,0.00,0.00
0.00,0.00,0.00,0.00,0.00,0.00,0.00,0.00
0.00,0.00,0.00,0.00,0.00,0.00,0.00,0.00
0.00,0.00,0.00,0.00,0.00,0.00,0.00,0.00
0.00,0.00,0.00,0.00,0.00,0.00,0.00,0.00
0.00,0.00,0.00,0.00,0.00,0.00,0.00,0.00
0.00,0.00,0.00,0.00,0.00,0.00,0.00,0.00
0.00,0.00,0.00,0.00,0.00,0.00,0.00,0.00
0.00,0.00,0.00,0.00,0.00,0.00,0.00,0.00
0.00,0.00,0.00,0.00,0.00,0.00,0.00,0.00
0.00,0.00,0.00,0.00,0.00,0.00,0.00,0.00
