#msgr-worker,io_context_pool,fio,log,ceph_timer,ms_dispatch,safe_timer,taskfin_librbd
0.00,0.00,0.00,0.00,0.00,0.00,0.00,0.00
81.80,55.50,29.60,0.00,0.00,0.00,0.00,0.00
79.80,52.80,32.00,0.00,0.00,0.00,0.00,0.00
76.90,51.20,26.20,0.00,0.00,0.00,0.00,0.00
84.10,54.70,29.60,0.00,0.00,0.00,0.00,0.00
80.70,53.10,29.20,0.00,0.00,0.00,0.00,0.00
82.70,54.90,31.90,0.00,0.00,0.00,0.00,0.00
84.80,55.20,30.30,0.00,0.00,0.00,0.00,0.00
84.30,55.90,30.50,0.00,0.00,0.00,0.00,0.00
83.20,56.50,29.80,0.00,0.00,0.00,0.00,0.00
78.30,52.00,29.10,0.00,0.00,0.00,0.00,0.00
84.80,55.30,29.60,0.00,0.00,0.00,0.00,0.00
81.80,54.90,30.50,0.00,0.00,0.00,0.00,0.00
83.50,56.80,30.80,0.00,0.00,0.00,0.00,0.00
77.00,52.00,27.90,0.00,0.00,0.00,0.00,0.00
83.70,54.50,29.80,0.00,0.00,0.00,0.00,0.00
81.70,56.20,30.50,0.00,0.00,0.00,0.00,0.00
85.70,54.40,31.70,0.00,0.00,0.00,0.00,0.00
81.80,55.00,28.80,0.00,0.00,0.00,0.00,0.00
81.10,54.30,30.50,0.00,0.00,0.00,0.00,0.00
83.80,56.00,30.50,0.00,0.00,0.00,0.00,0.00
78.40,48.80,29.00,0.00,0.00,0.00,0.00,0.00
85.70,59.80,30.80,0.00,0.00,0.00,0.00,0.00
81.10,54.60,30.10,0.00,0.00,0.00,0.00,0.00
80.00,50.30,29.20,0.00,0.00,0.00,0.00,0.00
89.30,59.40,31.70,0.00,0.00,0.00,0.00,0.00
82.80,56.00,30.20,0.00,0.00,0.00,0.00,0.00
86.70,55.30,32.30,0.00,0.00,0.00,0.00,0.00
84.90,57.10,28.60,0.00,0.00,0.00,0.00,0.00
76.90,49.40,29.30,0.00,0.00,0.00,0.00,0.00
93.00,18.60,12.40,0.00,0.00,0.00,0.00,0.00
110.40,66.70,35.60,0.00,0.00,0.00,0.00,0.00
109.90,58.60,37.30,0.00,0.00,0.00,0.00,0.00
110.50,62.90,35.60,0.00,0.00,0.00,0.00,0.00
105.90,63.40,35.10,0.00,0.00,0.00,0.00,0.00
110.10,63.10,36.70,0.00,0.00,0.00,0.00,0.00
106.70,61.00,32.70,0.00,0.00,0.00,0.00,0.00
112.00,63.50,35.40,0.00,0.00,0.00,0.00,0.00
101.10,61.10,36.30,0.00,0.00,0.00,0.00,0.00
101.50,57.90,32.60,0.00,0.00,0.00,0.00,0.00
104.80,61.60,34.80,0.00,0.00,0.00,0.00,0.00
109.60,62.40,36.60,0.00,0.00,0.00,0.00,0.00
108.90,63.40,34.10,0.00,0.00,0.00,0.00,0.00
108.90,65.10,35.90,0.00,0.00,0.00,0.00,0.00
103.00,57.90,34.80,0.00,0.00,0.00,0.00,0.00
113.40,64.60,36.30,0.00,0.00,0.00,0.00,0.00
110.00,63.70,36.10,0.00,0.00,0.00,0.00,0.00
106.50,61.00,35.10,0.00,0.00,0.00,0.00,0.00
112.20,64.60,37.10,0.00,0.00,0.00,0.00,0.00
107.70,61.00,35.00,0.00,0.00,0.00,0.00,0.00
104.90,62.10,35.00,0.00,0.00,0.00,0.00,0.00
102.20,59.40,33.90,0.00,0.00,0.00,0.00,0.00
107.70,64.70,36.70,0.00,0.00,0.00,0.00,0.00
109.90,62.20,34.60,0.00,0.00,0.00,0.00,0.00
106.70,64.20,35.80,0.00,0.00,0.00,0.00,0.00
110.40,64.50,35.50,0.00,0.00,0.00,0.00,0.00
106.30,61.50,35.80,0.00,0.00,0.00,0.00,0.00
113.70,63.60,36.60,0.00,0.00,0.00,0.00,0.00
107.30,64.30,35.60,0.00,0.00,0.00,0.00,0.00
107.80,60.50,33.20,0.00,0.00,0.00,0.00,0.00
105.50,55.80,24.80,0.00,0.00,0.00,0.00,0.00
102.80,61.10,34.50,0.00,0.00,0.00,0.00,0.00
112.50,62.70,36.10,0.00,0.00,0.00,0.00,0.00
105.60,61.70,34.20,0.00,0.00,0.00,0.00,0.00
106.00,61.00,34.70,0.00,0.00,0.00,0.00,0.00
107.40,64.90,36.00,0.00,0.00,0.00,0.00,0.00
108.90,63.10,35.60,0.00,0.00,0.00,0.00,0.00
106.20,61.70,35.30,0.00,0.00,0.00,0.00,0.00
107.50,58.90,34.90,0.00,0.00,0.00,0.00,0.00
104.80,63.40,33.30,0.00,0.00,0.00,0.00,0.00
105.10,60.40,35.60,0.00,0.00,0.00,0.00,0.00
104.60,59.30,35.30,0.00,0.00,0.00,0.00,0.00
109.60,62.00,35.90,0.00,0.00,0.00,0.00,0.00
110.90,65.90,36.60,0.00,0.00,0.00,0.00,0.00
105.40,61.00,35.00,0.00,0.00,0.00,0.00,0.00
108.20,61.00,36.30,0.00,0.00,0.00,0.00,0.00
107.20,62.20,35.00,0.00,0.00,0.00,0.00,0.00
107.10,61.20,36.00,0.00,0.00,0.00,0.00,0.00
104.30,62.00,33.60,0.00,0.00,0.00,0.00,0.00
101.20,59.70,34.90,0.00,0.00,0.00,0.00,0.00
111.30,60.00,35.10,0.00,0.00,0.00,0.00,0.00
109.00,64.50,37.00,0.00,0.00,0.00,0.00,0.00
107.70,62.70,36.70,0.00,0.00,0.00,0.00,0.00
99.90,58.60,33.10,0.00,0.00,0.00,0.00,0.00
108.40,61.80,34.50,0.00,0.00,0.00,0.00,0.00
113.90,63.70,37.50,0.00,0.00,0.00,0.00,0.00
103.40,61.10,34.60,0.00,0.00,0.00,0.00,0.00
111.80,67.10,37.70,0.00,0.00,0.00,0.00,0.00
107.80,58.40,35.00,0.00,0.00,0.00,0.00,0.00
106.20,62.70,33.60,0.00,0.00,0.00,0.00,0.00
68.30,31.00,37.20,0.00,0.00,0.00,0.00,0.00
107.70,62.80,38.10,0.00,0.00,0.00,0.00,0.00
107.20,63.00,38.70,0.00,0.00,0.00,0.00,0.00
104.60,61.10,37.20,0.00,0.00,0.00,0.00,0.00
104.90,60.80,38.10,0.00,0.00,0.00,0.00,0.00
107.30,64.10,37.90,0.00,0.00,0.00,0.00,0.00
103.30,59.70,38.40,0.00,0.00,0.00,0.00,0.00
106.30,62.60,37.60,0.00,0.00,0.00,0.00,0.00
107.00,64.60,39.20,0.00,0.00,0.00,0.00,0.00
96.40,55.80,34.60,0.00,0.00,0.00,0.00,0.00
97.00,58.10,33.90,0.00,0.00,0.00,0.00,0.00
103.20,61.80,37.20,0.00,0.00,0.00,0.00,0.00
104.10,60.20,35.90,0.00,0.00,0.00,0.00,0.00
91.80,55.40,34.40,0.00,0.00,0.00,0.00,0.00
105.70,61.40,37.80,0.00,0.00,0.00,0.00,0.00
104.80,61.20,36.90,0.00,0.00,0.00,0.00,0.00
111.80,65.50,39.70,0.00,0.00,0.00,0.00,0.00
107.30,62.20,39.60,0.00,0.00,0.00,0.00,0.00
105.00,62.30,37.40,0.00,0.00,0.00,0.00,0.00
104.20,60.30,37.80,0.00,0.00,0.00,0.00,0.00
111.10,64.10,39.00,0.00,0.00,0.00,0.00,0.00
111.70,66.50,41.20,0.00,0.00,0.00,0.00,0.00
104.50,59.70,36.60,0.00,0.00,0.00,0.00,0.00
107.70,62.20,37.70,0.00,0.00,0.00,0.00,0.00
99.70,62.60,35.90,0.00,0.00,0.00,0.00,0.00
106.30,62.50,37.70,0.00,0.00,0.00,0.00,0.00
104.90,60.80,37.00,0.00,0.00,0.00,0.00,0.00
108.80,63.80,39.00,0.00,0.00,0.00,0.00,0.00
106.20,60.30,40.70,0.00,0.00,0.00,0.00,0.00
104.60,59.50,35.40,0.00,0.00,0.00,0.00,0.00
99.50,68.20,37.20,0.00,0.00,0.00,0.00,0.00
99.60,58.50,40.10,0.00,0.00,0.00,0.00,0.00
102.40,62.60,41.80,0.00,0.00,0.00,0.00,0.00
102.70,61.80,42.10,0.00,0.00,0.00,0.00,0.00
106.70,63.60,41.60,0.00,0.00,0.00,0.00,0.00
103.20,61.30,42.80,0.00,0.00,0.00,0.00,0.00
104.40,63.30,42.50,0.00,0.00,0.00,0.00,0.00
104.50,62.30,44.10,0.00,0.00,0.00,0.00,0.00
104.10,62.60,41.30,0.00,0.00,0.00,0.00,0.00
101.20,59.10,38.70,0.00,0.00,0.00,0.00,0.00
100.80,59.60,41.70,0.00,0.00,0.00,0.00,0.00
98.70,62.90,38.40,0.00,0.00,0.00,0.00,0.00
102.10,61.80,41.50,0.00,0.00,0.00,0.00,0.00
104.50,62.00,43.10,0.00,0.00,0.00,0.00,0.00
100.90,59.10,41.60,0.00,0.00,0.00,0.00,0.00
100.20,61.50,40.10,0.00,0.00,0.00,0.00,0.00
107.40,64.10,42.20,0.00,0.00,0.00,0.00,0.00
102.90,62.00,43.50,0.00,0.00,0.00,0.00,0.00
100.70,58.70,40.40,0.00,0.00,0.00,0.00,0.00
101.00,64.30,43.30,0.00,0.00,0.00,0.00,0.00
104.30,63.10,42.80,0.00,0.00,0.00,0.00,0.00
102.80,57.90,40.40,0.00,0.00,0.00,0.00,0.00
97.50,60.50,39.10,0.00,0.00,0.00,0.00,0.00
95.20,57.20,35.10,0.00,0.00,0.00,0.00,0.00
100.90,59.80,40.80,0.00,0.00,0.00,0.00,0.00
103.90,63.00,43.10,0.00,0.00,0.00,0.00,0.00
104.40,62.00,42.90,0.00,0.00,0.00,0.00,0.00
104.40,61.30,42.20,0.00,0.00,0.00,0.00,0.00
104.20,63.80,42.90,0.00,0.00,0.00,0.00,0.00
105.60,63.40,40.90,0.00,0.00,0.00,0.00,0.00
93.30,68.20,24.80,0.00,0.00,0.00,0.00,0.00
106.40,63.00,41.80,0.00,0.00,0.00,0.00,0.00
103.30,63.00,43.50,0.00,0.00,0.00,0.00,0.00
102.10,63.10,42.40,0.00,0.00,0.00,0.00,0.00
97.20,58.40,39.60,0.00,0.00,0.00,0.00,0.00
102.40,62.00,41.80,0.00,0.00,0.00,0.00,0.00
107.20,61.20,44.20,0.00,0.00,0.00,0.00,0.00
100.00,60.90,39.80,0.00,0.00,0.00,0.00,0.00
101.50,64.40,43.60,0.00,0.00,0.00,0.00,0.00
96.60,55.10,36.20,0.00,0.00,0.00,0.00,0.00
103.80,62.70,42.60,0.00,0.00,0.00,0.00,0.00
97.30,58.80,40.10,0.00,0.00,0.00,0.00,0.00
94.80,59.70,37.60,0.00,0.00,0.00,0.00,0.00
89.00,60.80,40.60,0.00,0.00,0.00,0.00,0.00
92.50,59.00,39.10,0.00,0.00,0.00,0.00,0.00
96.80,60.30,41.20,0.00,0.00,0.00,0.00,0.00
87.40,57.00,40.10,0.00,0.00,0.00,0.00,0.00
96.60,62.40,41.90,0.00,0.00,0.00,0.00,0.00
90.30,59.00,40.00,0.00,0.00,0.00,0.00,0.00
96.90,61.40,40.90,0.00,0.00,0.00,0.00,0.00
102.20,60.70,38.80,0.00,0.00,0.00,0.00,0.00
92.20,56.70,38.10,0.00,0.00,0.00,0.00,0.00
106.80,64.10,42.10,0.00,0.00,0.00,0.00,0.00
103.70,62.10,43.40,0.00,0.00,0.00,0.00,0.00
99.20,57.50,39.10,0.00,0.00,0.00,0.00,0.00
104.50,62.20,40.30,0.00,0.00,0.00,0.00,0.00
101.20,62.90,43.40,0.00,0.00,0.00,0.00,0.00
104.80,61.30,42.40,0.00,0.00,0.00,0.00,0.00
108.20,66.10,46.50,0.00,0.00,0.00,0.00,0.00
104.10,62.00,44.20,0.00,0.00,0.00,0.00,0.00
80.80,37.20,49.60,0.00,0.00,0.00,0.00,0.00
103.80,63.10,40.50,0.00,0.00,0.00,0.00,0.00
107.20,63.70,43.70,0.00,0.00,0.00,0.00,0.00
95.60,60.30,38.00,0.00,0.00,0.00,0.00,0.00
104.70,60.40,44.10,0.00,0.00,0.00,0.00,0.00
104.30,61.40,42.10,0.00,0.00,0.00,0.00,0.00
103.40,62.10,41.80,0.00,0.00,0.00,0.00,0.00
102.00,58.40,40.20,0.00,0.00,0.00,0.00,0.00
98.60,56.80,37.00,0.00,0.00,0.00,0.00,0.00
105.40,64.80,41.90,0.00,0.00,0.00,0.00,0.00
103.70,61.70,41.80,0.00,0.00,0.00,0.00,0.00
96.20,57.10,38.70,0.00,0.00,0.00,0.00,0.00
104.40,62.80,40.20,0.00,0.00,0.00,0.00,0.00
102.90,60.20,41.70,0.00,0.00,0.00,0.00,0.00
103.30,61.70,43.30,0.00,0.00,0.00,0.00,0.00
106.10,63.50,40.60,0.00,0.00,0.00,0.00,0.00
99.80,59.20,42.90,0.00,0.00,0.00,0.00,0.00
105.70,66.20,43.50,0.00,0.00,0.00,0.00,0.00
98.20,55.10,37.50,0.00,0.00,0.00,0.00,0.00
99.70,59.60,41.00,0.00,0.00,0.00,0.00,0.00
103.70,63.20,42.80,0.00,0.00,0.00,0.00,0.00
107.60,66.70,46.20,0.00,0.00,0.00,0.00,0.00
100.30,56.60,39.30,0.00,0.00,0.00,0.00,0.00
105.20,64.00,41.80,0.00,0.00,0.00,0.00,0.00
102.00,60.80,44.00,0.00,0.00,0.00,0.00,0.00
107.70,60.00,41.10,0.00,0.00,0.00,0.00,0.00
90.00,57.20,32.20,0.00,0.00,0.00,0.00,0.00
104.90,60.50,44.40,0.00,0.00,0.00,0.00,0.00
99.50,60.80,39.50,0.00,0.00,0.00,0.00,0.00
106.00,63.30,43.60,0.00,0.00,0.00,0.00,0.00
93.00,49.60,37.20,0.00,0.00,0.00,0.00,0.00
106.70,64.50,47.00,0.00,0.00,0.00,0.00,0.00
100.50,61.60,40.40,0.00,0.00,0.00,0.00,0.00
104.70,63.30,45.90,0.00,0.00,0.00,0.00,0.00
102.30,62.60,44.80,0.00,0.00,0.00,0.00,0.00
102.30,59.40,42.50,0.00,0.00,0.00,0.00,0.00
102.40,61.00,42.10,0.00,0.00,0.00,0.00,0.00
102.10,62.00,42.50,0.00,0.00,0.00,0.00,0.00
102.40,63.00,40.40,0.00,0.00,0.00,0.00,0.00
96.80,59.90,41.80,0.00,0.00,0.00,0.00,0.00
102.20,59.40,42.30,0.00,0.00,0.00,0.00,0.00
99.50,61.70,42.00,0.00,0.00,0.00,0.00,0.00
105.40,63.20,43.60,0.00,0.00,0.00,0.00,0.00
101.80,61.50,43.40,0.00,0.00,0.00,0.00,0.00
104.90,63.50,46.10,0.00,0.00,0.00,0.00,0.00
100.70,62.90,44.90,0.00,0.00,0.00,0.00,0.00
102.00,59.80,42.70,0.00,0.00,0.00,0.00,0.00
103.30,63.50,43.50,0.00,0.00,0.00,0.00,0.00
100.20,62.10,42.90,0.00,0.00,0.00,0.00,0.00
98.00,57.80,39.90,0.00,0.00,0.00,0.00,0.00
101.90,62.60,42.20,0.00,0.00,0.00,0.00,0.00
99.50,59.10,41.00,0.00,0.00,0.00,0.00,0.00
104.40,63.20,43.80,0.00,0.00,0.00,0.00,0.00
105.50,62.70,45.10,0.00,0.00,0.00,0.00,0.00
94.10,58.50,37.70,0.00,0.00,0.00,0.00,0.00
102.20,60.20,41.20,0.00,0.00,0.00,0.00,0.00
102.70,60.40,42.70,0.00,0.00,0.00,0.00,0.00
102.20,63.00,43.00,0.00,0.00,0.00,0.00,0.00
102.40,60.40,42.60,0.00,0.00,0.00,0.00,0.00
102.20,63.30,46.20,0.00,0.00,0.00,0.00,0.00
68.30,43.40,43.40,0.00,0.00,0.00,0.00,0.00
107.00,65.30,46.40,0.00,0.00,0.00,0.00,0.00
100.30,60.00,41.40,0.00,0.00,0.00,0.00,0.00
97.90,62.20,45.20,0.00,0.00,0.00,0.00,0.00
99.10,62.10,43.30,0.00,0.00,0.00,0.00,0.00
100.30,61.50,43.90,0.00,0.00,0.00,0.00,0.00
101.50,62.00,43.50,0.00,0.00,0.00,0.00,0.00
104.90,63.10,45.70,0.00,0.00,0.00,0.00,0.00
103.10,65.00,44.90,0.00,0.00,0.00,0.00,0.00
100.10,61.10,41.70,0.00,0.00,0.00,0.00,0.00
99.60,62.20,41.70,0.00,0.00,0.00,0.00,0.00
96.40,60.30,41.20,0.00,0.00,0.00,0.00,0.00
96.70,55.90,40.40,0.00,0.00,0.00,0.00,0.00
100.00,61.40,43.60,0.00,0.00,0.00,0.00,0.00
97.80,60.40,40.00,0.00,0.00,0.00,0.00,0.00
105.20,63.80,43.80,0.00,0.00,0.00,0.00,0.00
100.00,61.20,44.00,0.00,0.00,0.00,0.00,0.00
105.00,63.90,45.20,0.00,0.00,0.00,0.00,0.00
101.20,59.20,41.50,0.00,0.00,0.00,0.00,0.00
104.50,64.40,46.00,0.00,0.00,0.00,0.00,0.00
104.70,64.00,44.80,0.00,0.00,0.00,0.00,0.00
96.60,56.70,39.90,0.00,0.00,0.00,0.00,0.00
104.50,64.90,46.80,0.00,0.00,0.00,0.00,0.00
95.50,59.50,42.60,0.00,0.00,0.00,0.00,0.00
101.70,63.10,42.80,0.00,0.00,0.00,0.00,0.00
103.70,63.70,44.40,0.00,0.00,0.00,0.00,0.00
102.30,61.10,43.10,0.00,0.00,0.00,0.00,0.00
101.40,65.00,42.40,0.00,0.00,0.00,0.00,0.00
106.40,61.20,46.10,0.00,0.00,0.00,0.00,0.00
103.30,64.30,46.00,0.00,0.00,0.00,0.00,0.00
87.00,49.60,43.40,0.00,0.00,0.00,0.00,0.00
103.50,64.00,44.60,0.00,0.00,0.00,0.00,0.00
103.00,62.20,45.40,0.00,0.00,0.00,0.00,0.00
100.10,62.00,42.30,0.00,0.00,0.00,0.00,0.00
102.20,64.30,46.60,0.00,0.00,0.00,0.00,0.00
101.00,60.20,42.70,0.00,0.00,0.00,0.00,0.00
99.10,60.80,44.10,0.00,0.00,0.00,0.00,0.00
100.10,61.50,42.00,0.00,0.00,0.00,0.00,0.00
103.20,60.10,45.60,0.00,0.00,0.00,0.00,0.00
103.50,66.80,45.30,0.00,0.00,0.00,0.00,0.00
98.20,57.40,39.20,0.00,0.00,0.00,0.00,0.00
101.80,64.80,45.60,0.00,0.00,0.00,0.00,0.00
104.90,64.00,44.90,0.00,0.00,0.00,0.00,0.00
95.10,57.10,39.90,0.00,0.00,0.00,0.00,0.00
98.00,61.10,40.90,0.00,0.00,0.00,0.00,0.00
103.70,62.70,45.40,0.00,0.00,0.00,0.00,0.00
100.60,60.60,44.30,0.00,0.00,0.00,0.00,0.00
101.20,64.30,43.20,0.00,0.00,0.00,0.00,0.00
98.80,61.50,44.40,0.00,0.00,0.00,0.00,0.00
99.70,59.50,43.70,0.00,0.00,0.00,0.00,0.00
103.20,64.70,45.20,0.00,0.00,0.00,0.00,0.00
98.80,63.20,43.70,0.00,0.00,0.00,0.00,0.00
102.80,61.40,45.40,0.00,0.00,0.00,0.00,0.00
103.40,62.60,44.00,0.00,0.00,0.00,0.00,0.00
100.10,63.70,43.50,0.00,0.00,0.00,0.00,0.00
106.10,60.20,40.60,0.00,0.00,0.00,0.00,0.00
99.80,63.30,44.10,0.00,0.00,0.00,0.00,0.00
105.90,63.60,45.80,0.00,0.00,0.00,0.00,0.00
100.00,61.70,44.90,0.00,0.00,0.00,0.00,0.00
102.90,62.60,46.30,0.00,0.00,0.00,0.00,0.00
124.00,31.00,18.60,0.00,0.00,0.00,0.00,0.00
105.50,65.70,45.50,0.00,0.00,0.00,0.00,0.00
102.60,60.60,44.00,0.00,0.00,0.00,0.00,0.00
96.00,58.40,39.70,0.00,0.00,0.00,0.00,0.00
100.60,59.70,44.40,0.00,0.00,0.00,0.00,0.00
97.40,58.90,41.20,0.00,0.00,0.00,0.00,0.00
101.80,60.30,43.70,0.00,0.00,0.00,0.00,0.00
96.50,59.10,42.90,0.00,0.00,0.00,0.00,0.00
104.70,61.40,41.80,0.00,0.00,0.00,0.00,0.00
87.40,54.40,36.10,0.00,0.00,0.00,0.00,0.00
93.10,55.20,37.20,0.00,0.00,0.00,0.00,0.00
91.80,55.20,36.50,0.00,0.00,0.00,0.00,0.00
89.80,52.80,36.10,0.00,0.00,0.00,0.00,0.00
99.50,58.30,42.90,0.00,0.00,0.00,0.00,0.00
96.40,60.00,40.30,0.00,0.00,0.00,0.00,0.00
95.70,57.80,40.00,0.00,0.00,0.00,0.00,0.00
95.60,57.30,40.30,0.00,0.00,0.00,0.00,0.00
96.70,56.50,39.90,0.00,0.00,0.00,0.00,0.00
99.70,57.20,43.00,0.00,0.00,0.00,0.00,0.00
97.70,60.80,41.70,0.00,0.00,0.00,0.00,0.00
102.40,62.60,40.90,0.00,0.00,0.00,0.00,0.00
98.70,56.70,42.90,0.00,0.00,0.00,0.00,0.00
101.80,61.20,42.30,0.00,0.00,0.00,0.00,0.00
96.20,58.80,39.80,0.00,0.00,0.00,0.00,0.00
95.70,57.70,41.10,0.00,0.00,0.00,0.00,0.00
94.00,56.30,41.60,0.00,0.00,0.00,0.00,0.00
93.90,58.50,39.10,0.00,0.00,0.00,0.00,0.00
96.40,57.20,42.00,0.00,0.00,0.00,0.00,0.00
91.30,55.60,35.10,0.00,0.00,0.00,0.00,0.00
92.20,57.60,39.80,0.00,0.00,0.00,0.00,0.00
88.50,47.20,35.40,0.00,0.00,0.00,0.00,0.00
105.10,64.40,46.00,0.00,0.00,0.00,0.00,0.00
105.00,64.00,45.50,0.00,0.00,0.00,0.00,0.00
101.00,62.60,46.00,0.00,0.00,0.00,0.00,0.00
105.00,60.40,44.00,0.00,0.00,0.00,0.00,0.00
94.90,60.90,42.10,0.00,0.00,0.00,0.00,0.00
97.10,61.30,42.90,0.00,0.00,0.00,0.00,0.00
95.30,59.20,42.60,0.00,0.00,0.00,0.00,0.00
93.30,60.60,43.50,0.00,0.00,0.00,0.00,0.00
96.90,58.70,43.40,0.00,0.00,0.00,0.00,0.00
101.30,61.80,44.60,0.00,0.00,0.00,0.00,0.00
95.10,62.00,42.60,0.00,0.00,0.00,0.00,0.00
90.00,56.70,40.10,0.00,0.00,0.00,0.00,0.00
96.20,62.90,45.40,0.00,0.00,0.00,0.00,0.00
98.80,60.80,45.70,0.00,0.00,0.00,0.00,0.00
96.70,62.90,44.30,0.00,0.00,0.00,0.00,0.00
93.20,58.00,43.30,0.00,0.00,0.00,0.00,0.00
99.30,63.90,41.90,0.00,0.00,0.00,0.00,0.00
98.40,60.90,44.20,0.00,0.00,0.00,0.00,0.00
98.50,61.20,46.50,0.00,0.00,0.00,0.00,0.00
97.70,62.40,44.10,0.00,0.00,0.00,0.00,0.00
99.70,61.70,41.90,0.00,0.00,0.00,0.00,0.00
102.20,65.60,45.80,0.00,0.00,0.00,0.00,0.00
94.80,60.30,45.20,0.00,0.00,0.00,0.00,0.00
94.60,57.90,41.60,0.00,0.00,0.00,0.00,0.00
106.20,62.80,46.90,0.00,0.00,0.00,0.00,0.00
99.20,62.00,41.00,0.00,0.00,0.00,0.00,0.00
99.40,61.70,42.50,0.00,0.00,0.00,0.00,0.00
100.20,59.10,43.40,0.00,0.00,0.00,0.00,0.00
104.30,62.80,45.40,0.00,0.00,0.00,0.00,0.00
74.50,37.20,24.80,0.00,0.00,0.00,0.00,0.00
94.30,58.10,40.00,0.00,0.00,0.00,0.00,0.00
95.10,59.30,41.70,0.00,0.00,0.00,0.00,0.00
101.60,60.60,43.90,0.00,0.00,0.00,0.00,0.00
100.00,59.60,43.10,0.00,0.00,0.00,0.00,0.00
100.50,61.40,45.00,0.00,0.00,0.00,0.00,0.00
100.70,62.20,42.60,0.00,0.00,0.00,0.00,0.00
99.10,61.60,44.40,0.00,0.00,0.00,0.00,0.00
100.50,60.40,45.80,0.00,0.00,0.00,0.00,0.00
90.10,55.40,34.30,0.00,0.00,0.00,0.00,0.00
97.30,58.00,42.30,0.00,0.00,0.00,0.00,0.00
96.30,62.80,42.20,0.00,0.00,0.00,0.00,0.00
100.10,58.60,46.60,0.00,0.00,0.00,0.00,0.00
98.20,62.20,42.40,0.00,0.00,0.00,0.00,0.00
100.40,60.40,43.60,0.00,0.00,0.00,0.00,0.00
98.90,58.80,44.40,0.00,0.00,0.00,0.00,0.00
90.30,56.70,37.70,0.00,0.00,0.00,0.00,0.00
98.70,62.80,43.80,0.00,0.00,0.00,0.00,0.00
98.50,60.80,40.60,0.00,0.00,0.00,0.00,0.00
102.50,60.50,44.80,0.00,0.00,0.00,0.00,0.00
102.00,58.00,43.50,0.00,0.00,0.00,0.00,0.00
102.00,62.30,43.90,0.00,0.00,0.00,0.00,0.00
98.80,61.40,40.30,0.00,0.00,0.00,0.00,0.00
99.30,59.10,42.60,0.00,0.00,0.00,0.00,0.00
104.30,62.90,45.50,0.00,0.00,0.00,0.00,0.00
94.30,58.50,40.70,0.00,0.00,0.00,0.00,0.00
101.70,59.20,43.10,0.00,0.00,0.00,0.00,0.00
101.70,62.80,43.60,0.00,0.00,0.00,0.00,0.00
102.00,63.60,40.00,0.00,0.00,0.00,0.00,0.00
96.70,58.70,43.70,0.00,0.00,0.00,0.00,0.00
74.50,18.60,37.20,0.00,0.00,0.00,0.00,0.00
107.00,66.70,49.70,0.00,0.00,0.00,0.00,0.00
102.00,64.70,44.10,0.00,0.00,0.00,0.00,0.00
94.00,57.00,37.60,0.00,0.00,0.00,0.00,0.00
96.90,60.90,43.70,0.00,0.00,0.00,0.00,0.00
99.60,57.50,42.10,0.00,0.00,0.00,0.00,0.00
95.70,56.20,39.90,0.00,0.00,0.00,0.00,0.00
100.90,62.00,45.50,0.00,0.00,0.00,0.00,0.00
96.00,59.00,40.90,0.00,0.00,0.00,0.00,0.00
87.30,53.00,36.90,0.00,0.00,0.00,0.00,0.00
95.80,60.00,38.80,0.00,0.00,0.00,0.00,0.00
94.00,55.90,40.00,0.00,0.00,0.00,0.00,0.00
93.80,58.60,40.80,0.00,0.00,0.00,0.00,0.00
97.40,58.10,39.40,0.00,0.00,0.00,0.00,0.00
94.90,59.50,41.80,0.00,0.00,0.00,0.00,0.00
94.40,56.60,38.50,0.00,0.00,0.00,0.00,0.00
90.80,54.10,37.30,0.00,0.00,0.00,0.00,0.00
88.10,55.70,35.70,0.00,0.00,0.00,0.00,0.00
85.70,53.50,37.30,0.00,0.00,0.00,0.00,0.00
91.50,56.40,37.40,0.00,0.00,0.00,0.00,0.00
86.10,54.80,35.80,0.00,0.00,0.00,0.00,0.00
90.80,56.60,37.90,0.00,0.00,0.00,0.00,0.00
93.80,60.50,39.20,0.00,0.00,0.00,0.00,0.00
88.60,53.90,36.70,0.00,0.00,0.00,0.00,0.00
88.00,56.80,36.20,0.00,0.00,0.00,0.00,0.00
92.00,55.90,39.00,0.00,0.00,0.00,0.00,0.00
90.80,57.90,36.70,0.00,0.00,0.00,0.00,0.00
90.30,56.30,36.80,0.00,0.00,0.00,0.00,0.00
89.00,56.60,37.50,0.00,0.00,0.00,0.00,0.00
94.10,57.50,38.80,0.00,0.00,0.00,0.00,0.00
112.00,68.30,43.40,0.00,0.00,0.00,0.00,0.00
106.20,63.50,45.20,0.00,0.00,0.00,0.00,0.00
104.40,65.10,45.50,0.00,0.00,0.00,0.00,0.00
97.40,58.30,41.60,0.00,0.00,0.00,0.00,0.00
101.00,60.30,44.60,0.00,0.00,0.00,0.00,0.00
99.90,61.60,42.50,0.00,0.00,0.00,0.00,0.00
100.50,62.20,44.60,0.00,0.00,0.00,0.00,0.00
103.10,61.10,44.30,0.00,0.00,0.00,0.00,0.00
99.20,61.00,41.80,0.00,0.00,0.00,0.00,0.00
90.80,51.90,36.50,0.00,0.00,0.00,0.00,0.00
97.20,60.40,42.50,0.00,0.00,0.00,0.00,0.00
99.20,61.50,41.30,0.00,0.00,0.00,0.00,0.00
96.70,59.50,43.70,0.00,0.00,0.00,0.00,0.00
97.60,61.00,41.90,0.00,0.00,0.00,0.00,0.00
98.50,60.90,41.30,0.00,0.00,0.00,0.00,0.00
97.80,61.90,41.10,0.00,0.00,0.00,0.00,0.00
94.10,57.40,39.90,0.00,0.00,0.00,0.00,0.00
94.00,58.90,41.60,0.00,0.00,0.00,0.00,0.00
97.90,59.50,41.40,0.00,0.00,0.00,0.00,0.00
99.20,62.10,42.10,0.00,0.00,0.00,0.00,0.00
98.80,60.60,43.60,0.00,0.00,0.00,0.00,0.00
99.20,59.90,40.00,0.00,0.00,0.00,0.00,0.00
96.70,60.60,42.50,0.00,0.00,0.00,0.00,0.00
97.90,58.20,41.90,0.00,0.00,0.00,0.00,0.00
99.30,60.20,43.90,0.00,0.00,0.00,0.00,0.00
98.50,60.10,40.80,0.00,0.00,0.00,0.00,0.00
96.90,57.90,42.10,0.00,0.00,0.00,0.00,0.00
94.30,59.00,38.90,0.00,0.00,0.00,0.00,0.00
101.00,62.30,43.00,0.00,0.00,0.00,0.00,0.00
96.90,59.50,41.60,0.00,0.00,0.00,0.00,0.00
93.20,55.80,24.80,0.00,0.00,0.00,0.00,0.00
107.40,65.20,49.40,0.00,0.00,0.00,0.00,0.00
110.90,66.30,47.30,0.00,0.00,0.00,0.00,0.00
92.00,58.20,38.40,0.00,0.00,0.00,0.00,0.00
84.80,48.10,32.80,0.00,0.00,0.00,0.00,0.00
89.70,55.30,37.10,0.00,0.00,0.00,0.00,0.00
96.90,60.70,39.50,0.00,0.00,0.00,0.00,0.00
93.60,57.50,37.80,0.00,0.00,0.00,0.00,0.00
94.60,57.00,39.30,0.00,0.00,0.00,0.00,0.00
94.80,58.70,38.90,0.00,0.00,0.00,0.00,0.00
100.70,59.70,43.30,0.00,0.00,0.00,0.00,0.00
93.70,55.90,38.20,0.00,0.00,0.00,0.00,0.00
92.40,57.80,38.70,0.00,0.00,0.00,0.00,0.00
88.50,53.20,35.30,0.00,0.00,0.00,0.00,0.00
95.80,61.40,38.70,0.00,0.00,0.00,0.00,0.00
93.10,56.30,39.70,0.00,0.00,0.00,0.00,0.00
88.70,53.60,36.70,0.00,0.00,0.00,0.00,0.00
92.70,55.40,38.70,0.00,0.00,0.00,0.00,0.00
92.60,56.50,37.30,0.00,0.00,0.00,0.00,0.00
90.70,53.90,37.20,0.00,0.00,0.00,0.00,0.00
86.30,52.70,34.50,0.00,0.00,0.00,0.00,0.00
92.90,56.10,37.80,0.00,0.00,0.00,0.00,0.00
86.40,52.20,33.90,0.00,0.00,0.00,0.00,0.00
87.20,54.60,34.10,0.00,0.00,0.00,0.00,0.00
85.70,50.40,33.90,0.00,0.00,0.00,0.00,0.00
92.60,58.90,40.40,0.00,0.00,0.00,0.00,0.00
88.60,52.80,34.40,0.00,0.00,0.00,0.00,0.00
89.30,56.70,37.30,0.00,0.00,0.00,0.00,0.00
91.40,55.20,36.60,0.00,0.00,0.00,0.00,0.00
89.90,56.80,37.80,0.00,0.00,0.00,0.00,0.00
87.10,37.30,31.00,0.00,0.00,0.00,0.00,0.00
73.40,44.80,30.20,0.00,0.00,0.00,0.00,0.00
83.20,50.50,35.00,0.00,0.00,0.00,0.00,0.00
90.80,51.80,37.40,0.00,0.00,0.00,0.00,0.00
83.80,49.80,33.10,0.00,0.00,0.00,0.00,0.00
88.00,52.60,35.90,0.00,0.00,0.00,0.00,0.00
85.90,49.50,35.60,0.00,0.00,0.00,0.00,0.00
88.70,52.90,37.90,0.00,0.00,0.00,0.00,0.00
87.20,52.50,35.30,0.00,0.00,0.00,0.00,0.00
87.60,51.50,37.20,0.00,0.00,0.00,0.00,0.00
84.30,51.00,35.40,0.00,0.00,0.00,0.00,0.00
85.00,54.60,36.30,0.00,0.00,0.00,0.00,0.00
86.70,49.20,36.20,0.00,0.00,0.00,0.00,0.00
83.60,53.90,34.40,0.00,0.00,0.00,0.00,0.00
82.60,51.50,35.40,0.00,0.00,0.00,0.00,0.00
85.70,52.10,34.20,0.00,0.00,0.00,0.00,0.00
87.70,53.10,37.60,0.00,0.00,0.00,0.00,0.00
86.90,55.50,37.00,0.00,0.00,0.00,0.00,0.00
88.60,54.60,37.20,0.00,0.00,0.00,0.00,0.00
87.10,53.80,39.50,0.00,0.00,0.00,0.00,0.00
83.00,49.80,33.80,0.00,0.00,0.00,0.00,0.00
81.80,52.40,33.40,0.00,0.00,0.00,0.00,0.00
89.00,55.70,37.80,0.00,0.00,0.00,0.00,0.00
81.50,48.40,32.50,0.00,0.00,0.00,0.00,0.00
88.10,52.30,36.40,0.00,0.00,0.00,0.00,0.00
84.20,51.50,35.00,0.00,0.00,0.00,0.00,0.00
89.00,54.70,37.30,0.00,0.00,0.00,0.00,0.00
85.50,51.90,35.30,0.00,0.00,0.00,0.00,0.00
85.70,52.20,34.90,0.00,0.00,0.00,0.00,0.00
87.20,51.70,36.50,0.00,0.00,0.00,0.00,0.00
74.60,43.40,24.80,0.00,0.00,0.00,0.00,0.00
78.30,48.70,31.90,0.00,0.00,0.00,0.00,0.00
93.70,57.60,41.70,0.00,0.00,0.00,0.00,0.00
87.10,55.10,35.00,0.00,0.00,0.00,0.00,0.00
91.90,58.40,41.80,0.00,0.00,0.00,0.00,0.00
92.70,58.20,40.40,0.00,0.00,0.00,0.00,0.00
89.50,56.60,37.80,0.00,0.00,0.00,0.00,0.00
90.50,57.80,38.80,0.00,0.00,0.00,0.00,0.00
94.90,58.90,42.00,0.00,0.00,0.00,0.00,0.00
89.20,56.30,37.30,0.00,0.00,0.00,0.00,0.00
89.80,56.90,37.60,0.00,0.00,0.00,0.00,0.00
84.10,55.30,35.60,0.00,0.00,0.00,0.00,0.00
89.70,54.80,37.60,0.00,0.00,0.00,0.00,0.00
93.10,58.10,40.40,0.00,0.00,0.00,0.00,0.00
91.20,57.30,39.80,0.00,0.00,0.00,0.00,0.00
89.30,56.40,37.80,0.00,0.00,0.00,0.00,0.00
88.80,56.60,38.30,0.00,0.00,0.00,0.00,0.00
88.70,55.80,37.00,0.00,0.00,0.00,0.00,0.00
86.30,52.80,35.20,0.00,0.00,0.00,0.00,0.00
90.50,58.90,39.40,0.00,0.00,0.00,0.00,0.00
93.60,58.70,41.70,0.00,0.00,0.00,0.00,0.00
88.10,57.10,38.10,0.00,0.00,0.00,0.00,0.00
89.00,55.80,37.50,0.00,0.00,0.00,0.00,0.00
91.60,58.50,40.30,0.00,0.00,0.00,0.00,0.00
89.40,57.50,38.40,0.00,0.00,0.00,0.00,0.00
93.30,58.90,39.90,0.00,0.00,0.00,0.00,0.00
90.90,57.40,40.90,0.00,0.00,0.00,0.00,0.00
86.70,58.30,36.10,0.00,0.00,0.00,0.00,0.00
91.00,56.90,39.00,0.00,0.00,0.00,0.00,0.00
90.20,57.90,38.30,0.00,0.00,0.00,0.00,0.00
87.00,43.40,18.60,0.00,0.00,0.00,0.00,0.00
88.10,54.80,38.20,0.00,0.00,0.00,0.00,0.00
91.00,58.00,37.90,0.00,0.00,0.00,0.00,0.00
93.10,55.90,39.70,0.00,0.00,0.00,0.00,0.00
98.30,60.90,42.90,0.00,0.00,0.00,0.00,0.00
74.70,44.90,30.10,0.00,0.00,0.00,0.00,0.00
82.60,50.30,33.50,0.00,0.00,0.00,0.00,0.00
80.10,46.10,32.20,0.00,0.00,0.00,0.00,0.00
82.70,47.50,32.50,0.00,0.00,0.00,0.00,0.00
81.20,48.40,32.20,0.00,0.00,0.00,0.00,0.00
81.10,47.00,32.70,0.00,0.00,0.00,0.00,0.00
83.70,48.60,34.60,0.00,0.00,0.00,0.00,0.00
81.40,49.30,32.40,0.00,0.00,0.00,0.00,0.00
87.00,50.60,35.20,0.00,0.00,0.00,0.00,0.00
78.30,44.80,31.20,0.00,0.00,0.00,0.00,0.00
81.70,48.80,31.30,0.00,0.00,0.00,0.00,0.00
81.00,47.20,32.90,0.00,0.00,0.00,0.00,0.00
84.00,49.80,35.00,0.00,0.00,0.00,0.00,0.00
84.10,48.90,34.20,0.00,0.00,0.00,0.00,0.00
78.70,48.70,31.40,0.00,0.00,0.00,0.00,0.00
85.30,50.00,32.90,0.00,0.00,0.00,0.00,0.00
81.70,46.90,32.30,0.00,0.00,0.00,0.00,0.00
81.00,47.30,33.00,0.00,0.00,0.00,0.00,0.00
77.20,46.20,30.30,0.00,0.00,0.00,0.00,0.00
85.30,49.60,35.60,0.00,0.00,0.00,0.00,0.00
82.40,47.20,34.10,0.00,0.00,0.00,0.00,0.00
82.40,48.20,32.90,0.00,0.00,0.00,0.00,0.00
78.20,44.80,32.50,0.00,0.00,0.00,0.00,0.00
78.60,45.90,31.20,0.00,0.00,0.00,0.00,0.00
86.70,48.00,34.60,0.00,0.00,0.00,0.00,0.00
56.00,24.90,31.10,0.00,0.00,0.00,0.00,0.00
57.50,36.50,22.50,0.00,0.00,0.00,0.00,0.00
79.00,48.10,31.90,0.00,0.00,0.00,0.00,0.00
79.90,47.40,32.30,0.00,0.00,0.00,0.00,0.00
78.20,46.30,31.80,0.00,0.00,0.00,0.00,0.00
83.10,49.90,34.60,0.00,0.00,0.00,0.00,0.00
75.70,46.40,31.30,0.00,0.00,0.00,0.00,0.00
77.90,47.70,31.60,0.00,0.00,0.00,0.00,0.00
75.20,44.40,29.20,0.00,0.00,0.00,0.00,0.00
79.10,47.70,32.80,0.00,0.00,0.00,0.00,0.00
82.40,48.00,33.30,0.00,0.00,0.00,0.00,0.00
79.00,47.60,31.90,0.00,0.00,0.00,0.00,0.00
82.20,46.70,33.10,0.00,0.00,0.00,0.00,0.00
79.90,47.70,32.70,0.00,0.00,0.00,0.00,0.00
83.10,46.80,32.90,0.00,0.00,0.00,0.00,0.00
77.10,44.00,28.30,0.00,0.00,0.00,0.00,0.00
78.60,46.70,31.90,0.00,0.00,0.00,0.00,0.00
78.80,46.90,30.60,0.00,0.00,0.00,0.00,0.00
79.40,47.00,31.90,0.00,0.00,0.00,0.00,0.00
82.30,46.60,32.90,0.00,0.00,0.00,0.00,0.00
82.00,48.90,32.30,0.00,0.00,0.00,0.00,0.00
77.70,47.10,31.30,0.00,0.00,0.00,0.00,0.00
79.50,46.80,31.00,0.00,0.00,0.00,0.00,0.00
81.30,48.30,33.00,0.00,0.00,0.00,0.00,0.00
80.00,48.20,32.40,0.00,0.00,0.00,0.00,0.00
79.40,45.60,31.00,0.00,0.00,0.00,0.00,0.00
79.90,46.70,31.20,0.00,0.00,0.00,0.00,0.00
81.50,46.80,32.50,0.00,0.00,0.00,0.00,0.00
80.70,48.30,31.40,0.00,0.00,0.00,0.00,0.00
79.50,45.90,33.30,0.00,0.00,0.00,0.00,0.00
68.40,68.30,31.00,0.00,0.00,0.00,0.00,0.00
73.10,42.90,29.40,0.00,0.00,0.00,0.00,0.00
81.10,47.50,34.50,0.00,0.00,0.00,0.00,0.00
84.00,49.90,33.90,0.00,0.00,0.00,0.00,0.00
77.30,44.40,31.00,0.00,0.00,0.00,0.00,0.00
87.30,51.00,35.80,0.00,0.00,0.00,0.00,0.00
83.00,47.90,33.60,0.00,0.00,0.00,0.00,0.00
84.50,50.70,36.30,0.00,0.00,0.00,0.00,0.00
87.80,51.60,36.80,0.00,0.00,0.00,0.00,0.00
86.00,49.90,34.50,0.00,0.00,0.00,0.00,0.00
78.50,46.80,31.70,0.00,0.00,0.00,0.00,0.00
85.30,49.30,36.70,0.00,0.00,0.00,0.00,0.00
73.40,42.90,27.40,0.00,0.00,0.00,0.00,0.00
87.30,51.20,37.10,0.00,0.00,0.00,0.00,0.00
86.40,51.70,36.30,0.00,0.00,0.00,0.00,0.00
84.90,51.40,34.40,0.00,0.00,0.00,0.00,0.00
83.30,48.60,34.20,0.00,0.00,0.00,0.00,0.00
85.10,49.30,37.10,0.00,0.00,0.00,0.00,0.00
82.80,48.60,32.40,0.00,0.00,0.00,0.00,0.00
81.10,47.60,34.70,0.00,0.00,0.00,0.00,0.00
81.60,45.60,34.00,0.00,0.00,0.00,0.00,0.00
78.10,46.90,32.70,0.00,0.00,0.00,0.00,0.00
86.60,50.10,36.60,0.00,0.00,0.00,0.00,0.00
83.00,47.00,35.70,0.00,0.00,0.00,0.00,0.00
80.30,46.20,31.20,0.00,0.00,0.00,0.00,0.00
83.70,50.80,34.60,0.00,0.00,0.00,0.00,0.00
86.70,49.50,36.00,0.00,0.00,0.00,0.00,0.00
82.10,46.70,31.00,0.00,0.00,0.00,0.00,0.00
82.90,50.10,36.50,0.00,0.00,0.00,0.00,0.00
78.30,44.80,32.00,0.00,0.00,0.00,0.00,0.00
43.60,55.90,31.00,0.00,0.00,0.00,0.00,0.00
69.20,41.20,28.40,0.00,0.00,0.00,0.00,0.00
82.70,49.20,35.10,0.00,0.00,0.00,0.00,0.00
82.00,48.60,34.90,0.00,0.00,0.00,0.00,0.00
79.30,47.10,33.00,0.00,0.00,0.00,0.00,0.00
83.90,49.10,34.70,0.00,0.00,0.00,0.00,0.00
82.10,50.00,35.70,0.00,0.00,0.00,0.00,0.00
80.00,47.60,34.30,0.00,0.00,0.00,0.00,0.00
85.00,49.80,36.30,0.00,0.00,0.00,0.00,0.00
83.00,47.40,33.30,0.00,0.00,0.00,0.00,0.00
84.20,51.10,36.10,0.00,0.00,0.00,0.00,0.00
82.70,48.10,34.20,0.00,0.00,0.00,0.00,0.00
82.90,48.00,34.60,0.00,0.00,0.00,0.00,0.00
83.90,48.70,34.50,0.00,0.00,0.00,0.00,0.00
83.70,49.50,34.60,0.00,0.00,0.00,0.00,0.00
82.80,49.40,33.70,0.00,0.00,0.00,0.00,0.00
81.50,48.80,33.50,0.00,0.00,0.00,0.00,0.00
81.60,48.10,34.20,0.00,0.00,0.00,0.00,0.00
83.30,47.20,33.10,0.00,0.00,0.00,0.00,0.00
82.10,49.90,34.30,0.00,0.00,0.00,0.00,0.00
85.60,47.90,34.40,0.00,0.00,0.00,0.00,0.00
79.90,47.80,32.00,0.00,0.00,0.00,0.00,0.00
86.00,48.80,34.60,0.00,0.00,0.00,0.00,0.00
82.00,48.10,35.40,0.00,0.00,0.00,0.00,0.00
82.80,47.90,33.10,0.00,0.00,0.00,0.00,0.00
84.70,47.90,34.30,0.00,0.00,0.00,0.00,0.00
83.00,48.80,35.10,0.00,0.00,0.00,0.00,0.00
80.40,49.30,31.20,0.00,0.00,0.00,0.00,0.00
80.80,45.70,32.40,0.00,0.00,0.00,0.00,0.00
83.00,48.50,34.30,0.00,0.00,0.00,0.00,0.00
