#reactor,crimson-osd
362.40,87.50
663.50,90.10
655.30,89.70
631.30,89.40
653.70,94.00
655.60,92.10
662.70,93.00
666.30,94.40
653.80,94.70
656.60,95.30
648.30,90.10
658.10,91.10
662.10,93.40
660.40,92.40
644.00,93.00
658.50,91.70
657.50,93.00
663.20,94.00
662.90,85.40
655.80,91.70
658.30,94.70
643.20,93.00
657.40,93.70
660.60,90.00
657.50,86.10
666.00,92.40
662.10,92.70
663.90,95.40
661.70,94.40
642.40,85.40
675.00,93.80
663.00,93.40
663.30,94.00
664.10,93.40
665.10,91.70
659.20,93.00
659.60,93.40
665.80,94.00
655.60,91.70
654.80,90.40
650.40,91.40
663.60,92.70
664.80,92.00
663.40,91.70
651.60,91.10
664.00,93.70
666.40,91.70
661.00,91.40
662.40,92.00
656.50,93.00
651.40,93.70
654.60,93.70
659.30,93.40
657.70,93.40
663.10,92.10
661.50,95.30
663.60,93.00
664.70,92.10
666.80,94.00
657.40,94.70
662.60,93.80
647.90,89.40
660.80,94.00
658.50,91.40
657.60,92.70
665.30,92.70
665.10,91.70
658.40,93.70
657.40,87.70
651.60,91.40
662.20,91.40
653.40,92.10
667.00,89.70
661.00,92.70
654.60,91.10
665.30,92.00
651.20,93.70
656.10,91.70
655.60,90.70
642.50,91.40
655.50,95.00
660.30,95.00
657.60,91.10
644.40,92.70
657.80,93.70
671.60,94.40
653.90,91.10
660.30,94.00
654.90,91.00
658.70,89.10
630.90,87.50
650.50,94.00
655.20,94.40
655.50,92.40
652.10,90.70
657.10,93.70
654.80,90.70
658.80,93.00
660.00,92.00
621.80,88.40
636.40,85.40
653.30,92.10
656.20,92.40
629.80,86.40
654.80,90.40
653.40,90.10
656.00,94.70
657.30,93.00
648.90,88.00
651.00,93.00
661.10,94.70
660.70,94.40
652.60,93.00
654.10,91.70
649.20,90.70
654.90,93.70
649.40,93.40
650.60,94.70
658.40,92.70
654.80,92.10
674.90,87.50
645.70,89.70
647.60,92.70
657.60,94.00
659.00,91.40
659.50,91.70
654.50,94.40
658.20,91.70
654.00,93.40
648.60,92.40
642.80,90.40
653.90,84.40
651.10,92.70
661.90,91.40
654.20,88.70
641.40,91.70
660.80,94.00
661.60,89.10
647.00,91.40
654.60,92.10
662.10,93.40
646.20,95.00
641.00,91.10
630.20,89.00
647.00,92.40
663.10,94.00
655.10,94.40
636.70,90.70
661.10,94.00
648.80,92.70
668.80,99.90
656.30,93.00
661.40,93.00
657.60,93.40
657.40,93.00
658.20,91.40
668.20,91.70
652.50,92.70
653.00,93.00
643.50,84.10
648.90,92.10
643.50,88.70
659.20,93.40
667.40,91.40
670.50,95.00
667.90,92.40
667.70,94.00
673.60,94.70
666.70,92.40
674.60,94.70
648.40,92.10
622.60,89.10
666.50,94.40
662.30,92.40
645.60,92.10
651.30,94.40
658.80,94.00
660.40,93.40
664.50,93.70
654.20,92.10
668.90,93.80
648.50,94.00
664.80,93.40
636.80,90.10
657.40,93.70
656.10,93.40
654.50,93.70
661.10,90.00
630.60,91.40
650.40,94.70
649.30,90.10
635.90,86.10
660.10,92.70
656.20,90.10
663.10,92.00
664.90,91.10
654.70,90.70
664.70,91.00
640.60,91.10
640.00,89.40
649.20,94.00
662.80,94.40
641.60,93.70
645.20,93.00
661.60,93.40
650.90,92.40
619.30,90.70
662.90,92.40
635.20,89.70
654.50,93.40
668.60,99.90
666.00,94.70
653.20,92.10
655.90,90.10
647.20,93.00
658.40,91.70
663.50,92.40
650.80,89.10
650.70,91.70
654.80,90.10
659.30,86.70
649.50,92.40
668.20,92.70
657.60,87.40
665.30,89.40
667.10,92.10
669.10,93.00
661.70,90.40
659.60,92.40
639.90,89.70
658.20,93.00
654.90,91.40
656.20,92.40
665.30,95.00
637.60,92.10
651.90,92.70
652.10,91.40
644.50,85.10
661.20,93.40
660.80,94.70
674.70,93.80
666.10,95.30
661.50,94.00
663.60,91.70
670.60,94.00
661.10,93.70
662.40,94.00
666.80,94.00
667.80,92.70
654.50,94.00
665.60,94.00
658.90,92.70
656.50,89.40
655.50,91.40
658.00,89.70
664.40,93.40
656.60,94.70
666.30,91.40
666.00,91.40
664.50,94.00
658.60,95.30
660.50,93.00
661.10,93.40
663.30,91.40
665.40,94.00
667.20,92.40
659.50,94.40
658.00,94.40
664.30,92.40
650.30,93.00
644.00,99.90
669.00,93.00
663.30,94.00
658.10,93.70
669.70,95.00
657.70,93.00
672.60,91.40
664.80,90.40
661.20,93.70
657.00,92.00
652.90,92.10
657.70,93.00
654.30,92.00
654.20,87.70
661.80,89.40
656.30,94.40
655.90,85.80
666.50,92.00
664.10,92.70
662.50,93.70
667.00,95.70
662.50,94.70
662.20,94.70
665.00,93.70
656.40,92.10
657.40,93.70
647.30,93.70
669.00,93.40
667.40,92.40
659.50,95.00
693.40,99.90
667.60,94.00
657.50,94.00
657.60,93.70
661.10,92.40
661.30,91.00
661.00,91.70
656.70,93.00
660.80,92.70
631.00,87.40
638.00,90.00
627.10,90.70
620.40,90.10
652.40,93.40
656.00,94.40
643.10,92.70
655.60,91.40
650.80,93.40
657.20,93.40
651.20,91.10
655.60,94.00
648.80,93.40
660.00,92.70
653.70,93.40
653.20,93.70
641.10,94.70
652.20,91.70
655.20,93.00
638.80,90.40
648.30,91.70
635.10,88.20
663.80,95.30
670.30,94.70
665.60,93.70
668.00,94.40
668.60,94.70
667.80,94.70
671.30,95.00
671.90,95.40
676.60,95.30
670.40,94.40
675.80,94.40
674.70,94.70
674.80,95.00
675.60,94.00
672.10,94.70
674.20,95.40
672.20,95.00
670.20,94.70
676.30,95.30
672.70,94.70
665.00,93.00
664.50,95.30
665.50,94.70
676.00,95.00
661.50,94.70
655.80,94.00
645.00,92.10
663.60,94.70
666.10,93.00
643.40,93.80
647.90,91.70
653.60,95.00
660.60,94.70
657.10,91.00
666.40,94.70
658.30,94.00
661.80,94.70
666.90,94.40
645.70,88.70
656.80,90.70
667.50,94.40
669.20,94.40
664.40,93.40
658.10,94.40
662.60,92.40
651.60,93.70
659.50,94.70
652.70,93.70
663.00,94.40
651.20,94.70
654.20,93.00
629.80,94.70
645.10,93.70
661.60,93.40
641.80,91.40
646.90,95.00
646.20,94.00
653.00,92.10
649.60,90.70
643.90,99.90
671.60,93.70
665.60,93.40
641.70,94.70
663.10,95.30
649.20,93.40
645.90,94.00
666.20,93.40
654.10,93.40
630.90,94.40
637.60,93.00
645.20,92.70
645.80,92.00
638.50,93.40
649.80,94.00
638.80,93.70
624.40,94.00
607.40,93.00
614.60,92.00
602.60,93.70
593.60,95.30
618.50,93.00
612.10,94.40
600.90,91.40
612.00,93.40
608.80,93.00
610.10,94.00
608.60,93.40
603.00,93.00
615.80,94.40
705.60,99.90
660.30,92.40
657.10,94.00
659.40,91.40
650.00,93.40
654.20,89.70
656.80,93.40
657.00,93.40
645.80,90.40
624.40,90.70
634.20,90.40
646.80,93.70
645.70,92.40
636.20,92.70
632.20,92.70
624.20,94.00
620.60,91.70
635.20,93.40
646.30,93.00
650.00,93.70
649.10,93.40
642.60,93.70
644.40,94.00
631.10,92.40
650.20,93.00
637.50,90.00
639.20,94.40
625.80,92.00
648.80,93.70
629.00,90.70
668.60,93.80
667.40,94.70
667.20,94.70
625.70,93.00
594.40,92.70
596.40,89.40
620.20,93.00
609.00,94.40
616.90,93.70
612.60,91.00
639.00,93.00
620.40,90.40
620.90,93.00
593.70,89.00
631.30,93.40
605.20,93.70
603.60,91.70
622.80,92.00
638.70,93.00
612.10,91.70
590.40,93.70
621.40,92.70
556.50,90.40
594.00,92.70
589.60,91.70
612.00,93.70
591.00,92.40
581.10,86.70
604.90,92.00
601.30,94.40
606.40,99.90
610.10,92.10
584.70,93.00
615.90,93.40
588.00,92.00
617.00,93.30
615.50,93.00
626.20,93.70
592.40,93.40
597.50,93.70
586.00,92.40
587.70,93.40
594.30,93.40
587.40,91.70
579.10,94.40
604.70,92.00
613.80,93.70
616.30,94.00
614.90,94.00
609.00,93.40
569.90,94.70
579.10,92.00
612.00,94.00
577.00,93.00
591.30,94.40
595.00,91.40
632.40,93.40
599.40,93.70
600.80,91.70
594.60,94.00
643.70,93.80
652.60,94.00
638.50,94.70
614.60,93.00
640.40,94.40
633.50,93.70
641.60,93.00
636.60,92.40
652.00,94.00
616.50,94.00
622.30,93.70
608.00,93.70
622.00,94.40
637.00,94.40
635.20,94.40
623.40,93.40
631.20,95.30
625.40,90.70
622.20,93.00
639.60,93.00
634.40,93.40
624.40,94.70
607.20,92.70
625.80,94.70
631.10,93.00
643.90,94.70
626.10,92.70
608.60,93.40
639.90,93.40
634.10,92.40
631.10,99.90
646.30,94.40
616.90,92.70
632.90,93.40
640.20,94.40
576.10,88.40
576.40,80.70
562.50,78.70
570.00,88.70
559.30,82.70
571.10,87.70
587.10,90.70
574.20,85.40
610.50,88.40
565.60,85.70
573.00,80.70
566.70,87.70
571.90,89.00
583.10,83.10
549.90,83.70
580.30,88.00
578.10,81.10
579.90,89.70
565.80,78.70
589.60,87.70
572.50,82.10
576.20,88.00
557.90,80.70
547.80,82.10
591.70,87.40
462.60,99.90
533.50,88.40
549.80,93.00
557.50,93.40
549.20,94.40
560.90,93.30
560.40,94.40
546.50,93.40
509.30,91.70
564.20,93.30
575.60,94.70
543.80,94.00
551.70,92.70
552.30,95.00
560.80,94.00
498.00,93.40
548.50,93.70
546.00,93.70
539.40,94.00
562.80,93.70
553.40,93.00
532.50,94.40
537.80,94.00
547.20,93.00
561.70,94.30
539.20,93.70
567.50,92.70
559.30,93.30
550.70,94.70
545.20,93.70
662.70,68.80
624.60,73.50
612.30,58.10
636.90,76.10
585.60,57.00
622.20,72.40
595.30,70.10
633.50,62.80
637.10,68.40
628.20,71.70
603.70,60.10
625.60,66.80
559.10,59.50
625.20,72.80
618.90,73.10
615.40,56.80
615.80,61.70
627.90,78.40
603.60,65.80
617.90,67.80
598.90,61.80
583.30,59.00
625.90,73.40
611.80,74.10
602.60,55.80
613.70,54.80
641.90,82.70
601.20,62.00
626.10,60.50
593.10,70.40
600.10,93.80
604.80,91.70
606.00,93.40
623.80,93.00
587.70,92.70
616.20,94.40
617.80,93.40
584.80,93.70
598.30,94.40
582.30,94.70
600.20,93.70
603.00,92.00
605.60,93.00
610.90,94.30
604.00,93.70
595.40,93.40
584.80,94.40
600.70,94.40
595.80,93.70
604.90,89.00
610.50,94.40
589.30,92.40
601.40,94.40
593.60,94.70
602.30,94.40
606.20,93.40
603.00,93.40
596.60,93.30
601.60,90.40
599.20,93.70
