#msgr-worker,io_context_pool,fio,log,ceph_timer,ms_dispatch,safe_timer,taskfin_librbd
0.00,0.00,0.00,0.00,0.00,0.00,0.00,0.00
119.40,65.60,41.00,0.00,0.00,0.00,0.00,0.00
110.20,64.90,36.30,0.00,0.00,0.00,0.00,0.00
113.50,63.80,39.70,0.00,0.00,0.00,0.00,0.00
115.10,65.30,38.30,0.00,0.00,0.00,0.00,0.00
112.90,65.00,39.80,0.00,0.00,0.00,0.00,0.00
115.80,64.30,38.70,0.00,0.00,0.00,0.00,0.00
115.90,68.30,39.20,0.00,0.00,0.00,0.00,0.00
125.50,69.20,44.40,0.00,0.00,0.00,0.00,0.00
145.20,75.70,46.00,0.00,0.00,0.00,0.00,0.00
150.00,75.80,50.40,0.00,0.00,0.00,0.00,0.00
144.80,76.20,47.80,0.00,0.00,0.00,0.00,0.00
143.30,79.80,47.20,0.00,0.00,0.00,0.00,0.00
131.70,74.20,44.40,0.00,0.00,0.00,0.00,0.00
125.70,70.70,44.80,0.00,0.00,0.00,0.00,0.00
155.40,81.30,53.20,0.00,0.00,0.00,0.00,0.00
157.30,89.30,51.30,0.00,0.00,0.00,0.00,0.00
119.50,68.80,44.70,0.00,0.00,0.00,0.00,0.00
120.10,70.80,43.10,0.00,0.00,0.00,0.00,0.00
131.80,76.90,43.90,0.00,0.00,0.00,0.00,0.00
137.50,74.70,47.60,0.00,0.00,0.00,0.00,0.00
101.60,63.10,38.00,0.00,0.00,0.00,0.00,0.00
117.90,71.90,40.40,0.00,0.00,0.00,0.00,0.00
150.10,84.70,52.00,0.00,0.00,0.00,0.00,0.00
152.70,88.90,55.00,0.00,0.00,0.00,0.00,0.00
160.50,94.70,55.60,0.00,0.00,0.00,0.00,0.00
129.80,77.10,44.20,0.00,0.00,0.00,0.00,0.00
72.70,45.10,27.10,0.00,0.00,0.00,0.00,0.00
24.50,12.20,9.10,0.00,0.00,0.00,0.00,0.00
0.30,0.00,0.30,0.00,0.00,0.00,0.00,0.00
43.50,68.20,24.80,0.00,0.00,0.00,0.00,0.00
121.10,66.70,40.40,0.00,0.00,0.00,0.00,0.00
116.10,70.20,39.20,0.00,0.00,0.00,0.00,0.00
115.30,69.50,38.40,0.00,0.00,0.00,0.00,0.00
97.30,59.40,35.50,0.00,0.00,0.00,0.00,0.00
84.50,50.20,30.10,0.00,0.00,0.00,0.00,0.00
47.70,23.20,16.10,0.00,0.00,0.00,0.00,0.00
6.00,3.00,2.60,0.00,0.00,0.00,0.00,0.00
0.00,0.00,0.00,0.00,0.00,0.00,0.00,0.00
1.20,0.00,0.70,0.00,0.00,0.00,0.00,0.00
0.00,0.00,0.00,0.00,0.00,0.00,0.00,0.00
0.30,0.00,0.30,0.00,0.00,0.00,0.00,0.00
0.00,0.00,0.70,0.00,0.00,0.00,0.00,0.00
0.00,0.00,0.00,0.00,0.00,0.00,0.00,0.00
0.00,0.00,0.30,0.00,0.00,0.00,0.00,0.00
0.00,0.00,0.30,0.00,0.00,0.00,0.00,0.00
0.00,0.00,0.30,0.00,0.00,0.00,0.00,0.00
0.00,0.00,1.00,0.00,0.00,0.00,0.00,0.00
0.30,0.00,0.00,0.00,0.00,0.00,0.00,0.00
0.00,0.00,0.70,0.00,0.00,0.00,0.00,0.00
0.00,0.00,0.30,0.00,0.00,0.00,0.00,0.00
0.00,0.00,0.00,0.00,0.00,0.00,0.00,0.00
0.00,0.00,0.00,0.00,0.00,0.00,0.00,0.00
0.00,0.00,0.00,0.00,0.00,0.00,0.00,0.00
0.00,0.00,0.00,0.00,0.00,0.00,0.00,0.00
0.00,0.00,0.00,0.00,0.00,0.00,0.00,0.00
0.00,0.00,0.00,0.00,0.00,0.00,0.00,0.00
0.00,0.00,0.00,0.00,0.00,0.00,0.00,0.00
0.00,0.00,0.00,0.00,0.00,0.00,0.00,0.00
0.00,0.00,0.00,0.00,0.00,0.00,0.00,0.00
55.80,49.60,24.80,0.00,0.00,0.00,0.00,0.00
126.80,74.20,42.40,0.00,0.00,0.00,0.00,0.00
130.90,71.50,42.40,0.00,0.00,0.00,0.00,0.00
138.20,77.50,49.10,0.00,0.00,0.00,0.00,0.00
140.30,78.20,45.40,0.00,0.00,0.00,0.00,0.00
131.60,72.20,44.20,0.00,0.00,0.00,0.00,0.00
125.20,71.80,41.20,0.00,0.00,0.00,0.00,0.00
125.10,74.00,44.20,0.00,0.00,0.00,0.00,0.00
141.90,79.80,45.70,0.00,0.00,0.00,0.00,0.00
127.70,75.70,42.90,0.00,0.00,0.00,0.00,0.00
131.30,72.40,44.20,0.00,0.00,0.00,0.00,0.00
124.00,68.00,43.70,0.00,0.00,0.00,0.00,0.00
62.90,32.30,20.90,0.00,0.00,0.00,0.00,0.00
7.90,3.20,2.70,0.00,0.00,0.00,0.00,0.00
0.00,0.30,0.00,0.00,0.00,0.00,0.00,0.00
0.00,0.00,0.30,0.00,0.00,0.00,0.00,0.00
0.00,0.00,0.30,0.00,0.00,0.00,0.00,0.00
1.20,0.00,0.70,0.00,0.00,0.00,0.00,0.00
0.00,0.00,0.00,0.00,0.00,0.00,0.00,0.00
0.00,0.00,0.30,0.00,0.00,0.00,0.00,0.00
0.00,0.00,0.70,0.00,0.00,0.00,0.00,0.00
0.30,0.00,0.30,0.00,0.00,0.00,0.00,0.00
0.00,0.00,0.30,0.00,0.00,0.00,0.00,0.00
0.00,0.00,0.30,0.00,0.00,0.00,0.00,0.00
0.00,0.00,0.00,0.00,0.00,0.00,0.00,0.00
0.30,0.00,0.30,0.00,0.00,0.00,0.00,0.00
0.00,0.00,0.30,0.00,0.00,0.00,0.00,0.00
0.00,0.00,0.00,0.00,0.00,0.00,0.00,0.00
0.00,0.00,0.70,0.00,0.00,0.00,0.00,0.00
0.00,0.00,0.00,0.00,0.00,0.00,0.00,0.00
87.10,49.60,18.60,0.00,0.00,0.00,0.00,0.00
103.00,60.10,39.00,0.00,0.00,0.00,0.00,0.00
88.30,53.70,30.60,0.00,0.00,0.00,0.00,0.00
57.90,28.30,18.40,0.00,0.00,0.00,0.00,0.00
7.60,3.20,2.60,0.00,0.00,0.00,0.00,0.00
0.00,0.00,0.70,0.00,0.00,0.00,0.00,0.00
0.00,0.00,0.00,0.00,0.00,0.00,0.00,0.00
0.00,0.00,0.70,0.00,0.00,0.00,0.00,0.00
0.00,0.00,0.00,0.00,0.00,0.00,0.00,0.00
0.00,0.00,0.60,0.00,0.00,0.00,0.00,0.00
0.00,0.00,0.30,0.00,0.00,0.00,0.00,0.00
0.00,0.00,0.00,0.00,0.00,0.00,0.00,0.00
0.00,0.00,0.70,0.00,0.00,0.00,0.00,0.00
0.00,0.00,0.00,0.00,0.00,0.00,0.00,0.00
0.00,0.00,0.60,0.00,0.00,0.00,0.00,0.00
0.00,0.00,0.30,0.00,0.00,0.00,0.00,0.00
0.00,0.00,0.60,0.00,0.00,0.00,0.00,0.00
0.00,0.00,0.30,0.00,0.00,0.00,0.00,0.00
0.00,0.00,0.30,0.00,0.00,0.00,0.00,0.00
0.00,0.00,0.00,0.00,0.00,0.00,0.00,0.00
0.00,0.00,0.00,0.00,0.00,0.00,0.00,0.00
0.00,0.00,0.00,0.00,0.00,0.00,0.00,0.00
0.00,0.00,0.00,0.00,0.00,0.00,0.00,0.00
0.00,0.00,0.00,0.00,0.00,0.00,0.00,0.00
0.00,0.00,0.00,0.00,0.00,0.00,0.00,0.00
0.00,0.00,0.00,0.00,0.00,0.00,0.00,0.00
0.00,0.00,0.00,0.00,0.00,0.00,0.00,0.00
0.00,0.00,0.00,0.00,0.00,0.00,0.00,0.00
0.00,0.00,0.00,0.00,0.00,0.00,0.00,0.00
0.00,0.00,0.00,0.00,0.00,0.00,0.00,0.00
74.40,43.40,37.20,0.00,0.00,0.00,0.00,0.00
120.50,69.20,51.60,0.00,0.00,0.00,0.00,0.00
120.80,73.20,55.90,0.00,0.00,0.00,0.00,0.00
117.90,69.50,51.50,0.00,0.00,0.00,0.00,0.00
124.50,68.80,54.30,0.00,0.00,0.00,0.00,0.00
124.10,75.70,56.50,0.00,0.00,0.00,0.00,0.00
121.50,70.10,53.00,0.00,0.00,0.00,0.00,0.00
123.20,69.00,53.40,0.00,0.00,0.00,0.00,0.00
99.90,58.10,42.90,0.00,0.00,0.00,0.00,0.00
86.70,51.40,29.80,0.00,0.00,0.00,0.00,0.00
24.30,12.00,7.90,0.00,0.00,0.00,0.00,0.00
0.00,0.00,0.30,0.00,0.00,0.00,0.00,0.00
0.00,0.00,0.00,0.00,0.00,0.00,0.00,0.00
0.00,0.00,0.70,0.00,0.00,0.00,0.00,0.00
0.60,0.00,0.00,0.00,0.00,0.00,0.00,0.00
0.30,0.00,0.30,0.00,0.00,0.00,0.00,0.00
0.00,0.00,0.30,0.00,0.00,0.00,0.00,0.00
0.00,0.00,0.30,0.00,0.00,0.00,0.00,0.00
0.00,0.00,0.00,0.00,0.00,0.00,0.00,0.00
0.00,0.00,1.00,0.00,0.00,0.00,0.00,0.00
0.00,0.00,0.00,0.00,0.00,0.00,0.00,0.00
0.00,0.00,0.60,0.00,0.00,0.00,0.00,0.00
0.00,0.00,0.70,0.00,0.00,0.00,0.00,0.00
0.00,0.00,0.00,0.00,0.00,0.00,0.00,0.00
0.00,0.00,0.30,0.00,0.00,0.00,0.00,0.00
0.00,0.00,0.30,0.00,0.00,0.00,0.00,0.00
0.00,0.00,0.30,0.00,0.00,0.00,0.00,0.00
0.00,0.00,0.00,0.00,0.00,0.00,0.00,0.00
0.00,0.00,0.00,0.00,0.00,0.00,0.00,0.00
0.00,0.00,0.00,0.00,0.00,0.00,0.00,0.00
62.00,31.00,37.30,0.00,0.00,0.00,0.00,0.00
131.60,71.90,58.20,0.00,0.00,0.00,0.00,0.00
123.40,72.70,59.20,0.00,0.00,0.00,0.00,0.00
123.60,69.20,56.50,0.00,0.00,0.00,0.00,0.00
128.30,73.70,57.20,0.00,0.00,0.00,0.00,0.00
126.20,69.70,58.90,0.00,0.00,0.00,0.00,0.00
125.70,71.00,58.90,0.00,0.00,0.00,0.00,0.00
130.20,75.10,57.90,0.00,0.00,0.00,0.00,0.00
130.80,72.70,59.90,0.00,0.00,0.00,0.00,0.00
130.80,72.90,59.20,0.00,0.00,0.00,0.00,0.00
129.40,75.00,60.80,0.00,0.00,0.00,0.00,0.00
116.20,67.00,51.70,0.00,0.00,0.00,0.00,0.00
56.30,29.40,18.30,0.00,0.00,0.00,0.00,0.00
0.00,0.00,0.30,0.00,0.00,0.00,0.00,0.00
0.30,0.00,0.30,0.00,0.00,0.00,0.00,0.00
0.00,0.00,0.30,0.00,0.00,0.00,0.00,0.00
0.30,0.00,1.00,0.00,0.00,0.00,0.00,0.00
0.00,0.00,0.00,0.00,0.00,0.00,0.00,0.00
0.00,0.00,0.30,0.00,0.00,0.00,0.00,0.00
0.90,0.00,0.30,0.00,0.00,0.00,0.00,0.00
0.00,0.00,0.00,0.00,0.00,0.00,0.00,0.00
0.00,0.00,0.30,0.00,0.00,0.00,0.00,0.00
0.00,0.00,0.70,0.00,0.00,0.00,0.00,0.00
0.00,0.00,0.00,0.00,0.00,0.00,0.00,0.00
0.00,0.00,0.60,0.00,0.00,0.00,0.00,0.00
0.00,0.00,0.30,0.00,0.00,0.00,0.00,0.00
0.00,0.00,0.30,0.00,0.00,0.00,0.00,0.00
0.00,0.00,0.30,0.00,0.00,0.00,0.00,0.00
0.00,0.00,0.30,0.00,0.00,0.00,0.00,0.00
0.00,0.00,0.30,0.00,0.00,0.00,0.00,0.00
111.80,43.40,37.20,0.00,0.00,0.00,0.00,0.00
117.50,68.90,54.40,0.00,0.00,0.00,0.00,0.00
114.80,66.10,52.80,0.00,0.00,0.00,0.00,0.00
122.10,73.30,58.90,0.00,0.00,0.00,0.00,0.00
126.80,71.40,58.70,0.00,0.00,0.00,0.00,0.00
125.00,71.70,60.20,0.00,0.00,0.00,0.00,0.00
135.00,73.30,63.10,0.00,0.00,0.00,0.00,0.00
125.70,72.60,59.40,0.00,0.00,0.00,0.00,0.00
131.90,73.20,60.60,0.00,0.00,0.00,0.00,0.00
129.70,74.20,62.10,0.00,0.00,0.00,0.00,0.00
133.10,71.90,62.60,0.00,0.00,0.00,0.00,0.00
134.40,74.60,62.90,0.00,0.00,0.00,0.00,0.00
134.50,74.80,63.60,0.00,0.00,0.00,0.00,0.00
127.10,76.70,59.60,0.00,0.00,0.00,0.00,0.00
120.10,68.20,55.80,0.00,0.00,0.00,0.00,0.00
115.10,69.20,55.70,0.00,0.00,0.00,0.00,0.00
127.00,73.50,59.10,0.00,0.00,0.00,0.00,0.00
135.10,77.30,62.30,0.00,0.00,0.00,0.00,0.00
104.30,63.20,48.00,0.00,0.00,0.00,0.00,0.00
100.00,62.80,49.30,0.00,0.00,0.00,0.00,0.00
106.80,64.60,51.20,0.00,0.00,0.00,0.00,0.00
101.30,61.80,48.70,0.00,0.00,0.00,0.00,0.00
109.00,67.50,50.40,0.00,0.00,0.00,0.00,0.00
108.20,65.20,50.70,0.00,0.00,0.00,0.00,0.00
101.50,62.80,47.90,0.00,0.00,0.00,0.00,0.00
99.20,63.70,45.10,0.00,0.00,0.00,0.00,0.00
118.50,68.20,54.50,0.00,0.00,0.00,0.00,0.00
116.30,68.50,55.00,0.00,0.00,0.00,0.00,0.00
115.70,67.20,57.60,0.00,0.00,0.00,0.00,0.00
118.80,67.00,53.40,0.00,0.00,0.00,0.00,0.00
149.30,93.20,31.00,0.00,0.00,0.00,0.00,0.00
135.50,76.40,64.40,0.00,0.00,0.00,0.00,0.00
136.80,76.10,66.60,0.00,0.00,0.00,0.00,0.00
140.60,80.10,65.20,0.00,0.00,0.00,0.00,0.00
131.30,74.10,64.60,0.00,0.00,0.00,0.00,0.00
141.00,77.00,64.40,0.00,0.00,0.00,0.00,0.00
136.00,77.90,67.60,0.00,0.00,0.00,0.00,0.00
139.40,78.20,64.20,0.00,0.00,0.00,0.00,0.00
134.70,76.50,64.30,0.00,0.00,0.00,0.00,0.00
138.40,75.70,66.10,0.00,0.00,0.00,0.00,0.00
141.10,81.00,67.80,0.00,0.00,0.00,0.00,0.00
139.00,77.00,66.00,0.00,0.00,0.00,0.00,0.00
145.40,80.60,68.00,0.00,0.00,0.00,0.00,0.00
140.40,80.70,66.30,0.00,0.00,0.00,0.00,0.00
125.10,71.60,58.90,0.00,0.00,0.00,0.00,0.00
139.50,81.80,65.30,0.00,0.00,0.00,0.00,0.00
133.60,75.90,65.20,0.00,0.00,0.00,0.00,0.00
127.90,72.90,63.90,0.00,0.00,0.00,0.00,0.00
151.80,78.70,74.10,0.00,0.00,0.00,0.00,0.00
156.60,85.70,72.80,0.00,0.00,0.00,0.00,0.00
149.30,81.80,71.40,0.00,0.00,0.00,0.00,0.00
151.70,80.40,71.90,0.00,0.00,0.00,0.00,0.00
146.00,80.20,68.80,0.00,0.00,0.00,0.00,0.00
141.40,78.90,67.40,0.00,0.00,0.00,0.00,0.00
134.50,75.70,64.70,0.00,0.00,0.00,0.00,0.00
140.70,74.30,66.50,0.00,0.00,0.00,0.00,0.00
136.30,74.40,63.60,0.00,0.00,0.00,0.00,0.00
135.40,76.70,65.90,0.00,0.00,0.00,0.00,0.00
131.30,73.40,64.30,0.00,0.00,0.00,0.00,0.00
143.20,78.20,67.40,0.00,0.00,0.00,0.00,0.00
99.50,80.70,74.40,0.00,0.00,0.00,0.00,0.00
149.10,79.30,71.20,0.00,0.00,0.00,0.00,0.00
143.80,80.50,67.90,0.00,0.00,0.00,0.00,0.00
155.80,84.90,76.00,0.00,0.00,0.00,0.00,0.00
171.40,90.50,82.20,0.00,0.00,0.00,0.00,0.00
155.90,83.70,76.20,0.00,0.00,0.00,0.00,0.00
155.30,84.20,74.70,0.00,0.00,0.00,0.00,0.00
153.40,85.50,75.90,0.00,0.00,0.00,0.00,0.00
158.10,85.90,75.40,0.00,0.00,0.00,0.00,0.00
158.00,83.80,75.20,0.00,0.00,0.00,0.00,0.00
151.60,84.30,72.00,0.00,0.00,0.00,0.00,0.00
187.10,101.10,89.20,0.00,0.00,0.00,0.00,0.00
184.50,97.10,91.00,0.00,0.00,0.00,0.00,0.00
174.30,93.50,86.60,0.00,0.00,0.00,0.00,0.00
172.00,88.90,85.70,0.00,0.00,0.00,0.00,0.00
163.60,93.20,77.20,0.00,0.00,0.00,0.00,0.00
134.70,81.80,66.40,0.00,0.00,0.00,0.00,0.00
149.70,81.40,70.50,0.00,0.00,0.00,0.00,0.00
148.60,81.60,71.50,0.00,0.00,0.00,0.00,0.00
151.40,84.30,70.90,0.00,0.00,0.00,0.00,0.00
142.30,78.80,69.40,0.00,0.00,0.00,0.00,0.00
149.70,83.80,70.20,0.00,0.00,0.00,0.00,0.00
156.00,88.00,73.80,0.00,0.00,0.00,0.00,0.00
150.20,80.30,72.70,0.00,0.00,0.00,0.00,0.00
137.60,79.30,67.30,0.00,0.00,0.00,0.00,0.00
134.50,75.10,62.50,0.00,0.00,0.00,0.00,0.00
140.00,78.70,67.70,0.00,0.00,0.00,0.00,0.00
138.10,76.70,66.40,0.00,0.00,0.00,0.00,0.00
137.10,77.70,68.50,0.00,0.00,0.00,0.00,0.00
139.40,79.30,66.70,0.00,0.00,0.00,0.00,0.00
136.90,49.60,43.50,0.00,0.00,0.00,0.00,0.00
140.70,83.00,67.70,0.00,0.00,0.00,0.00,0.00
145.70,83.80,71.50,0.00,0.00,0.00,0.00,0.00
110.00,64.40,51.00,0.00,0.00,0.00,0.00,0.00
114.10,67.20,55.00,0.00,0.00,0.00,0.00,0.00
120.50,73.20,59.20,0.00,0.00,0.00,0.00,0.00
123.10,73.00,58.70,0.00,0.00,0.00,0.00,0.00
128.00,74.70,62.10,0.00,0.00,0.00,0.00,0.00
129.60,78.60,60.90,0.00,0.00,0.00,0.00,0.00
121.50,73.30,60.10,0.00,0.00,0.00,0.00,0.00
128.90,75.10,60.20,0.00,0.00,0.00,0.00,0.00
120.50,75.30,57.60,0.00,0.00,0.00,0.00,0.00
130.70,75.80,63.10,0.00,0.00,0.00,0.00,0.00
126.60,73.50,61.00,0.00,0.00,0.00,0.00,0.00
131.30,79.70,63.30,0.00,0.00,0.00,0.00,0.00
142.40,86.80,70.50,0.00,0.00,0.00,0.00,0.00
160.20,97.60,77.60,0.00,0.00,0.00,0.00,0.00
135.80,84.10,68.00,0.00,0.00,0.00,0.00,0.00
122.50,75.20,59.20,0.00,0.00,0.00,0.00,0.00
147.40,89.30,69.30,0.00,0.00,0.00,0.00,0.00
155.80,94.80,75.50,0.00,0.00,0.00,0.00,0.00
162.00,100.00,78.50,0.00,0.00,0.00,0.00,0.00
153.50,94.00,72.60,0.00,0.00,0.00,0.00,0.00
149.20,90.70,72.40,0.00,0.00,0.00,0.00,0.00
133.30,85.20,64.70,0.00,0.00,0.00,0.00,0.00
126.20,74.20,60.50,0.00,0.00,0.00,0.00,0.00
125.50,74.90,61.00,0.00,0.00,0.00,0.00,0.00
132.80,82.30,62.90,0.00,0.00,0.00,0.00,0.00
132.70,79.00,63.90,0.00,0.00,0.00,0.00,0.00
140.80,84.80,67.60,0.00,0.00,0.00,0.00,0.00
