#msgr-worker,io_context_pool,fio,log,ceph_timer,ms_dispatch,safe_timer,taskfin_librbd
0.00,0.00,0.00,0.00,0.00,0.00,0.00,0.00
297.20,200.20,76.70,0.00,0.00,0.00,0.00,0.00
296.60,198.90,75.00,0.00,0.00,0.00,0.00,0.00
294.20,198.80,76.90,0.00,0.00,0.00,0.00,0.00
295.20,196.40,75.90,0.00,0.00,0.00,0.00,0.00
295.40,196.20,74.00,0.00,0.00,0.00,0.00,0.00
291.90,199.30,76.70,0.00,0.00,0.00,0.00,0.00
294.60,196.40,75.20,0.00,0.00,0.00,0.00,0.00
290.20,193.80,72.90,0.00,0.00,0.00,0.00,0.00
293.40,196.10,77.80,0.00,0.00,0.00,0.00,0.00
292.80,196.40,73.80,0.00,0.00,0.00,0.00,0.00
289.70,194.00,75.50,0.00,0.00,0.00,0.00,0.00
289.80,196.40,74.70,0.00,0.00,0.00,0.00,0.00
289.40,191.00,74.20,0.00,0.00,0.00,0.00,0.00
289.60,193.90,73.30,0.00,0.00,0.00,0.00,0.00
286.80,192.90,75.60,0.00,0.00,0.00,0.00,0.00
287.60,193.30,72.70,0.00,0.00,0.00,0.00,0.00
287.40,192.40,73.20,0.00,0.00,0.00,0.00,0.00
288.30,191.50,75.70,0.00,0.00,0.00,0.00,0.00
285.70,192.00,73.50,0.00,0.00,0.00,0.00,0.00
286.10,192.50,73.50,0.00,0.00,0.00,0.00,0.00
285.60,194.30,72.70,0.00,0.00,0.00,0.00,0.00
284.80,188.70,72.40,0.00,0.00,0.00,0.00,0.00
282.90,192.50,74.80,0.00,0.00,0.00,0.00,0.00
281.70,185.50,70.50,0.00,0.00,0.00,0.00,0.00
284.30,193.40,74.90,0.00,0.00,0.00,0.00,0.00
282.10,187.70,70.80,0.00,0.00,0.00,0.00,0.00
283.70,189.00,73.60,0.00,0.00,0.00,0.00,0.00
281.00,189.40,71.70,0.00,0.00,0.00,0.00,0.00
282.30,188.30,72.70,0.00,0.00,0.00,0.00,0.00
324.70,254.60,99.40,0.00,0.00,0.00,0.00,0.00
340.70,239.80,87.80,0.00,0.00,0.00,0.00,0.00
338.60,240.80,87.50,0.00,0.00,0.00,0.00,0.00
334.70,238.20,87.00,0.00,0.00,0.00,0.00,0.00
337.00,238.20,89.70,0.00,0.00,0.00,0.00,0.00
333.80,236.30,83.60,0.00,0.00,0.00,0.00,0.00
335.10,237.00,86.70,0.00,0.00,0.00,0.00,0.00
332.90,237.50,87.30,0.00,0.00,0.00,0.00,0.00
331.90,239.50,87.50,0.00,0.00,0.00,0.00,0.00
330.30,232.10,85.10,0.00,0.00,0.00,0.00,0.00
331.80,233.80,84.60,0.00,0.00,0.00,0.00,0.00
331.60,237.00,86.70,0.00,0.00,0.00,0.00,0.00
329.20,231.20,83.80,0.00,0.00,0.00,0.00,0.00
329.10,233.90,86.70,0.00,0.00,0.00,0.00,0.00
327.70,234.50,85.20,0.00,0.00,0.00,0.00,0.00
329.00,231.80,85.60,0.00,0.00,0.00,0.00,0.00
331.00,233.40,85.60,0.00,0.00,0.00,0.00,0.00
325.70,228.10,82.40,0.00,0.00,0.00,0.00,0.00
329.90,235.80,87.50,0.00,0.00,0.00,0.00,0.00
328.70,231.60,84.20,0.00,0.00,0.00,0.00,0.00
327.00,230.60,84.70,0.00,0.00,0.00,0.00,0.00
330.30,235.10,89.50,0.00,0.00,0.00,0.00,0.00
326.00,229.20,83.00,0.00,0.00,0.00,0.00,0.00
327.50,230.30,84.50,0.00,0.00,0.00,0.00,0.00
324.00,232.20,84.50,0.00,0.00,0.00,0.00,0.00
326.60,228.60,83.80,0.00,0.00,0.00,0.00,0.00
322.10,228.20,84.50,0.00,0.00,0.00,0.00,0.00
325.50,229.30,84.90,0.00,0.00,0.00,0.00,0.00
320.20,226.70,82.60,0.00,0.00,0.00,0.00,0.00
319.30,224.70,82.30,0.00,0.00,0.00,0.00,0.00
371.20,271.40,59.00,0.00,0.00,0.00,0.00,0.00
376.50,288.00,100.70,0.00,0.00,0.00,0.00,0.00
372.30,284.50,100.50,0.00,0.00,0.00,0.00,0.00
373.10,289.50,98.10,0.00,0.00,0.00,0.00,0.00
376.40,286.10,99.00,0.00,0.00,0.00,0.00,0.00
370.90,283.10,97.20,0.00,0.00,0.00,0.00,0.00
371.80,286.20,97.90,0.00,0.00,0.00,0.00,0.00
375.30,283.00,98.60,0.00,0.00,0.00,0.00,0.00
370.20,285.50,99.70,0.00,0.00,0.00,0.00,0.00
368.40,283.50,98.20,0.00,0.00,0.00,0.00,0.00
369.10,280.30,96.50,0.00,0.00,0.00,0.00,0.00
368.20,280.90,99.90,0.00,0.00,0.00,0.00,0.00
366.60,281.70,94.80,0.00,0.00,0.00,0.00,0.00
367.70,276.60,97.10,0.00,0.00,0.00,0.00,0.00
364.50,282.50,97.80,0.00,0.00,0.00,0.00,0.00
365.20,278.30,96.40,0.00,0.00,0.00,0.00,0.00
363.20,276.80,94.20,0.00,0.00,0.00,0.00,0.00
361.80,273.50,95.20,0.00,0.00,0.00,0.00,0.00
361.20,276.30,97.50,0.00,0.00,0.00,0.00,0.00
359.50,274.50,96.60,0.00,0.00,0.00,0.00,0.00
359.00,273.60,91.70,0.00,0.00,0.00,0.00,0.00
352.40,268.30,95.80,0.00,0.00,0.00,0.00,0.00
342.70,259.10,88.90,0.00,0.00,0.00,0.00,0.00
340.70,257.40,91.10,0.00,0.00,0.00,0.00,0.00
331.40,251.70,88.60,0.00,0.00,0.00,0.00,0.00
329.20,247.10,86.00,0.00,0.00,0.00,0.00,0.00
326.80,245.10,87.10,0.00,0.00,0.00,0.00,0.00
342.90,261.40,90.80,0.00,0.00,0.00,0.00,0.00
339.80,259.50,89.60,0.00,0.00,0.00,0.00,0.00
332.90,250.40,86.60,0.00,0.00,0.00,0.00,0.00
337.00,335.60,86.80,0.00,0.00,0.00,0.00,0.00
381.00,322.00,103.40,0.00,0.00,0.00,0.00,0.00
377.20,315.20,98.90,0.00,0.00,0.00,0.00,0.00
378.50,322.10,101.80,0.00,0.00,0.00,0.00,0.00
372.20,313.90,103.40,0.00,0.00,0.00,0.00,0.00
377.50,317.70,101.40,0.00,0.00,0.00,0.00,0.00
375.60,317.60,102.30,0.00,0.00,0.00,0.00,0.00
375.40,315.50,99.80,0.00,0.00,0.00,0.00,0.00
372.20,314.90,100.10,0.00,0.00,0.00,0.00,0.00
372.00,312.60,101.80,0.00,0.00,0.00,0.00,0.00
370.50,310.90,99.40,0.00,0.00,0.00,0.00,0.00
367.00,311.10,99.10,0.00,0.00,0.00,0.00,0.00
372.50,309.60,101.40,0.00,0.00,0.00,0.00,0.00
366.90,311.30,100.10,0.00,0.00,0.00,0.00,0.00
362.80,302.10,95.00,0.00,0.00,0.00,0.00,0.00
356.40,296.50,96.80,0.00,0.00,0.00,0.00,0.00
358.70,297.60,97.30,0.00,0.00,0.00,0.00,0.00
365.90,306.70,98.10,0.00,0.00,0.00,0.00,0.00
360.70,304.30,98.20,0.00,0.00,0.00,0.00,0.00
358.70,297.50,95.70,0.00,0.00,0.00,0.00,0.00
346.90,285.30,92.40,0.00,0.00,0.00,0.00,0.00
343.00,285.70,94.20,0.00,0.00,0.00,0.00,0.00
351.50,289.30,94.30,0.00,0.00,0.00,0.00,0.00
348.10,290.80,92.10,0.00,0.00,0.00,0.00,0.00
344.50,279.60,93.40,0.00,0.00,0.00,0.00,0.00
344.20,282.20,92.90,0.00,0.00,0.00,0.00,0.00
338.00,279.90,89.20,0.00,0.00,0.00,0.00,0.00
348.80,283.90,95.40,0.00,0.00,0.00,0.00,0.00
357.20,299.30,97.30,0.00,0.00,0.00,0.00,0.00
361.00,298.00,96.80,0.00,0.00,0.00,0.00,0.00
330.70,292.00,136.60,0.00,0.00,0.00,0.00,0.00
371.50,343.50,105.30,0.00,0.00,0.00,0.00,0.00
369.70,340.00,102.90,0.00,0.00,0.00,0.00,0.00
368.00,340.10,102.10,0.00,0.00,0.00,0.00,0.00
365.80,335.50,102.30,0.00,0.00,0.00,0.00,0.00
372.00,344.60,105.00,0.00,0.00,0.00,0.00,0.00
366.80,336.40,103.30,0.00,0.00,0.00,0.00,0.00
366.40,336.70,102.30,0.00,0.00,0.00,0.00,0.00
362.20,332.80,102.30,0.00,0.00,0.00,0.00,0.00
361.60,334.00,102.70,0.00,0.00,0.00,0.00,0.00
361.60,332.60,100.90,0.00,0.00,0.00,0.00,0.00
353.30,320.00,99.00,0.00,0.00,0.00,0.00,0.00
343.30,310.30,94.50,0.00,0.00,0.00,0.00,0.00
347.80,319.40,100.90,0.00,0.00,0.00,0.00,0.00
353.60,321.00,95.90,0.00,0.00,0.00,0.00,0.00
335.40,296.40,93.90,0.00,0.00,0.00,0.00,0.00
345.20,314.90,95.90,0.00,0.00,0.00,0.00,0.00
342.90,312.50,95.30,0.00,0.00,0.00,0.00,0.00
336.70,300.40,94.80,0.00,0.00,0.00,0.00,0.00
334.30,301.90,92.20,0.00,0.00,0.00,0.00,0.00
348.50,313.90,98.10,0.00,0.00,0.00,0.00,0.00
353.80,320.70,97.20,0.00,0.00,0.00,0.00,0.00
337.50,306.60,95.00,0.00,0.00,0.00,0.00,0.00
331.80,291.20,91.90,0.00,0.00,0.00,0.00,0.00
358.60,327.60,100.80,0.00,0.00,0.00,0.00,0.00
353.70,321.30,97.20,0.00,0.00,0.00,0.00,0.00
353.80,326.00,99.20,0.00,0.00,0.00,0.00,0.00
351.70,315.60,99.60,0.00,0.00,0.00,0.00,0.00
367.90,337.00,101.10,0.00,0.00,0.00,0.00,0.00
362.80,337.60,103.60,0.00,0.00,0.00,0.00,0.00
343.60,323.00,130.40,0.00,0.00,0.00,0.00,0.00
355.30,329.20,98.10,0.00,0.00,0.00,0.00,0.00
351.00,321.70,98.20,0.00,0.00,0.00,0.00,0.00
354.80,331.00,102.30,0.00,0.00,0.00,0.00,0.00
347.50,321.90,97.40,0.00,0.00,0.00,0.00,0.00
359.50,327.70,101.80,0.00,0.00,0.00,0.00,0.00
346.60,320.20,97.30,0.00,0.00,0.00,0.00,0.00
350.00,323.20,99.70,0.00,0.00,0.00,0.00,0.00
343.10,317.80,97.80,0.00,0.00,0.00,0.00,0.00
342.10,314.60,95.60,0.00,0.00,0.00,0.00,0.00
344.20,310.50,98.00,0.00,0.00,0.00,0.00,0.00
341.70,314.40,95.70,0.00,0.00,0.00,0.00,0.00
338.50,306.20,95.50,0.00,0.00,0.00,0.00,0.00
329.30,302.70,92.10,0.00,0.00,0.00,0.00,0.00
333.90,296.30,93.60,0.00,0.00,0.00,0.00,0.00
334.10,302.40,92.20,0.00,0.00,0.00,0.00,0.00
333.80,304.50,94.00,0.00,0.00,0.00,0.00,0.00
316.40,280.50,89.90,0.00,0.00,0.00,0.00,0.00
339.20,306.30,93.20,0.00,0.00,0.00,0.00,0.00
340.20,311.00,96.40,0.00,0.00,0.00,0.00,0.00
322.40,290.40,91.00,0.00,0.00,0.00,0.00,0.00
325.10,288.50,90.60,0.00,0.00,0.00,0.00,0.00
341.40,312.00,94.50,0.00,0.00,0.00,0.00,0.00
343.20,317.00,97.60,0.00,0.00,0.00,0.00,0.00
348.40,322.50,98.80,0.00,0.00,0.00,0.00,0.00
346.40,318.50,98.00,0.00,0.00,0.00,0.00,0.00
341.40,318.10,95.90,0.00,0.00,0.00,0.00,0.00
340.50,311.00,95.60,0.00,0.00,0.00,0.00,0.00
345.10,311.40,96.80,0.00,0.00,0.00,0.00,0.00
347.30,321.80,97.80,0.00,0.00,0.00,0.00,0.00
343.50,329.40,68.40,0.00,0.00,0.00,0.00,0.00
356.70,325.90,102.00,0.00,0.00,0.00,0.00,0.00
366.30,339.20,101.10,0.00,0.00,0.00,0.00,0.00
363.10,332.40,102.80,0.00,0.00,0.00,0.00,0.00
360.00,333.00,101.20,0.00,0.00,0.00,0.00,0.00
363.40,328.20,101.80,0.00,0.00,0.00,0.00,0.00
358.60,333.10,102.90,0.00,0.00,0.00,0.00,0.00
362.00,327.90,98.60,0.00,0.00,0.00,0.00,0.00
362.80,330.60,103.80,0.00,0.00,0.00,0.00,0.00
358.10,327.70,100.90,0.00,0.00,0.00,0.00,0.00
351.10,319.80,95.70,0.00,0.00,0.00,0.00,0.00
348.80,315.30,100.30,0.00,0.00,0.00,0.00,0.00
346.60,317.50,97.50,0.00,0.00,0.00,0.00,0.00
359.00,324.70,98.70,0.00,0.00,0.00,0.00,0.00
343.30,307.70,98.10,0.00,0.00,0.00,0.00,0.00
341.00,305.60,94.50,0.00,0.00,0.00,0.00,0.00
344.80,307.40,95.30,0.00,0.00,0.00,0.00,0.00
335.20,295.70,95.30,0.00,0.00,0.00,0.00,0.00
348.30,313.60,96.30,0.00,0.00,0.00,0.00,0.00
337.60,300.80,93.60,0.00,0.00,0.00,0.00,0.00
328.20,286.70,91.00,0.00,0.00,0.00,0.00,0.00
334.90,298.30,94.60,0.00,0.00,0.00,0.00,0.00
330.20,291.20,89.40,0.00,0.00,0.00,0.00,0.00
342.80,308.60,96.10,0.00,0.00,0.00,0.00,0.00
344.70,311.70,96.30,0.00,0.00,0.00,0.00,0.00
345.40,306.40,95.50,0.00,0.00,0.00,0.00,0.00
353.60,318.60,99.30,0.00,0.00,0.00,0.00,0.00
352.60,319.80,99.20,0.00,0.00,0.00,0.00,0.00
349.70,320.70,97.60,0.00,0.00,0.00,0.00,0.00
357.30,323.40,100.40,0.00,0.00,0.00,0.00,0.00
337.10,304.30,74.40,0.00,0.00,0.00,0.00,0.00
335.80,315.30,95.00,0.00,0.00,0.00,0.00,0.00
339.00,318.00,95.20,0.00,0.00,0.00,0.00,0.00
338.00,316.20,95.90,0.00,0.00,0.00,0.00,0.00
340.60,316.60,98.10,0.00,0.00,0.00,0.00,0.00
336.30,317.00,95.20,0.00,0.00,0.00,0.00,0.00
337.50,314.10,97.00,0.00,0.00,0.00,0.00,0.00
335.80,314.10,92.10,0.00,0.00,0.00,0.00,0.00
331.90,308.20,95.60,0.00,0.00,0.00,0.00,0.00
334.30,308.30,92.90,0.00,0.00,0.00,0.00,0.00
337.00,315.80,96.30,0.00,0.00,0.00,0.00,0.00
330.80,308.90,92.90,0.00,0.00,0.00,0.00,0.00
333.50,306.40,92.50,0.00,0.00,0.00,0.00,0.00
322.30,298.50,91.80,0.00,0.00,0.00,0.00,0.00
312.20,286.20,88.10,0.00,0.00,0.00,0.00,0.00
326.00,308.90,93.40,0.00,0.00,0.00,0.00,0.00
318.90,294.40,89.70,0.00,0.00,0.00,0.00,0.00
325.40,301.90,92.90,0.00,0.00,0.00,0.00,0.00
321.90,286.80,87.70,0.00,0.00,0.00,0.00,0.00
326.80,291.90,91.20,0.00,0.00,0.00,0.00,0.00
336.60,308.00,95.20,0.00,0.00,0.00,0.00,0.00
330.80,310.20,92.80,0.00,0.00,0.00,0.00,0.00
331.30,303.30,93.80,0.00,0.00,0.00,0.00,0.00
329.00,295.10,91.40,0.00,0.00,0.00,0.00,0.00
322.10,297.60,92.10,0.00,0.00,0.00,0.00,0.00
335.90,305.30,91.50,0.00,0.00,0.00,0.00,0.00
329.50,298.50,92.50,0.00,0.00,0.00,0.00,0.00
330.30,301.60,93.60,0.00,0.00,0.00,0.00,0.00
332.40,302.60,93.70,0.00,0.00,0.00,0.00,0.00
329.30,299.10,92.30,0.00,0.00,0.00,0.00,0.00
343.60,329.50,111.70,0.00,0.00,0.00,0.00,0.00
366.00,341.20,103.70,0.00,0.00,0.00,0.00,0.00
355.40,329.10,100.30,0.00,0.00,0.00,0.00,0.00
361.50,338.10,103.50,0.00,0.00,0.00,0.00,0.00
354.80,332.50,101.30,0.00,0.00,0.00,0.00,0.00
360.10,335.00,100.60,0.00,0.00,0.00,0.00,0.00
356.00,331.60,101.70,0.00,0.00,0.00,0.00,0.00
353.10,326.70,100.60,0.00,0.00,0.00,0.00,0.00
342.40,318.70,97.20,0.00,0.00,0.00,0.00,0.00
346.80,320.80,98.80,0.00,0.00,0.00,0.00,0.00
352.50,325.70,101.00,0.00,0.00,0.00,0.00,0.00
356.20,332.50,99.40,0.00,0.00,0.00,0.00,0.00
346.20,321.60,98.20,0.00,0.00,0.00,0.00,0.00
355.40,333.50,100.10,0.00,0.00,0.00,0.00,0.00
346.20,321.80,100.70,0.00,0.00,0.00,0.00,0.00
341.80,312.50,97.00,0.00,0.00,0.00,0.00,0.00
345.50,318.80,96.90,0.00,0.00,0.00,0.00,0.00
355.50,328.00,101.10,0.00,0.00,0.00,0.00,0.00
342.30,318.80,96.30,0.00,0.00,0.00,0.00,0.00
345.30,317.40,98.20,0.00,0.00,0.00,0.00,0.00
339.20,315.70,96.60,0.00,0.00,0.00,0.00,0.00
337.20,309.40,94.70,0.00,0.00,0.00,0.00,0.00
312.50,283.30,89.10,0.00,0.00,0.00,0.00,0.00
317.20,286.10,86.80,0.00,0.00,0.00,0.00,0.00
328.30,300.00,92.80,0.00,0.00,0.00,0.00,0.00
324.90,297.00,92.50,0.00,0.00,0.00,0.00,0.00
342.70,317.20,95.60,0.00,0.00,0.00,0.00,0.00
340.70,317.30,97.30,0.00,0.00,0.00,0.00,0.00
340.30,309.80,95.60,0.00,0.00,0.00,0.00,0.00
341.90,316.40,98.20,0.00,0.00,0.00,0.00,0.00
362.30,304.30,80.60,0.00,0.00,0.00,0.00,0.00
357.40,320.10,98.70,0.00,0.00,0.00,0.00,0.00
357.80,323.10,99.40,0.00,0.00,0.00,0.00,0.00
362.10,329.50,101.70,0.00,0.00,0.00,0.00,0.00
363.80,334.50,105.30,0.00,0.00,0.00,0.00,0.00
354.90,319.70,99.50,0.00,0.00,0.00,0.00,0.00
359.40,329.50,100.10,0.00,0.00,0.00,0.00,0.00
356.10,321.00,101.00,0.00,0.00,0.00,0.00,0.00
357.20,324.00,102.00,0.00,0.00,0.00,0.00,0.00
346.70,318.10,95.80,0.00,0.00,0.00,0.00,0.00
339.70,306.20,96.80,0.00,0.00,0.00,0.00,0.00
345.70,315.60,98.10,0.00,0.00,0.00,0.00,0.00
352.90,313.40,98.30,0.00,0.00,0.00,0.00,0.00
346.90,316.60,96.40,0.00,0.00,0.00,0.00,0.00
336.40,299.90,96.00,0.00,0.00,0.00,0.00,0.00
342.50,304.20,94.90,0.00,0.00,0.00,0.00,0.00
335.90,304.00,94.30,0.00,0.00,0.00,0.00,0.00
329.10,290.30,90.40,0.00,0.00,0.00,0.00,0.00
341.00,302.20,94.30,0.00,0.00,0.00,0.00,0.00
345.60,311.40,97.60,0.00,0.00,0.00,0.00,0.00
340.90,308.60,94.50,0.00,0.00,0.00,0.00,0.00
328.30,289.80,92.10,0.00,0.00,0.00,0.00,0.00
333.30,302.00,96.20,0.00,0.00,0.00,0.00,0.00
338.70,301.20,91.30,0.00,0.00,0.00,0.00,0.00
351.60,315.20,100.50,0.00,0.00,0.00,0.00,0.00
351.00,317.00,98.00,0.00,0.00,0.00,0.00,0.00
345.40,311.50,98.50,0.00,0.00,0.00,0.00,0.00
340.00,300.10,93.10,0.00,0.00,0.00,0.00,0.00
333.40,298.00,94.40,0.00,0.00,0.00,0.00,0.00
330.40,284.40,89.70,0.00,0.00,0.00,0.00,0.00
