#msgr-worker,io_context_pool,fio,log,ceph_timer,ms_dispatch,safe_timer,taskfin_librbd
0.00,0.00,0.00,0.00,0.00,0.00,0.00,0.00
164.70,89.40,26.20,0.00,0.00,0.00,0.00,0.00
164.10,89.10,27.70,0.00,0.00,0.00,0.00,0.00
166.40,90.00,27.50,0.00,0.00,0.00,0.00,0.00
166.50,93.60,28.00,0.00,0.00,0.00,0.00,0.00
167.70,91.30,28.40,0.00,0.00,0.00,0.00,0.00
166.20,93.60,26.30,0.00,0.00,0.00,0.00,0.00
165.00,89.70,29.60,0.00,0.00,0.00,0.00,0.00
167.30,90.00,28.40,0.00,0.00,0.00,0.00,0.00
168.30,91.40,28.40,0.00,0.00,0.00,0.00,0.00
167.90,93.80,28.70,0.00,0.00,0.00,0.00,0.00
167.00,89.80,27.40,0.00,0.00,0.00,0.00,0.00
166.20,89.90,28.00,0.00,0.00,0.00,0.00,0.00
167.40,92.70,28.30,0.00,0.00,0.00,0.00,0.00
166.60,92.10,26.70,0.00,0.00,0.00,0.00,0.00
168.60,90.10,30.20,0.00,0.00,0.00,0.00,0.00
167.10,91.70,28.40,0.00,0.00,0.00,0.00,0.00
168.60,90.70,28.10,0.00,0.00,0.00,0.00,0.00
166.70,91.00,29.90,0.00,0.00,0.00,0.00,0.00
167.20,92.10,27.40,0.00,0.00,0.00,0.00,0.00
167.50,93.00,26.90,0.00,0.00,0.00,0.00,0.00
170.30,92.30,27.80,0.00,0.00,0.00,0.00,0.00
167.30,93.70,29.30,0.00,0.00,0.00,0.00,0.00
166.70,89.70,27.70,0.00,0.00,0.00,0.00,0.00
167.60,91.60,27.80,0.00,0.00,0.00,0.00,0.00
170.50,94.40,28.90,0.00,0.00,0.00,0.00,0.00
171.00,93.30,27.80,0.00,0.00,0.00,0.00,0.00
169.30,92.70,27.80,0.00,0.00,0.00,0.00,0.00
165.20,91.10,29.90,0.00,0.00,0.00,0.00,0.00
167.20,92.90,27.70,0.00,0.00,0.00,0.00,0.00
149.30,86.90,12.40,0.00,0.00,0.00,0.00,0.00
181.30,99.80,29.90,0.00,0.00,0.00,0.00,0.00
163.20,90.00,27.80,0.00,0.00,0.00,0.00,0.00
89.00,53.00,16.30,0.00,0.00,0.00,0.00,0.00
63.60,39.40,12.10,0.00,0.00,0.00,0.00,0.00
11.90,7.60,2.30,0.00,0.00,0.00,0.00,0.00
10.30,6.70,2.00,0.00,0.00,0.00,0.00,0.00
0.00,0.00,0.00,0.00,0.00,0.00,0.00,0.00
0.00,0.00,0.70,0.00,0.00,0.00,0.00,0.00
0.00,0.00,0.00,0.00,0.00,0.00,0.00,0.00
0.00,0.00,0.30,0.00,0.00,0.00,0.00,0.00
0.00,0.00,0.30,0.00,0.00,0.00,0.00,0.00
0.00,0.00,0.60,0.00,0.00,0.00,0.00,0.00
0.00,0.00,0.60,0.00,0.00,0.00,0.00,0.00
0.00,0.00,0.00,0.00,0.00,0.00,0.00,0.00
0.60,0.00,0.70,0.00,0.00,0.00,0.00,0.00
0.00,0.00,0.00,0.00,0.00,0.00,0.00,0.00
0.00,0.00,0.70,0.00,0.00,0.00,0.00,0.00
0.00,0.00,0.00,0.00,0.00,0.00,0.00,0.00
0.00,0.00,0.30,0.00,0.00,0.00,0.00,0.00
0.00,0.00,0.30,0.00,0.00,0.00,0.00,0.00
0.00,0.00,0.30,0.00,0.00,0.00,0.00,0.00
0.00,0.00,0.30,0.00,0.00,0.00,0.00,0.00
0.00,0.00,0.30,0.00,0.00,0.00,0.00,0.00
0.00,0.00,0.60,0.00,0.00,0.00,0.00,0.00
0.00,0.00,0.60,0.00,0.00,0.00,0.00,0.00
0.00,0.00,0.30,0.00,0.00,0.00,0.00,0.00
0.00,0.00,0.00,0.00,0.00,0.00,0.00,0.00
0.00,0.00,0.00,0.00,0.00,0.00,0.00,0.00
0.00,0.00,0.00,0.00,0.00,0.00,0.00,0.00
136.80,99.20,6.20,0.00,0.00,0.00,0.00,0.00
123.60,75.80,22.90,0.00,0.00,0.00,0.00,0.00
120.00,74.90,22.40,0.00,0.00,0.00,0.00,0.00
124.90,77.90,24.80,0.00,0.00,0.00,0.00,0.00
121.90,73.50,23.80,0.00,0.00,0.00,0.00,0.00
123.30,78.30,23.40,0.00,0.00,0.00,0.00,0.00
121.80,74.20,23.50,0.00,0.00,0.00,0.00,0.00
118.60,74.20,25.70,0.00,0.00,0.00,0.00,0.00
123.70,78.20,23.60,0.00,0.00,0.00,0.00,0.00
121.50,75.30,24.50,0.00,0.00,0.00,0.00,0.00
124.50,76.80,24.00,0.00,0.00,0.00,0.00,0.00
119.50,75.30,21.40,0.00,0.00,0.00,0.00,0.00
123.30,73.70,24.20,0.00,0.00,0.00,0.00,0.00
120.20,78.70,24.30,0.00,0.00,0.00,0.00,0.00
122.10,71.90,25.80,0.00,0.00,0.00,0.00,0.00
124.70,77.30,24.60,0.00,0.00,0.00,0.00,0.00
120.30,74.70,24.00,0.00,0.00,0.00,0.00,0.00
122.40,77.40,22.90,0.00,0.00,0.00,0.00,0.00
142.90,82.00,25.50,0.00,0.00,0.00,0.00,0.00
190.20,100.10,29.60,0.00,0.00,0.00,0.00,0.00
191.10,105.60,31.10,0.00,0.00,0.00,0.00,0.00
190.30,103.20,29.00,0.00,0.00,0.00,0.00,0.00
189.00,101.80,33.80,0.00,0.00,0.00,0.00,0.00
192.00,106.30,30.20,0.00,0.00,0.00,0.00,0.00
189.80,102.50,30.40,0.00,0.00,0.00,0.00,0.00
186.70,99.10,30.50,0.00,0.00,0.00,0.00,0.00
190.40,105.90,28.40,0.00,0.00,0.00,0.00,0.00
186.50,100.40,32.60,0.00,0.00,0.00,0.00,0.00
187.90,103.30,28.90,0.00,0.00,0.00,0.00,0.00
189.20,103.60,30.20,0.00,0.00,0.00,0.00,0.00
180.30,99.20,24.80,0.00,0.00,0.00,0.00,0.00
195.40,110.00,31.40,0.00,0.00,0.00,0.00,0.00
198.30,107.40,30.50,0.00,0.00,0.00,0.00,0.00
199.70,108.70,33.20,0.00,0.00,0.00,0.00,0.00
181.50,97.90,28.60,0.00,0.00,0.00,0.00,0.00
111.30,62.60,15.60,0.00,0.00,0.00,0.00,0.00
35.20,20.30,5.40,0.00,0.00,0.00,0.00,0.00
21.20,11.60,3.30,0.00,0.00,0.00,0.00,0.00
0.00,0.00,0.30,0.00,0.00,0.00,0.00,0.00
0.00,0.00,0.60,0.00,0.00,0.00,0.00,0.00
0.30,0.00,0.30,0.00,0.00,0.00,0.00,0.00
0.00,0.00,0.00,0.00,0.00,0.00,0.00,0.00
0.00,0.00,0.70,0.00,0.00,0.00,0.00,0.00
0.00,0.00,0.30,0.00,0.00,0.00,0.00,0.00
0.00,0.00,0.30,0.00,0.00,0.00,0.00,0.00
0.00,0.00,0.30,0.00,0.00,0.00,0.00,0.00
0.00,0.00,0.30,0.00,0.00,0.00,0.00,0.00
0.00,0.00,0.00,0.00,0.00,0.00,0.00,0.00
0.00,0.00,0.70,0.00,0.00,0.00,0.00,0.00
0.00,0.00,0.30,0.00,0.00,0.00,0.00,0.00
0.00,0.00,0.00,0.00,0.00,0.00,0.00,0.00
0.00,0.00,0.00,0.00,0.00,0.00,0.00,0.00
0.00,0.00,0.00,0.00,0.00,0.00,0.00,0.00
0.00,0.00,0.00,0.00,0.00,0.00,0.00,0.00
0.00,0.00,0.00,0.00,0.00,0.00,0.00,0.00
0.00,0.00,0.00,0.00,0.00,0.00,0.00,0.00
0.00,0.00,0.00,0.00,0.00,0.00,0.00,0.00
0.00,0.00,0.00,0.00,0.00,0.00,0.00,0.00
0.00,0.00,0.00,0.00,0.00,0.00,0.00,0.00
0.00,0.00,0.00,0.00,0.00,0.00,0.00,0.00
43.50,74.40,6.20,0.00,0.00,0.00,0.00,0.00
126.40,80.80,23.20,0.00,0.00,0.00,0.00,0.00
123.10,77.30,23.30,0.00,0.00,0.00,0.00,0.00
125.80,79.50,24.90,0.00,0.00,0.00,0.00,0.00
122.40,73.90,22.80,0.00,0.00,0.00,0.00,0.00
128.00,81.00,24.80,0.00,0.00,0.00,0.00,0.00
123.70,78.70,25.80,0.00,0.00,0.00,0.00,0.00
126.70,78.00,20.90,0.00,0.00,0.00,0.00,0.00
126.30,77.60,24.70,0.00,0.00,0.00,0.00,0.00
126.30,78.10,26.60,0.00,0.00,0.00,0.00,0.00
125.20,81.80,21.30,0.00,0.00,0.00,0.00,0.00
125.50,79.40,24.40,0.00,0.00,0.00,0.00,0.00
123.00,75.40,25.20,0.00,0.00,0.00,0.00,0.00
130.50,81.30,25.80,0.00,0.00,0.00,0.00,0.00
123.60,80.90,23.70,0.00,0.00,0.00,0.00,0.00
131.60,78.90,22.90,0.00,0.00,0.00,0.00,0.00
182.50,102.50,28.90,0.00,0.00,0.00,0.00,0.00
209.60,117.20,31.50,0.00,0.00,0.00,0.00,0.00
207.10,116.30,33.20,0.00,0.00,0.00,0.00,0.00
197.70,115.20,31.50,0.00,0.00,0.00,0.00,0.00
200.20,111.20,34.10,0.00,0.00,0.00,0.00,0.00
205.50,119.40,31.10,0.00,0.00,0.00,0.00,0.00
201.40,112.00,30.50,0.00,0.00,0.00,0.00,0.00
200.10,112.80,30.50,0.00,0.00,0.00,0.00,0.00
205.60,114.80,34.40,0.00,0.00,0.00,0.00,0.00
202.40,117.20,30.50,0.00,0.00,0.00,0.00,0.00
205.20,114.00,32.00,0.00,0.00,0.00,0.00,0.00
198.70,112.60,32.90,0.00,0.00,0.00,0.00,0.00
201.60,115.20,30.80,0.00,0.00,0.00,0.00,0.00
202.20,114.40,31.40,0.00,0.00,0.00,0.00,0.00
217.90,136.50,37.20,0.00,0.00,0.00,0.00,0.00
209.80,122.20,31.70,0.00,0.00,0.00,0.00,0.00
212.90,123.90,33.30,0.00,0.00,0.00,0.00,0.00
221.80,129.70,35.70,0.00,0.00,0.00,0.00,0.00
214.20,124.90,30.90,0.00,0.00,0.00,0.00,0.00
215.80,124.60,35.00,0.00,0.00,0.00,0.00,0.00
211.30,125.80,33.40,0.00,0.00,0.00,0.00,0.00
210.10,121.50,32.60,0.00,0.00,0.00,0.00,0.00
217.70,124.10,33.20,0.00,0.00,0.00,0.00,0.00
207.50,122.30,32.00,0.00,0.00,0.00,0.00,0.00
212.20,123.50,32.30,0.00,0.00,0.00,0.00,0.00
219.20,128.80,37.20,0.00,0.00,0.00,0.00,0.00
212.50,123.50,32.00,0.00,0.00,0.00,0.00,0.00
218.80,127.50,33.80,0.00,0.00,0.00,0.00,0.00
215.20,126.00,34.40,0.00,0.00,0.00,0.00,0.00
218.40,125.60,32.60,0.00,0.00,0.00,0.00,0.00
212.70,124.00,32.90,0.00,0.00,0.00,0.00,0.00
215.30,128.00,33.20,0.00,0.00,0.00,0.00,0.00
215.50,125.90,34.10,0.00,0.00,0.00,0.00,0.00
215.30,125.40,34.10,0.00,0.00,0.00,0.00,0.00
210.30,121.40,32.90,0.00,0.00,0.00,0.00,0.00
216.50,128.80,38.20,0.00,0.00,0.00,0.00,0.00
222.60,128.90,34.50,0.00,0.00,0.00,0.00,0.00
222.80,130.70,34.40,0.00,0.00,0.00,0.00,0.00
217.40,126.00,33.80,0.00,0.00,0.00,0.00,0.00
221.00,129.40,32.30,0.00,0.00,0.00,0.00,0.00
216.40,126.40,34.40,0.00,0.00,0.00,0.00,0.00
214.90,125.40,33.60,0.00,0.00,0.00,0.00,0.00
217.40,129.30,32.90,0.00,0.00,0.00,0.00,0.00
220.10,128.40,34.20,0.00,0.00,0.00,0.00,0.00
212.40,106.20,17.70,0.00,0.00,0.00,0.00,0.00
212.80,126.10,32.60,0.00,0.00,0.00,0.00,0.00
209.50,127.70,32.00,0.00,0.00,0.00,0.00,0.00
221.70,129.10,36.70,0.00,0.00,0.00,0.00,0.00
214.90,125.90,31.00,0.00,0.00,0.00,0.00,0.00
217.40,127.10,33.60,0.00,0.00,0.00,0.00,0.00
211.00,127.20,36.30,0.00,0.00,0.00,0.00,0.00
211.40,126.00,30.90,0.00,0.00,0.00,0.00,0.00
210.30,122.90,31.90,0.00,0.00,0.00,0.00,0.00
220.40,130.60,32.60,0.00,0.00,0.00,0.00,0.00
212.10,127.30,35.70,0.00,0.00,0.00,0.00,0.00
218.60,127.50,35.70,0.00,0.00,0.00,0.00,0.00
215.70,130.70,34.60,0.00,0.00,0.00,0.00,0.00
214.20,129.00,32.30,0.00,0.00,0.00,0.00,0.00
223.80,130.60,35.40,0.00,0.00,0.00,0.00,0.00
220.60,129.30,33.50,0.00,0.00,0.00,0.00,0.00
217.40,134.50,32.90,0.00,0.00,0.00,0.00,0.00
212.80,124.10,33.20,0.00,0.00,0.00,0.00,0.00
212.40,122.00,30.50,0.00,0.00,0.00,0.00,0.00
219.00,133.00,35.20,0.00,0.00,0.00,0.00,0.00
206.60,122.00,33.60,0.00,0.00,0.00,0.00,0.00
216.60,125.20,34.80,0.00,0.00,0.00,0.00,0.00
220.10,132.80,36.10,0.00,0.00,0.00,0.00,0.00
215.40,128.10,33.10,0.00,0.00,0.00,0.00,0.00
213.70,127.80,31.60,0.00,0.00,0.00,0.00,0.00
216.30,125.80,33.50,0.00,0.00,0.00,0.00,0.00
210.20,126.80,33.60,0.00,0.00,0.00,0.00,0.00
217.00,126.60,32.00,0.00,0.00,0.00,0.00,0.00
214.70,128.80,32.90,0.00,0.00,0.00,0.00,0.00
218.30,130.40,34.50,0.00,0.00,0.00,0.00,0.00
249.10,105.50,31.00,0.00,0.00,0.00,0.00,0.00
223.50,133.30,34.80,0.00,0.00,0.00,0.00,0.00
227.60,132.20,33.80,0.00,0.00,0.00,0.00,0.00
223.10,131.40,36.30,0.00,0.00,0.00,0.00,0.00
219.40,132.30,31.90,0.00,0.00,0.00,0.00,0.00
230.00,131.60,37.50,0.00,0.00,0.00,0.00,0.00
225.50,133.00,33.80,0.00,0.00,0.00,0.00,0.00
225.50,134.90,33.00,0.00,0.00,0.00,0.00,0.00
231.70,137.20,36.60,0.00,0.00,0.00,0.00,0.00
228.60,133.20,35.00,0.00,0.00,0.00,0.00,0.00
226.60,133.50,36.30,0.00,0.00,0.00,0.00,0.00
220.10,129.00,34.20,0.00,0.00,0.00,0.00,0.00
229.10,136.60,35.50,0.00,0.00,0.00,0.00,0.00
225.80,130.40,34.50,0.00,0.00,0.00,0.00,0.00
228.70,137.50,36.50,0.00,0.00,0.00,0.00,0.00
233.80,138.10,35.60,0.00,0.00,0.00,0.00,0.00
232.00,138.10,34.10,0.00,0.00,0.00,0.00,0.00
228.80,131.00,37.30,0.00,0.00,0.00,0.00,0.00
225.40,133.60,32.30,0.00,0.00,0.00,0.00,0.00
229.30,136.70,38.30,0.00,0.00,0.00,0.00,0.00
219.80,128.80,37.60,0.00,0.00,0.00,0.00,0.00
227.30,132.90,33.60,0.00,0.00,0.00,0.00,0.00
236.90,137.80,37.20,0.00,0.00,0.00,0.00,0.00
223.70,134.70,33.90,0.00,0.00,0.00,0.00,0.00
234.90,138.40,37.40,0.00,0.00,0.00,0.00,0.00
224.40,132.40,34.50,0.00,0.00,0.00,0.00,0.00
228.20,134.80,32.60,0.00,0.00,0.00,0.00,0.00
225.90,130.80,36.60,0.00,0.00,0.00,0.00,0.00
231.30,133.90,34.10,0.00,0.00,0.00,0.00,0.00
223.40,135.30,35.40,0.00,0.00,0.00,0.00,0.00
243.20,130.20,62.00,0.00,0.00,0.00,0.00,0.00
234.10,138.10,36.00,0.00,0.00,0.00,0.00,0.00
235.40,136.50,34.20,0.00,0.00,0.00,0.00,0.00
233.60,137.00,37.50,0.00,0.00,0.00,0.00,0.00
222.60,131.30,32.30,0.00,0.00,0.00,0.00,0.00
226.40,130.50,35.60,0.00,0.00,0.00,0.00,0.00
233.70,138.30,35.90,0.00,0.00,0.00,0.00,0.00
238.20,139.80,36.00,0.00,0.00,0.00,0.00,0.00
235.90,139.80,36.10,0.00,0.00,0.00,0.00,0.00
234.60,138.30,34.60,0.00,0.00,0.00,0.00,0.00
231.30,132.00,38.90,0.00,0.00,0.00,0.00,0.00
225.30,135.50,33.30,0.00,0.00,0.00,0.00,0.00
229.80,134.70,35.70,0.00,0.00,0.00,0.00,0.00
239.60,139.70,34.80,0.00,0.00,0.00,0.00,0.00
227.30,135.00,36.00,0.00,0.00,0.00,0.00,0.00
231.30,134.10,35.70,0.00,0.00,0.00,0.00,0.00
226.50,130.60,33.30,0.00,0.00,0.00,0.00,0.00
227.80,134.80,34.40,0.00,0.00,0.00,0.00,0.00
235.50,139.30,37.00,0.00,0.00,0.00,0.00,0.00
230.80,137.60,37.20,0.00,0.00,0.00,0.00,0.00
222.40,132.60,37.50,0.00,0.00,0.00,0.00,0.00
238.60,139.20,35.70,0.00,0.00,0.00,0.00,0.00
234.20,137.10,35.70,0.00,0.00,0.00,0.00,0.00
231.50,135.80,33.80,0.00,0.00,0.00,0.00,0.00
223.20,131.00,34.00,0.00,0.00,0.00,0.00,0.00
228.40,133.00,34.10,0.00,0.00,0.00,0.00,0.00
239.70,144.70,36.40,0.00,0.00,0.00,0.00,0.00
227.50,129.10,35.10,0.00,0.00,0.00,0.00,0.00
228.50,134.80,35.40,0.00,0.00,0.00,0.00,0.00
230.50,136.60,34.00,0.00,0.00,0.00,0.00,0.00
186.70,55.80,18.60,0.00,0.00,0.00,0.00,0.00
130.70,76.10,21.30,0.00,0.00,0.00,0.00,0.00
5.90,2.90,0.90,0.00,0.00,0.00,0.00,0.00
0.00,0.00,0.00,0.00,0.00,0.00,0.00,0.00
0.00,0.00,0.60,0.00,0.00,0.00,0.00,0.00
0.00,0.00,0.30,0.00,0.00,0.00,0.00,0.00
0.00,0.00,0.30,0.00,0.00,0.00,0.00,0.00
0.30,0.00,0.30,0.00,0.00,0.00,0.00,0.00
0.00,0.00,0.00,0.00,0.00,0.00,0.00,0.00
0.00,0.00,0.70,0.00,0.00,0.00,0.00,0.00
0.00,0.00,0.30,0.00,0.00,0.00,0.00,0.00
0.00,0.00,0.70,0.00,0.00,0.00,0.00,0.00
0.00,0.00,0.30,0.00,0.00,0.00,0.00,0.00
0.00,0.00,0.30,0.00,0.00,0.00,0.00,0.00
0.00,0.00,0.30,0.00,0.00,0.00,0.00,0.00
0.00,0.00,0.60,0.00,0.00,0.00,0.00,0.00
0.00,0.00,0.00,0.00,0.00,0.00,0.00,0.00
0.00,0.00,0.70,0.00,0.00,0.00,0.00,0.00
0.00,0.00,0.00,0.00,0.00,0.00,0.00,0.00
0.00,0.00,0.00,0.00,0.00,0.00,0.00,0.00
0.00,0.00,0.00,0.00,0.00,0.00,0.00,0.00
0.00,0.00,0.00,0.00,0.00,0.00,0.00,0.00
0.00,0.00,0.00,0.00,0.00,0.00,0.00,0.00
0.00,0.00,0.00,0.00,0.00,0.00,0.00,0.00
0.00,0.00,0.00,0.00,0.00,0.00,0.00,0.00
0.00,0.00,0.00,0.00,0.00,0.00,0.00,0.00
0.00,0.00,0.00,0.00,0.00,0.00,0.00,0.00
0.00,0.00,0.00,0.00,0.00,0.00,0.00,0.00
0.00,0.00,0.00,0.00,0.00,0.00,0.00,0.00
0.00,0.00,0.00,0.00,0.00,0.00,0.00,0.00
