#safe_timer,msgr-worker,io_context_pool,fio,log,ceph_timer,ms_dispatch,taskfin_librbd
0.00,0.00,0.00,0.00,0.00,0.00,0.00,0.00
12.80,9.60,6.40,3.40,3.20,3.20,3.20,3.20
12.80,9.60,6.40,3.40,3.20,3.20,3.20,3.20
12.80,9.60,6.40,3.40,3.20,3.20,3.20,3.20
12.80,9.60,6.40,3.40,3.20,3.20,3.20,3.20
12.80,9.60,6.40,3.40,3.20,3.20,3.20,3.20
12.80,9.60,6.40,3.40,3.20,3.20,3.20,3.20
12.80,9.60,6.40,3.40,3.20,3.20,3.20,3.20
12.80,9.60,6.40,3.40,3.20,3.20,3.20,3.20
12.80,9.60,6.40,3.40,3.20,3.20,3.20,3.20
12.80,9.60,6.40,3.40,3.20,3.20,3.20,3.20
25.60,19.20,12.80,6.80,6.40,6.40,6.40,6.40
25.60,19.20,12.80,6.80,6.40,6.40,6.40,6.40
25.60,19.20,12.80,6.80,6.40,6.40,6.40,6.40
25.60,19.20,12.80,6.80,6.40,6.40,6.40,6.40
25.60,19.20,12.80,6.80,6.40,6.40,6.40,6.40
25.60,19.20,12.80,6.80,6.40,6.40,6.40,6.40
25.60,19.20,12.80,6.80,6.40,6.40,6.40,6.40
25.60,19.20,12.80,6.80,6.40,6.40,6.40,6.40
25.60,19.20,12.80,6.80,6.40,6.40,6.40,6.40
25.60,19.20,12.80,6.80,6.40,6.40,6.40,6.40
25.60,19.20,12.80,6.80,6.40,6.40,6.40,6.40
38.40,28.80,19.20,10.20,9.60,9.60,9.60,9.60
38.40,28.80,19.20,10.20,9.60,9.60,9.60,9.60
38.40,28.80,19.20,10.20,9.60,9.60,9.60,9.60
38.40,28.80,19.20,10.20,9.60,9.60,9.60,9.60
38.40,28.80,19.20,10.20,9.60,9.60,9.60,9.60
38.40,28.80,19.20,10.20,9.60,9.60,9.60,9.60
38.40,28.80,19.20,10.20,9.60,9.60,9.60,9.60
38.40,28.80,19.20,10.20,9.60,9.60,9.60,9.60
0.00,0.00,0.00,0.00,0.00,0.00,0.00,0.00
12.80,9.60,6.40,3.40,3.20,3.20,3.20,3.20
12.80,9.60,6.40,3.40,3.20,3.20,3.20,3.20
12.80,9.60,6.40,3.40,3.20,3.20,3.20,3.20
12.80,9.60,6.40,3.40,3.20,3.20,3.20,3.20
12.80,9.60,6.40,3.40,3.20,3.20,3.20,3.20
12.80,9.60,6.40,3.40,3.20,3.20,3.20,3.20
12.80,9.60,6.40,3.40,3.20,3.20,3.20,3.20
12.80,9.60,6.40,3.40,3.20,3.20,3.20,3.20
12.80,9.60,6.40,3.40,3.20,3.20,3.20,3.20
12.80,9.60,6.40,3.40,3.20,3.20,3.20,3.20
12.80,9.60,6.40,3.40,3.20,3.20,3.20,3.20
25.60,19.20,12.80,6.80,6.40,6.40,6.40,6.40
25.60,19.20,12.80,6.80,6.40,6.40,6.40,6.40
25.60,19.20,12.80,6.80,6.40,6.40,6.40,6.40
25.60,19.20,12.80,6.80,6.40,6.40,6.40,6.40
25.60,19.20,12.80,6.80,6.40,6.40,6.40,6.40
25.60,19.20,12.80,6.80,6.40,6.40,6.40,6.40
25.60,19.20,12.80,6.80,6.40,6.40,6.40,6.40
25.60,19.20,12.80,6.80,6.40,6.40,6.40,6.40
25.60,19.20,12.80,6.80,6.40,6.40,6.40,6.40
25.60,19.20,12.80,6.80,6.40,6.40,6.40,6.40
38.40,28.80,19.20,10.20,9.60,9.60,9.60,9.60
38.40,28.80,19.20,10.20,9.60,9.60,9.60,9.60
38.40,28.80,19.20,10.20,9.60,9.60,9.60,9.60
38.40,28.80,19.20,10.20,9.60,9.60,9.60,9.60
38.40,28.80,19.20,10.20,9.60,9.60,9.60,9.60
38.40,28.80,19.20,10.20,9.60,9.60,9.60,9.60
38.40,28.80,19.20,10.20,9.60,9.60,9.60,9.60
38.40,28.80,19.20,10.20,9.60,9.60,9.60,9.60
0.00,0.00,0.00,0.00,0.00,0.00,0.00,0.00
12.80,9.60,6.40,3.40,3.20,3.20,3.20,3.20
12.80,9.60,6.40,3.40,3.20,3.20,3.20,3.20
12.80,9.60,6.40,3.40,3.20,3.20,3.20,3.20
12.80,9.60,6.40,3.40,3.20,3.20,3.20,3.20
12.80,9.60,6.40,3.40,3.20,3.20,3.20,3.20
12.80,9.60,6.40,3.40,3.20,3.20,3.20,3.20
12.80,9.60,6.40,3.40,3.20,3.20,3.20,3.20
12.80,9.60,6.40,3.40,3.20,3.20,3.20,3.20
12.80,9.60,6.40,3.40,3.20,3.20,3.20,3.20
12.80,9.60,6.40,3.40,3.20,3.20,3.20,3.20
12.80,9.60,6.40,3.40,3.20,3.20,3.20,3.20
12.80,9.60,6.40,3.40,3.20,3.20,3.20,3.20
12.80,9.60,6.40,3.40,3.20,3.20,3.20,3.20
12.80,9.60,6.40,3.40,3.20,3.20,3.20,3.20
12.80,9.60,6.40,3.40,3.20,3.20,3.20,3.20
25.60,19.20,12.80,6.80,6.40,6.40,6.40,6.40
25.60,19.20,12.80,6.80,6.40,6.40,6.40,6.40
25.60,19.20,12.80,6.80,6.40,6.40,6.40,6.40
25.60,19.20,12.80,6.80,6.40,6.40,6.40,6.40
25.60,19.20,12.80,6.80,6.40,6.40,6.40,6.40
25.60,19.20,12.80,6.80,6.40,6.40,6.40,6.40
38.40,28.80,19.20,10.20,9.60,9.60,9.60,9.60
38.40,28.80,19.20,10.20,9.60,9.60,9.60,9.60
38.40,28.80,19.20,10.20,9.60,9.60,9.60,9.60
38.40,28.80,19.20,10.20,9.60,9.60,9.60,9.60
38.40,28.80,19.20,10.20,9.60,9.60,9.60,9.60
38.40,28.80,19.20,10.20,9.60,9.60,9.60,9.60
38.40,28.80,19.20,10.20,9.60,9.60,9.60,9.60
38.40,28.80,19.20,10.20,9.60,9.60,9.60,9.60
12.80,9.60,6.40,3.40,3.20,3.20,3.20,3.20
12.80,9.60,6.40,3.40,3.20,3.20,3.20,3.20
12.80,9.60,6.40,3.40,3.20,3.20,3.20,3.20
12.80,9.60,6.40,3.40,3.20,3.20,3.20,3.20
12.80,9.60,6.40,3.40,3.20,3.20,3.20,3.20
12.80,9.60,6.40,3.40,3.20,3.20,3.20,3.20
12.80,9.60,6.40,3.40,3.20,3.20,3.20,3.20
12.80,9.60,6.40,3.40,3.20,3.20,3.20,3.20
12.80,9.60,6.40,3.40,3.20,3.20,3.20,3.20
12.80,9.60,6.40,3.40,3.20,3.20,3.20,3.20
12.80,9.60,6.40,3.40,3.20,3.20,3.20,3.20
12.80,9.60,6.40,3.40,3.20,3.20,3.20,3.20
25.60,19.20,12.80,6.80,6.40,6.40,6.40,6.40
25.60,19.20,12.80,6.80,6.40,6.40,6.40,6.40
25.60,19.20,12.80,6.80,6.40,6.40,6.40,6.40
25.60,19.20,12.80,6.80,6.40,6.40,6.40,6.40
25.60,19.20,12.80,6.80,6.40,6.40,6.40,6.40
25.60,19.20,12.80,6.80,6.40,6.40,6.40,6.40
25.60,19.20,12.80,6.80,6.40,6.40,6.40,6.40
25.60,19.20,12.80,6.80,6.40,6.40,6.40,6.40
25.60,19.20,12.80,6.80,6.40,6.40,6.40,6.40
25.60,19.20,12.80,6.80,6.40,6.40,6.40,6.40
38.40,28.80,19.20,10.20,9.60,9.60,9.60,9.60
38.40,28.80,19.20,10.20,9.60,9.60,9.60,9.60
38.40,28.80,19.20,10.20,9.60,9.60,9.60,9.60
38.40,28.80,19.20,10.20,9.60,9.60,9.60,9.60
38.40,28.80,19.20,10.20,9.60,9.60,9.60,9.60
38.40,28.80,19.20,10.20,9.60,9.60,9.60,9.60
38.40,28.80,19.20,10.20,9.60,9.60,9.60,9.60
38.40,28.80,19.20,10.20,9.60,9.60,9.60,9.60
12.80,9.60,6.40,3.40,3.20,3.20,3.20,3.20
12.80,9.60,6.40,3.40,3.20,3.20,3.20,3.20
12.80,9.60,6.40,3.40,3.20,3.20,3.20,3.20
12.80,9.60,6.40,3.40,3.20,3.20,3.20,3.20
12.80,9.60,6.40,3.40,3.20,3.20,3.20,3.20
12.80,9.60,6.40,3.40,3.20,3.20,3.20,3.20
12.80,9.60,6.40,3.40,3.20,3.20,3.20,3.20
12.80,9.60,6.40,3.40,3.20,3.20,3.20,3.20
12.80,9.60,6.40,3.40,3.20,3.20,3.20,3.20
12.80,9.60,6.40,3.40,3.20,3.20,3.20,3.20
12.80,9.60,6.40,3.40,3.20,3.20,3.20,3.20
12.80,9.60,6.40,3.40,3.20,3.20,3.20,3.20
12.80,9.60,6.40,3.40,3.20,3.20,3.20,3.20
25.60,19.20,12.80,6.80,6.40,6.40,6.40,6.40
25.60,19.20,12.80,6.80,6.40,6.40,6.40,6.40
25.60,19.20,12.80,6.80,6.40,6.40,6.40,6.40
25.60,19.20,12.80,6.80,6.40,6.40,6.40,6.40
25.60,19.20,12.80,6.80,6.40,6.40,6.40,6.40
25.60,19.20,12.80,6.80,6.40,6.40,6.40,6.40
25.60,19.20,12.80,6.80,6.40,6.40,6.40,6.40
25.60,19.20,12.80,6.80,6.40,6.40,6.40,6.40
25.60,19.20,12.80,6.80,6.40,6.40,6.40,6.40
25.60,19.20,12.80,6.80,6.40,6.40,6.40,6.40
25.60,19.20,12.80,6.80,6.40,6.40,6.40,6.40
25.60,19.20,12.80,6.80,6.40,6.40,6.40,6.40
25.60,19.20,12.80,6.80,6.40,6.40,6.40,6.40
25.60,19.20,12.80,6.80,6.40,6.40,6.40,6.40
38.40,28.80,19.20,10.20,9.60,9.60,9.60,9.60
38.40,28.80,19.20,10.20,9.60,9.60,9.60,9.60
38.40,28.80,19.20,10.20,9.60,9.60,9.60,9.60
12.80,9.60,6.40,3.40,3.20,3.20,3.20,3.20
12.40,9.30,6.20,3.30,3.10,3.10,3.10,3.10
11.20,8.40,5.60,3.00,2.80,2.80,2.80,2.80
11.20,8.40,5.60,3.00,2.80,2.80,2.80,2.80
10.80,8.10,5.40,2.90,2.70,2.70,2.70,2.70
10.40,7.80,5.20,2.80,2.60,2.60,2.60,2.60
10.40,7.80,5.20,2.80,2.60,2.60,2.60,2.60
10.40,7.80,5.20,2.80,2.60,2.60,2.60,2.60
10.00,7.50,5.00,2.70,2.50,2.50,2.50,2.50
9.60,7.20,4.80,2.60,2.40,2.40,2.40,2.40
9.60,7.20,4.80,2.60,2.40,2.40,2.40,2.40
9.60,7.20,4.80,2.60,2.40,2.40,2.40,2.40
9.60,7.20,4.80,2.60,2.40,2.40,2.40,2.40
9.60,7.20,4.80,2.60,2.40,2.40,2.40,2.40
9.60,7.20,4.80,2.60,2.40,2.40,2.40,2.40
9.60,7.20,4.80,2.60,2.40,2.40,2.40,2.40
9.60,7.20,4.80,2.60,2.40,2.40,2.40,2.40
9.60,7.20,4.80,2.60,2.40,2.40,2.40,2.40
9.20,6.90,4.60,2.50,2.30,2.30,2.30,2.30
9.20,6.90,4.60,2.50,2.30,2.30,2.30,2.30
18.40,13.80,9.20,5.00,4.60,4.60,4.60,4.60
18.40,13.80,9.20,5.00,4.60,4.60,4.60,4.60
18.40,13.80,9.20,5.00,4.60,4.60,4.60,4.60
18.40,13.80,9.20,5.00,4.60,4.60,4.60,4.60
16.00,12.00,8.00,4.40,4.00,4.00,4.00,4.00
16.00,12.00,8.00,4.40,4.00,4.00,4.00,4.00
16.00,12.00,8.00,4.40,4.00,4.00,4.00,4.00
16.00,12.00,8.00,4.40,4.00,4.00,4.00,4.00
16.00,12.00,8.00,4.40,4.00,4.00,4.00,4.00
16.00,12.00,8.00,4.40,4.00,4.00,4.00,4.00
12.80,9.60,6.40,3.40,3.20,3.20,3.20,3.20
10.00,7.50,5.00,2.70,2.50,2.50,2.50,2.50
9.20,6.90,4.60,2.50,2.30,2.30,2.30,2.30
8.40,6.30,4.20,2.30,2.10,2.10,2.10,2.10
8.40,6.30,4.20,2.30,2.10,2.10,2.10,2.10
7.20,5.40,3.60,2.00,1.80,1.80,1.80,1.80
7.20,5.40,3.60,2.00,1.80,1.80,1.80,1.80
7.20,5.40,3.60,2.00,1.80,1.80,1.80,1.80
6.80,5.10,3.40,1.90,1.70,1.70,1.70,1.70
6.40,4.80,3.20,1.80,1.60,1.60,1.60,1.60
6.40,4.80,3.20,1.80,1.60,1.60,1.60,1.60
6.40,4.80,3.20,1.80,1.60,1.60,1.60,1.60
6.40,4.80,3.20,1.80,1.60,1.60,1.60,1.60
6.00,4.50,3.00,1.70,1.50,1.50,1.50,1.50
6.00,4.50,3.00,1.70,1.50,1.50,1.50,1.50
6.00,4.50,3.00,1.70,1.50,1.50,1.50,1.50
6.00,4.50,3.00,1.70,1.50,1.50,1.50,1.50
12.00,9.00,6.00,3.40,3.00,3.00,3.00,3.00
12.00,9.00,6.00,3.40,3.00,3.00,3.00,3.00
12.00,9.00,6.00,3.40,3.00,3.00,3.00,3.00
12.00,9.00,6.00,3.40,3.00,3.00,3.00,3.00
12.00,9.00,6.00,3.40,3.00,3.00,3.00,3.00
12.00,9.00,6.00,3.40,3.00,3.00,3.00,3.00
12.00,9.00,6.00,3.40,3.00,3.00,3.00,3.00
12.00,9.00,6.00,3.40,3.00,3.00,3.00,3.00
12.00,9.00,6.00,3.40,3.00,3.00,3.00,3.00
12.00,9.00,6.00,3.40,3.00,3.00,3.00,3.00
12.00,9.00,6.00,3.40,3.00,3.00,3.00,3.00
12.00,9.00,6.00,3.40,3.00,3.00,3.00,3.00
12.00,9.00,6.00,3.40,3.00,3.00,3.00,3.00
12.80,9.60,6.40,3.40,3.20,3.20,3.20,3.20
8.00,6.00,4.00,2.20,2.00,2.00,2.00,2.00
7.20,5.40,3.60,2.00,1.80,1.80,1.80,1.80
7.20,5.40,3.60,2.00,1.80,1.80,1.80,1.80
6.40,4.80,3.20,1.80,1.60,1.60,1.60,1.60
5.60,4.20,2.80,1.60,1.40,1.40,1.40,1.40
5.20,3.90,2.60,1.50,1.30,1.30,1.30,1.30
4.80,3.60,2.40,1.40,1.20,1.20,1.20,1.20
4.80,3.60,2.40,1.40,1.20,1.20,1.20,1.20
4.40,3.30,2.20,1.30,1.10,1.10,1.10,1.10
4.40,3.30,2.20,1.30,1.10,1.10,1.10,1.10
4.00,3.00,2.00,1.20,1.00,1.00,1.00,1.00
4.00,3.00,2.00,1.20,1.00,1.00,1.00,1.00
4.00,3.00,2.00,1.20,1.00,1.00,1.00,1.00
4.00,3.00,2.00,1.20,1.00,1.00,1.00,1.00
4.00,3.00,2.00,1.20,1.00,1.00,1.00,1.00
4.00,3.00,2.00,1.20,1.00,1.00,1.00,1.00
4.00,3.00,2.00,1.20,1.00,1.00,1.00,1.00
4.00,3.00,2.00,1.20,1.00,1.00,1.00,1.00
4.00,3.00,2.00,1.20,1.00,1.00,1.00,1.00
4.00,3.00,2.00,1.20,1.00,1.00,1.00,1.00
8.00,6.00,4.00,2.40,2.00,2.00,2.00,2.00
8.00,6.00,4.00,2.40,2.00,2.00,2.00,2.00
8.00,6.00,4.00,2.40,2.00,2.00,2.00,2.00
8.00,6.00,4.00,2.40,2.00,2.00,2.00,2.00
8.00,6.00,4.00,2.40,2.00,2.00,2.00,2.00
8.00,6.00,4.00,2.40,2.00,2.00,2.00,2.00
8.00,6.00,4.00,2.40,2.00,2.00,2.00,2.00
8.00,6.00,4.00,2.40,2.00,2.00,2.00,2.00
8.00,6.00,4.00,2.40,2.00,2.00,2.00,2.00
12.80,9.60,6.40,3.40,3.20,3.20,3.20,3.20
5.60,4.20,2.80,1.60,1.40,1.40,1.40,1.40
4.80,3.60,2.40,1.40,1.20,1.20,1.20,1.20
4.40,3.30,2.20,1.30,1.10,1.10,1.10,1.10
4.40,3.30,2.20,1.30,1.10,1.10,1.10,1.10
4.40,3.30,2.20,1.30,1.10,1.10,1.10,1.10
4.00,3.00,2.00,1.20,1.00,1.00,1.00,1.00
4.00,3.00,2.00,1.20,1.00,1.00,1.00,1.00
3.60,2.70,1.80,1.10,0.90,0.90,0.90,0.90
3.60,2.70,1.80,1.10,0.90,0.90,0.90,0.90
3.60,2.70,1.80,1.10,0.90,0.90,0.90,0.90
3.60,2.70,1.80,1.10,0.90,0.90,0.90,0.90
3.60,2.70,1.80,1.10,0.90,0.90,0.90,0.90
3.60,2.70,1.80,1.10,0.90,0.90,0.90,0.90
3.60,2.70,1.80,1.10,0.90,0.90,0.90,0.90
3.20,2.40,1.60,1.00,0.80,0.80,0.80,0.80
3.20,2.40,1.60,1.00,0.80,0.80,0.80,0.80
3.20,2.40,1.60,1.00,0.80,0.80,0.80,0.80
6.40,4.80,3.20,2.00,1.60,1.60,1.60,1.60
6.40,4.80,3.20,2.00,1.60,1.60,1.60,1.60
6.40,4.80,3.20,2.00,1.60,1.60,1.60,1.60
6.40,4.80,3.20,2.00,1.60,1.60,1.60,1.60
6.40,4.80,3.20,2.00,1.60,1.60,1.60,1.60
6.40,4.80,3.20,2.00,1.60,1.60,1.60,1.60
6.40,4.80,3.20,2.00,1.60,1.60,1.60,1.60
6.40,4.80,3.20,2.00,1.60,1.60,1.60,1.60
6.40,4.80,3.20,2.00,1.60,1.60,1.60,1.60
6.40,4.80,3.20,2.00,1.60,1.60,1.60,1.60
6.40,4.80,3.20,2.00,1.60,1.60,1.60,1.60
6.40,4.80,3.20,2.00,1.60,1.60,1.60,1.60
12.80,9.60,6.40,3.40,3.20,3.20,3.20,3.20
6.40,4.80,3.20,1.80,1.60,1.60,1.60,1.60
2.80,2.10,1.40,0.90,0.70,0.70,0.70,0.70
2.80,2.10,1.40,0.90,0.70,0.70,0.70,0.70
2.80,2.10,1.40,0.90,0.70,0.70,0.70,0.70
2.80,2.10,1.40,0.90,0.70,0.70,0.70,0.70
2.80,2.10,1.40,0.90,0.70,0.70,0.70,0.70
2.40,1.80,1.20,0.80,0.60,0.60,0.60,0.60
2.40,1.80,1.20,0.80,0.60,0.60,0.60,0.60
2.40,1.80,1.20,0.80,0.60,0.60,0.60,0.60
2.40,1.80,1.20,0.80,0.60,0.60,0.60,0.60
2.40,1.80,1.20,0.80,0.60,0.60,0.60,0.60
2.40,1.80,1.20,0.80,0.60,0.60,0.60,0.60
2.40,1.80,1.20,0.80,0.60,0.60,0.60,0.60
2.40,1.80,1.20,0.80,0.60,0.60,0.60,0.60
2.40,1.80,1.20,0.80,0.60,0.60,0.60,0.60
2.40,1.80,1.20,0.80,0.60,0.60,0.60,0.60
2.40,1.80,1.20,0.80,0.60,0.60,0.60,0.60
2.40,1.80,1.20,0.80,0.60,0.60,0.60,0.60
2.40,1.80,1.20,0.80,0.60,0.60,0.60,0.60
2.40,1.80,1.20,0.80,0.60,0.60,0.60,0.60
2.40,1.80,1.20,0.80,0.60,0.60,0.60,0.60
2.40,1.80,1.20,0.80,0.60,0.60,0.60,0.60
4.80,3.60,2.40,1.60,1.20,1.20,1.20,1.20
4.80,3.60,2.40,1.60,1.20,1.20,1.20,1.20
4.80,3.60,2.40,1.60,1.20,1.20,1.20,1.20
4.80,3.60,2.40,1.60,1.20,1.20,1.20,1.20
4.80,3.60,2.40,1.60,1.20,1.20,1.20,1.20
4.80,3.60,2.40,1.60,1.20,1.20,1.20,1.20
4.80,3.60,2.40,1.60,1.20,1.20,1.20,1.20
