#safe_timer,msgr-worker,io_context_pool,fio,log,ceph_timer,ms_dispatch,taskfin_librbd
0.00,0.00,0.00,0.00,0.00,0.00,0.00,0.00
12.80,9.60,6.40,3.40,3.20,3.20,3.20,3.20
12.80,9.60,6.40,3.40,3.20,3.20,3.20,3.20
12.80,9.60,6.40,3.40,3.20,3.20,3.20,3.20
12.80,9.60,6.40,3.40,3.20,3.20,3.20,3.20
12.80,9.60,6.40,3.40,3.20,3.20,3.20,3.20
12.80,9.60,6.40,3.40,3.20,3.20,3.20,3.20
12.80,9.60,6.40,3.40,3.20,3.20,3.20,3.20
12.80,9.60,6.40,3.40,3.20,3.20,3.20,3.20
12.80,9.60,6.40,3.40,3.20,3.20,3.20,3.20
12.80,9.60,6.40,3.40,3.20,3.20,3.20,3.20
12.80,9.60,6.40,3.40,3.20,3.20,3.20,3.20
12.80,9.60,6.40,3.40,3.20,3.20,3.20,3.20
12.80,9.60,6.40,3.40,3.20,3.20,3.20,3.20
12.80,9.60,6.40,3.40,3.20,3.20,3.20,3.20
12.80,9.60,6.40,3.40,3.20,3.20,3.20,3.20
12.80,9.60,6.40,3.40,3.20,3.20,3.20,3.20
12.80,9.60,6.40,3.40,3.20,3.20,3.20,3.20
12.80,9.60,6.40,3.40,3.20,3.20,3.20,3.20
12.80,9.60,6.40,3.40,3.20,3.20,3.20,3.20
12.80,9.60,6.40,3.40,3.20,3.20,3.20,3.20
12.80,9.60,6.40,3.40,3.20,3.20,3.20,3.20
12.80,9.60,6.40,3.40,3.20,3.20,3.20,3.20
12.80,9.60,6.40,3.40,3.20,3.20,3.20,3.20
12.80,9.60,6.40,3.40,3.20,3.20,3.20,3.20
12.80,9.60,6.40,3.40,3.20,3.20,3.20,3.20
12.80,9.60,6.40,3.40,3.20,3.20,3.20,3.20
12.80,9.60,6.40,3.40,3.20,3.20,3.20,3.20
12.80,9.60,6.40,3.40,3.20,3.20,3.20,3.20
12.80,9.60,6.40,3.40,3.20,3.20,3.20,3.20
0.00,0.00,0.00,0.00,0.00,0.00,0.00,0.00
0.00,0.00,0.00,0.00,0.00,0.00,0.00,0.00
12.80,9.60,6.40,3.40,3.20,3.20,3.20,3.20
12.80,9.60,6.40,3.40,3.20,3.20,3.20,3.20
12.80,9.60,6.40,3.40,3.20,3.20,3.20,3.20
12.80,9.60,6.40,3.40,3.20,3.20,3.20,3.20
12.80,9.60,6.40,3.40,3.20,3.20,3.20,3.20
12.80,9.60,6.40,3.40,3.20,3.20,3.20,3.20
12.80,9.60,6.40,3.40,3.20,3.20,3.20,3.20
12.80,9.60,6.40,3.40,3.20,3.20,3.20,3.20
12.80,9.60,6.40,3.40,3.20,3.20,3.20,3.20
12.80,9.60,6.40,3.40,3.20,3.20,3.20,3.20
12.80,9.60,6.40,3.40,3.20,3.20,3.20,3.20
12.80,9.60,6.40,3.40,3.20,3.20,3.20,3.20
12.80,9.60,6.40,3.40,3.20,3.20,3.20,3.20
12.80,9.60,6.40,3.40,3.20,3.20,3.20,3.20
12.80,9.60,6.40,3.40,3.20,3.20,3.20,3.20
12.80,9.60,6.40,3.40,3.20,3.20,3.20,3.20
12.80,9.60,6.40,3.40,3.20,3.20,3.20,3.20
12.80,9.60,6.40,3.40,3.20,3.20,3.20,3.20
12.80,9.60,6.40,3.40,3.20,3.20,3.20,3.20
12.80,9.60,6.40,3.40,3.20,3.20,3.20,3.20
12.80,9.60,6.40,3.40,3.20,3.20,3.20,3.20
12.80,9.60,6.40,3.40,3.20,3.20,3.20,3.20
12.80,9.60,6.40,3.40,3.20,3.20,3.20,3.20
12.80,9.60,6.40,3.40,3.20,3.20,3.20,3.20
12.80,9.60,6.40,3.40,3.20,3.20,3.20,3.20
12.80,9.60,6.40,3.40,3.20,3.20,3.20,3.20
12.80,9.60,6.40,3.40,3.20,3.20,3.20,3.20
12.80,9.60,6.40,3.40,3.20,3.20,3.20,3.20
0.00,0.00,0.00,0.00,0.00,0.00,0.00,0.00
0.00,0.00,0.00,0.00,0.00,0.00,0.00,0.00
12.80,9.60,6.40,3.40,3.20,3.20,3.20,3.20
12.80,9.60,6.40,3.40,3.20,3.20,3.20,3.20
12.80,9.60,6.40,3.40,3.20,3.20,3.20,3.20
12.80,9.60,6.40,3.40,3.20,3.20,3.20,3.20
12.80,9.60,6.40,3.40,3.20,3.20,3.20,3.20
12.80,9.60,6.40,3.40,3.20,3.20,3.20,3.20
12.80,9.60,6.40,3.40,3.20,3.20,3.20,3.20
12.80,9.60,6.40,3.40,3.20,3.20,3.20,3.20
12.80,9.60,6.40,3.40,3.20,3.20,3.20,3.20
12.80,9.60,6.40,3.40,3.20,3.20,3.20,3.20
12.80,9.60,6.40,3.40,3.20,3.20,3.20,3.20
12.80,9.60,6.40,3.40,3.20,3.20,3.20,3.20
12.80,9.60,6.40,3.40,3.20,3.20,3.20,3.20
12.80,9.60,6.40,3.40,3.20,3.20,3.20,3.20
12.80,9.60,6.40,3.40,3.20,3.20,3.20,3.20
12.80,9.60,6.40,3.40,3.20,3.20,3.20,3.20
12.80,9.60,6.40,3.40,3.20,3.20,3.20,3.20
12.80,9.60,6.40,3.40,3.20,3.20,3.20,3.20
12.80,9.60,6.40,3.40,3.20,3.20,3.20,3.20
12.80,9.60,6.40,3.40,3.20,3.20,3.20,3.20
12.80,9.60,6.40,3.40,3.20,3.20,3.20,3.20
12.80,9.60,6.40,3.40,3.20,3.20,3.20,3.20
12.80,9.60,6.40,3.40,3.20,3.20,3.20,3.20
12.80,9.60,6.40,3.40,3.20,3.20,3.20,3.20
12.80,9.60,6.40,3.40,3.20,3.20,3.20,3.20
12.80,9.60,6.40,3.40,3.20,3.20,3.20,3.20
12.80,9.60,6.40,3.40,3.20,3.20,3.20,3.20
12.80,9.60,6.40,3.40,3.20,3.20,3.20,3.20
0.00,0.00,0.00,0.00,0.00,0.00,0.00,0.00
12.80,9.60,6.40,3.40,3.20,3.20,3.20,3.20
12.80,9.60,6.40,3.40,3.20,3.20,3.20,3.20
12.80,9.60,6.40,3.40,3.20,3.20,3.20,3.20
12.80,9.60,6.40,3.40,3.20,3.20,3.20,3.20
12.80,9.60,6.40,3.40,3.20,3.20,3.20,3.20
12.80,9.60,6.40,3.40,3.20,3.20,3.20,3.20
12.80,9.60,6.40,3.40,3.20,3.20,3.20,3.20
12.80,9.60,6.40,3.40,3.20,3.20,3.20,3.20
12.80,9.60,6.40,3.40,3.20,3.20,3.20,3.20
12.80,9.60,6.40,3.40,3.20,3.20,3.20,3.20
12.80,9.60,6.40,3.40,3.20,3.20,3.20,3.20
12.80,9.60,6.40,3.40,3.20,3.20,3.20,3.20
12.80,9.60,6.40,3.40,3.20,3.20,3.20,3.20
12.80,9.60,6.40,3.40,3.20,3.20,3.20,3.20
12.80,9.60,6.40,3.40,3.20,3.20,3.20,3.20
12.80,9.60,6.40,3.40,3.20,3.20,3.20,3.20
12.80,9.60,6.40,3.40,3.20,3.20,3.20,3.20
12.80,9.60,6.40,3.40,3.20,3.20,3.20,3.20
12.80,9.60,6.40,3.40,3.20,3.20,3.20,3.20
12.80,9.60,6.40,3.40,3.20,3.20,3.20,3.20
12.80,9.60,6.40,3.40,3.20,3.20,3.20,3.20
12.80,9.60,6.40,3.40,3.20,3.20,3.20,3.20
12.80,9.60,6.40,3.40,3.20,3.20,3.20,3.20
0.00,0.00,0.00,0.00,0.00,0.00,0.00,0.00
0.00,0.00,0.00,0.00,0.00,0.00,0.00,0.00
0.00,0.00,0.00,0.00,0.00,0.00,0.00,0.00
0.00,0.00,0.00,0.00,0.00,0.00,0.00,0.00
0.00,0.00,0.00,0.00,0.00,0.00,0.00,0.00
0.00,0.00,0.00,0.00,0.00,0.00,0.00,0.00
12.80,9.60,6.40,3.40,3.20,3.20,3.20,3.20
12.80,9.60,6.40,3.40,3.20,3.20,3.20,3.20
12.80,9.60,6.40,3.40,3.20,3.20,3.20,3.20
12.80,9.60,6.40,3.40,3.20,3.20,3.20,3.20
12.80,9.60,6.40,3.40,3.20,3.20,3.20,3.20
12.80,9.60,6.40,3.40,3.20,3.20,3.20,3.20
12.80,9.60,6.40,3.40,3.20,3.20,3.20,3.20
12.80,9.60,6.40,3.40,3.20,3.20,3.20,3.20
12.80,9.60,6.40,3.40,3.20,3.20,3.20,3.20
12.80,9.60,6.40,3.40,3.20,3.20,3.20,3.20
12.80,9.60,6.40,3.40,3.20,3.20,3.20,3.20
12.80,9.60,6.40,3.40,3.20,3.20,3.20,3.20
12.80,9.60,6.40,3.40,3.20,3.20,3.20,3.20
12.80,9.60,6.40,3.40,3.20,3.20,3.20,3.20
12.80,9.60,6.40,3.40,3.20,3.20,3.20,3.20
12.80,9.60,6.40,3.40,3.20,3.20,3.20,3.20
12.80,9.60,6.40,3.40,3.20,3.20,3.20,3.20
0.00,0.00,0.00,0.00,0.00,0.00,0.00,0.00
0.00,0.00,0.00,0.00,0.00,0.00,0.00,0.00
0.00,0.00,0.00,0.00,0.00,0.00,0.00,0.00
0.00,0.00,0.00,0.00,0.00,0.00,0.00,0.00
0.00,0.00,0.00,0.00,0.00,0.00,0.00,0.00
0.00,0.00,0.00,0.00,0.00,0.00,0.00,0.00
0.00,0.00,0.00,0.00,0.00,0.00,0.00,0.00
0.00,0.00,0.00,0.00,0.00,0.00,0.00,0.00
0.00,0.00,0.00,0.00,0.00,0.00,0.00,0.00
0.00,0.00,0.00,0.00,0.00,0.00,0.00,0.00
0.00,0.00,0.00,0.00,0.00,0.00,0.00,0.00
0.00,0.00,0.00,0.00,0.00,0.00,0.00,0.00
0.00,0.00,0.00,0.00,0.00,0.00,0.00,0.00
12.80,9.60,6.40,3.40,3.20,3.20,3.20,3.20
12.80,9.60,6.40,3.40,3.20,3.20,3.20,3.20
12.80,9.60,6.40,3.40,3.20,3.20,3.20,3.20
12.80,9.60,6.40,3.40,3.20,3.20,3.20,3.20
12.80,9.60,6.40,3.40,3.20,3.20,3.20,3.20
12.80,9.60,6.40,3.40,3.20,3.20,3.20,3.20
12.80,9.60,6.40,3.40,3.20,3.20,3.20,3.20
12.80,9.60,6.40,3.40,3.20,3.20,3.20,3.20
12.80,9.60,6.40,3.40,3.20,3.20,3.20,3.20
12.80,9.60,6.40,3.40,3.20,3.20,3.20,3.20
12.80,9.60,6.40,3.40,3.20,3.20,3.20,3.20
12.80,9.60,6.40,3.40,3.20,3.20,3.20,3.20
12.80,9.60,6.40,3.40,3.20,3.20,3.20,3.20
12.80,9.60,6.40,3.40,3.20,3.20,3.20,3.20
12.80,9.60,6.40,3.40,3.20,3.20,3.20,3.20
12.80,9.60,6.40,3.40,3.20,3.20,3.20,3.20
12.80,9.60,6.40,3.40,3.20,3.20,3.20,3.20
12.80,9.60,6.40,3.40,3.20,3.20,3.20,3.20
12.80,9.60,6.40,3.40,3.20,3.20,3.20,3.20
12.80,9.60,6.40,3.40,3.20,3.20,3.20,3.20
12.80,9.60,6.40,3.40,3.20,3.20,3.20,3.20
12.80,9.60,6.40,3.40,3.20,3.20,3.20,3.20
12.80,9.60,6.40,3.40,3.20,3.20,3.20,3.20
12.80,9.60,6.40,3.40,3.20,3.20,3.20,3.20
25.60,19.20,12.80,6.80,6.40,6.40,6.40,6.40
25.60,19.20,12.80,6.80,6.40,6.40,6.40,6.40
25.60,19.20,12.80,6.80,6.40,6.40,6.40,6.40
25.60,19.20,12.80,6.80,6.40,6.40,6.40,6.40
25.60,19.20,12.80,6.80,6.40,6.40,6.40,6.40
25.60,19.20,12.80,6.80,6.40,6.40,6.40,6.40
12.80,9.60,6.40,3.40,3.20,3.20,3.20,3.20
12.80,9.60,6.40,3.40,3.20,3.20,3.20,3.20
12.80,9.60,6.40,3.40,3.20,3.20,3.20,3.20
12.80,9.60,6.40,3.40,3.20,3.20,3.20,3.20
12.80,9.60,6.40,3.40,3.20,3.20,3.20,3.20
12.80,9.60,6.40,3.40,3.20,3.20,3.20,3.20
12.80,9.60,6.40,3.40,3.20,3.20,3.20,3.20
12.80,9.60,6.40,3.40,3.20,3.20,3.20,3.20
12.80,9.60,6.40,3.40,3.20,3.20,3.20,3.20
12.80,9.60,6.40,3.40,3.20,3.20,3.20,3.20
12.80,9.60,6.40,3.40,3.20,3.20,3.20,3.20
12.80,9.60,6.40,3.40,3.20,3.20,3.20,3.20
12.80,9.60,6.40,3.40,3.20,3.20,3.20,3.20
12.80,9.60,6.40,3.40,3.20,3.20,3.20,3.20
12.80,9.60,6.40,3.40,3.20,3.20,3.20,3.20
12.80,9.60,6.40,3.40,3.20,3.20,3.20,3.20
12.80,9.60,6.40,3.40,3.20,3.20,3.20,3.20
12.80,9.60,6.40,3.40,3.20,3.20,3.20,3.20
12.80,9.60,6.40,3.40,3.20,3.20,3.20,3.20
12.80,9.60,6.40,3.40,3.20,3.20,3.20,3.20
12.80,9.60,6.40,3.40,3.20,3.20,3.20,3.20
12.80,9.60,6.40,3.40,3.20,3.20,3.20,3.20
12.80,9.60,6.40,3.40,3.20,3.20,3.20,3.20
12.80,9.60,6.40,3.40,3.20,3.20,3.20,3.20
12.80,9.60,6.40,3.40,3.20,3.20,3.20,3.20
12.80,9.60,6.40,3.40,3.20,3.20,3.20,3.20
25.60,19.20,12.80,6.80,6.40,6.40,6.40,6.40
25.60,19.20,12.80,6.80,6.40,6.40,6.40,6.40
25.60,19.20,12.80,6.80,6.40,6.40,6.40,6.40
25.60,19.20,12.80,6.80,6.40,6.40,6.40,6.40
12.80,9.60,6.40,3.40,3.20,3.20,3.20,3.20
12.80,9.60,6.40,3.40,3.20,3.20,3.20,3.20
12.80,9.60,6.40,3.40,3.20,3.20,3.20,3.20
12.80,9.60,6.40,3.40,3.20,3.20,3.20,3.20
12.80,9.60,6.40,3.40,3.20,3.20,3.20,3.20
12.80,9.60,6.40,3.40,3.20,3.20,3.20,3.20
12.80,9.60,6.40,3.40,3.20,3.20,3.20,3.20
12.80,9.60,6.40,3.40,3.20,3.20,3.20,3.20
12.80,9.60,6.40,3.40,3.20,3.20,3.20,3.20
12.80,9.60,6.40,3.40,3.20,3.20,3.20,3.20
12.80,9.60,6.40,3.40,3.20,3.20,3.20,3.20
12.80,9.60,6.40,3.40,3.20,3.20,3.20,3.20
12.80,9.60,6.40,3.40,3.20,3.20,3.20,3.20
12.80,9.60,6.40,3.40,3.20,3.20,3.20,3.20
12.80,9.60,6.40,3.40,3.20,3.20,3.20,3.20
12.80,9.60,6.40,3.40,3.20,3.20,3.20,3.20
12.80,9.60,6.40,3.40,3.20,3.20,3.20,3.20
12.80,9.60,6.40,3.40,3.20,3.20,3.20,3.20
12.80,9.60,6.40,3.40,3.20,3.20,3.20,3.20
25.60,19.20,12.80,6.80,6.40,6.40,6.40,6.40
25.60,19.20,12.80,6.80,6.40,6.40,6.40,6.40
25.60,19.20,12.80,6.80,6.40,6.40,6.40,6.40
25.60,19.20,12.80,6.80,6.40,6.40,6.40,6.40
25.60,19.20,12.80,6.80,6.40,6.40,6.40,6.40
25.60,19.20,12.80,6.80,6.40,6.40,6.40,6.40
25.60,19.20,12.80,6.80,6.40,6.40,6.40,6.40
25.60,19.20,12.80,6.80,6.40,6.40,6.40,6.40
25.60,19.20,12.80,6.80,6.40,6.40,6.40,6.40
25.60,19.20,12.80,6.80,6.40,6.40,6.40,6.40
25.60,19.20,12.80,6.80,6.40,6.40,6.40,6.40
12.80,9.60,6.40,3.40,3.20,3.20,3.20,3.20
12.80,9.60,6.40,3.40,3.20,3.20,3.20,3.20
12.80,9.60,6.40,3.40,3.20,3.20,3.20,3.20
12.80,9.60,6.40,3.40,3.20,3.20,3.20,3.20
12.80,9.60,6.40,3.40,3.20,3.20,3.20,3.20
12.80,9.60,6.40,3.40,3.20,3.20,3.20,3.20
12.80,9.60,6.40,3.40,3.20,3.20,3.20,3.20
12.80,9.60,6.40,3.40,3.20,3.20,3.20,3.20
12.80,9.60,6.40,3.40,3.20,3.20,3.20,3.20
12.80,9.60,6.40,3.40,3.20,3.20,3.20,3.20
25.60,19.20,12.80,6.80,6.40,6.40,6.40,6.40
25.60,19.20,12.80,6.80,6.40,6.40,6.40,6.40
25.60,19.20,12.80,6.80,6.40,6.40,6.40,6.40
25.60,19.20,12.80,6.80,6.40,6.40,6.40,6.40
25.60,19.20,12.80,6.80,6.40,6.40,6.40,6.40
25.60,19.20,12.80,6.80,6.40,6.40,6.40,6.40
25.60,19.20,12.80,6.80,6.40,6.40,6.40,6.40
25.60,19.20,12.80,6.80,6.40,6.40,6.40,6.40
25.60,19.20,12.80,6.80,6.40,6.40,6.40,6.40
25.60,19.20,12.80,6.80,6.40,6.40,6.40,6.40
22.40,16.80,11.20,6.00,5.60,5.60,5.60,5.60
22.40,16.80,11.20,6.00,5.60,5.60,5.60,5.60
22.40,16.80,11.20,6.00,5.60,5.60,5.60,5.60
22.40,16.80,11.20,6.00,5.60,5.60,5.60,5.60
22.40,16.80,11.20,6.00,5.60,5.60,5.60,5.60
22.40,16.80,11.20,6.00,5.60,5.60,5.60,5.60
22.40,16.80,11.20,6.00,5.60,5.60,5.60,5.60
22.40,16.80,11.20,6.00,5.60,5.60,5.60,5.60
22.40,16.80,11.20,6.00,5.60,5.60,5.60,5.60
22.40,16.80,11.20,6.00,5.60,5.60,5.60,5.60
12.80,9.60,6.40,3.40,3.20,3.20,3.20,3.20
12.80,9.60,6.40,3.40,3.20,3.20,3.20,3.20
12.80,9.60,6.40,3.40,3.20,3.20,3.20,3.20
11.60,8.70,5.80,3.10,2.90,2.90,2.90,2.90
11.60,8.70,5.80,3.10,2.90,2.90,2.90,2.90
11.60,8.70,5.80,3.10,2.90,2.90,2.90,2.90
11.60,8.70,5.80,3.10,2.90,2.90,2.90,2.90
11.60,8.70,5.80,3.10,2.90,2.90,2.90,2.90
11.60,8.70,5.80,3.10,2.90,2.90,2.90,2.90
11.60,8.70,5.80,3.10,2.90,2.90,2.90,2.90
11.60,8.70,5.80,3.10,2.90,2.90,2.90,2.90
11.60,8.70,5.80,3.10,2.90,2.90,2.90,2.90
2.00,1.50,1.00,0.70,0.50,0.50,0.50,0.50
2.00,1.50,1.00,0.70,0.50,0.50,0.50,0.50
2.00,1.50,1.00,0.70,0.50,0.50,0.50,0.50
2.00,1.50,1.00,0.70,0.50,0.50,0.50,0.50
2.00,1.50,1.00,0.70,0.50,0.50,0.50,0.50
2.00,1.50,1.00,0.70,0.50,0.50,0.50,0.50
2.00,1.50,1.00,0.70,0.50,0.50,0.50,0.50
2.00,1.50,1.00,0.70,0.50,0.50,0.50,0.50
2.00,1.50,1.00,0.70,0.50,0.50,0.50,0.50
2.00,1.50,1.00,0.70,0.50,0.50,0.50,0.50
2.00,1.50,1.00,0.70,0.50,0.50,0.50,0.50
2.00,1.50,1.00,0.70,0.50,0.50,0.50,0.50
0.00,0.00,0.00,0.00,0.00,0.00,0.00,0.00
0.00,0.00,0.00,0.00,0.00,0.00,0.00,0.00
0.00,0.00,0.00,0.00,0.00,0.00,0.00,0.00
0.00,0.00,0.00,0.00,0.00,0.00,0.00,0.00
0.00,0.00,0.00,0.00,0.00,0.00,0.00,0.00
0.00,0.00,0.00,0.00,0.00,0.00,0.00,0.00
