#msgr-worker,io_context_pool,fio,log,ceph_timer,ms_dispatch,safe_timer,taskfin_librbd
0.00,0.00,0.00,0.00,0.00,0.00,0.00,0.00
163.50,87.00,28.60,0.00,0.00,0.00,0.00,0.00
166.60,91.70,27.60,0.00,0.00,0.00,0.00,0.00
167.70,90.40,29.30,0.00,0.00,0.00,0.00,0.00
163.40,86.30,27.70,0.00,0.00,0.00,0.00,0.00
167.60,92.30,28.70,0.00,0.00,0.00,0.00,0.00
167.90,87.60,27.40,0.00,0.00,0.00,0.00,0.00
168.60,90.30,27.40,0.00,0.00,0.00,0.00,0.00
166.30,89.80,29.30,0.00,0.00,0.00,0.00,0.00
167.20,89.10,27.80,0.00,0.00,0.00,0.00,0.00
165.90,88.90,27.80,0.00,0.00,0.00,0.00,0.00
126.60,71.40,22.70,0.00,0.00,0.00,0.00,0.00
83.10,53.00,15.30,0.00,0.00,0.00,0.00,0.00
52.90,35.20,10.60,0.00,0.00,0.00,0.00,0.00
29.20,15.80,4.90,0.00,0.00,0.00,0.00,0.00
14.50,8.20,2.30,0.00,0.00,0.00,0.00,0.00
0.00,0.00,0.30,0.00,0.00,0.00,0.00,0.00
0.30,0.30,0.70,0.00,0.00,0.00,0.00,0.00
0.00,0.00,0.30,0.00,0.00,0.00,0.00,0.00
0.00,0.00,0.30,0.00,0.00,0.00,0.00,0.00
0.00,0.00,0.30,0.00,0.00,0.00,0.00,0.00
0.00,0.00,0.30,0.00,0.00,0.00,0.00,0.00
0.60,0.00,0.30,0.00,0.00,0.00,0.00,0.00
0.00,0.00,0.60,0.00,0.00,0.00,0.00,0.00
0.00,0.00,0.30,0.00,0.00,0.00,0.00,0.00
0.00,0.00,0.30,0.00,0.00,0.00,0.00,0.00
0.30,0.00,0.00,0.00,0.00,0.00,0.00,0.00
0.00,0.00,0.70,0.00,0.00,0.00,0.00,0.00
0.30,0.00,0.00,0.00,0.00,0.00,0.00,0.00
0.00,0.00,0.30,0.00,0.00,0.00,0.00,0.00
74.40,68.20,6.20,0.00,0.00,0.00,0.00,0.00
121.80,75.30,24.90,0.00,0.00,0.00,0.00,0.00
120.40,72.10,23.00,0.00,0.00,0.00,0.00,0.00
121.00,75.00,25.30,0.00,0.00,0.00,0.00,0.00
119.10,74.10,22.90,0.00,0.00,0.00,0.00,0.00
120.00,74.70,24.90,0.00,0.00,0.00,0.00,0.00
119.30,74.10,23.00,0.00,0.00,0.00,0.00,0.00
119.70,76.50,25.90,0.00,0.00,0.00,0.00,0.00
124.90,75.30,21.60,0.00,0.00,0.00,0.00,0.00
121.70,71.50,24.80,0.00,0.00,0.00,0.00,0.00
121.00,77.70,25.70,0.00,0.00,0.00,0.00,0.00
117.70,72.10,22.70,0.00,0.00,0.00,0.00,0.00
115.80,74.70,23.00,0.00,0.00,0.00,0.00,0.00
120.90,74.60,23.50,0.00,0.00,0.00,0.00,0.00
119.00,73.50,26.10,0.00,0.00,0.00,0.00,0.00
122.50,72.50,25.00,0.00,0.00,0.00,0.00,0.00
48.10,30.80,8.50,0.00,0.00,0.00,0.00,0.00
0.60,0.00,0.00,0.00,0.00,0.00,0.00,0.00
0.60,0.00,0.30,0.00,0.00,0.00,0.00,0.00
0.30,0.00,0.30,0.00,0.00,0.00,0.00,0.00
0.00,0.00,0.30,0.00,0.00,0.00,0.00,0.00
0.00,0.00,0.60,0.00,0.00,0.00,0.00,0.00
0.00,0.00,0.30,0.00,0.00,0.00,0.00,0.00
0.00,0.00,0.30,0.00,0.00,0.00,0.00,0.00
0.00,0.00,0.60,0.00,0.00,0.00,0.00,0.00
0.00,0.00,0.00,0.00,0.00,0.00,0.00,0.00
0.00,0.00,0.70,0.00,0.00,0.00,0.00,0.00
0.00,0.00,0.00,0.00,0.00,0.00,0.00,0.00
0.00,0.00,0.30,0.00,0.00,0.00,0.00,0.00
0.00,0.00,0.30,0.00,0.00,0.00,0.00,0.00
86.80,55.80,12.40,0.00,0.00,0.00,0.00,0.00
121.90,73.70,24.40,0.00,0.00,0.00,0.00,0.00
121.30,77.20,24.30,0.00,0.00,0.00,0.00,0.00
126.80,75.50,25.00,0.00,0.00,0.00,0.00,0.00
120.20,72.90,23.30,0.00,0.00,0.00,0.00,0.00
121.20,78.50,26.70,0.00,0.00,0.00,0.00,0.00
120.90,75.20,23.30,0.00,0.00,0.00,0.00,0.00
120.40,70.90,25.30,0.00,0.00,0.00,0.00,0.00
121.10,77.10,24.30,0.00,0.00,0.00,0.00,0.00
124.60,74.80,22.90,0.00,0.00,0.00,0.00,0.00
121.60,75.30,24.40,0.00,0.00,0.00,0.00,0.00
77.90,50.10,19.20,0.00,0.00,0.00,0.00,0.00
69.90,46.30,14.80,0.00,0.00,0.00,0.00,0.00
67.90,50.20,15.60,0.00,0.00,0.00,0.00,0.00
44.20,33.80,12.20,0.00,0.00,0.00,0.00,0.00
39.60,32.60,11.20,0.00,0.00,0.00,0.00,0.00
34.10,26.90,8.90,0.00,0.00,0.00,0.00,0.00
24.40,19.30,8.00,0.00,0.00,0.00,0.00,0.00
18.00,14.90,5.40,0.00,0.00,0.00,0.00,0.00
5.30,4.00,2.00,0.00,0.00,0.00,0.00,0.00
2.70,2.30,1.00,0.00,0.00,0.00,0.00,0.00
0.00,0.00,0.30,0.00,0.00,0.00,0.00,0.00
0.00,0.00,0.00,0.00,0.00,0.00,0.00,0.00
0.00,0.00,0.30,0.00,0.00,0.00,0.00,0.00
0.30,0.00,1.00,0.00,0.00,0.00,0.00,0.00
0.30,0.00,0.00,0.00,0.00,0.00,0.00,0.00
0.00,0.00,0.30,0.00,0.00,0.00,0.00,0.00
0.00,0.00,0.60,0.00,0.00,0.00,0.00,0.00
0.30,0.00,0.30,0.00,0.00,0.00,0.00,0.00
0.00,0.00,0.30,0.00,0.00,0.00,0.00,0.00
87.00,55.80,18.70,0.00,0.00,0.00,0.00,0.00
126.10,75.80,22.90,0.00,0.00,0.00,0.00,0.00
121.20,74.10,23.60,0.00,0.00,0.00,0.00,0.00
122.70,80.10,25.70,0.00,0.00,0.00,0.00,0.00
103.30,63.30,20.80,0.00,0.00,0.00,0.00,0.00
75.90,53.80,18.30,0.00,0.00,0.00,0.00,0.00
59.50,46.80,14.20,0.00,0.00,0.00,0.00,0.00
38.10,31.80,10.20,0.00,0.00,0.00,0.00,0.00
28.60,23.70,7.70,0.00,0.00,0.00,0.00,0.00
24.90,19.60,6.60,0.00,0.00,0.00,0.00,0.00
12.60,10.10,3.90,0.00,0.00,0.00,0.00,0.00
14.30,11.70,3.90,0.00,0.00,0.00,0.00,0.00
1.30,1.20,0.60,0.00,0.00,0.00,0.00,0.00
0.30,0.00,0.30,0.00,0.00,0.00,0.00,0.00
0.00,0.00,0.30,0.00,0.00,0.00,0.00,0.00
0.00,0.00,0.30,0.00,0.00,0.00,0.00,0.00
0.00,0.00,0.00,0.00,0.00,0.00,0.00,0.00
0.00,0.00,0.30,0.00,0.00,0.00,0.00,0.00
0.00,0.00,0.70,0.00,0.00,0.00,0.00,0.00
0.00,0.00,0.00,0.00,0.00,0.00,0.00,0.00
0.00,0.00,0.30,0.00,0.00,0.00,0.00,0.00
0.60,0.00,0.30,0.00,0.00,0.00,0.00,0.00
0.00,0.00,0.60,0.00,0.00,0.00,0.00,0.00
0.00,0.00,0.00,0.00,0.00,0.00,0.00,0.00
0.00,0.00,0.00,0.00,0.00,0.00,0.00,0.00
0.00,0.00,0.00,0.00,0.00,0.00,0.00,0.00
0.00,0.00,0.00,0.00,0.00,0.00,0.00,0.00
0.00,0.00,0.00,0.00,0.00,0.00,0.00,0.00
0.00,0.00,0.00,0.00,0.00,0.00,0.00,0.00
0.00,0.00,0.00,0.00,0.00,0.00,0.00,0.00
87.00,80.60,18.60,0.00,0.00,0.00,0.00,0.00
103.40,67.30,18.90,0.00,0.00,0.00,0.00,0.00
103.20,64.90,21.30,0.00,0.00,0.00,0.00,0.00
100.10,67.60,17.60,0.00,0.00,0.00,0.00,0.00
69.60,44.10,14.10,0.00,0.00,0.00,0.00,0.00
0.00,0.00,0.00,0.00,0.00,0.00,0.00,0.00
0.30,0.00,0.30,0.00,0.00,0.00,0.00,0.00
0.00,0.00,0.30,0.00,0.00,0.00,0.00,0.00
0.00,0.00,0.00,0.00,0.00,0.00,0.00,0.00
0.00,0.00,0.30,0.00,0.00,0.00,0.00,0.00
0.00,0.00,0.00,0.00,0.00,0.00,0.00,0.00
0.00,0.00,0.70,0.00,0.00,0.00,0.00,0.00
0.00,0.00,0.00,0.00,0.00,0.00,0.00,0.00
0.00,0.00,1.00,0.00,0.00,0.00,0.00,0.00
0.30,0.00,0.30,0.00,0.00,0.00,0.00,0.00
0.00,0.00,0.30,0.00,0.00,0.00,0.00,0.00
0.00,0.00,0.30,0.00,0.00,0.00,0.00,0.00
0.00,0.00,0.00,0.00,0.00,0.00,0.00,0.00
0.00,0.00,0.00,0.00,0.00,0.00,0.00,0.00
0.00,0.00,0.00,0.00,0.00,0.00,0.00,0.00
0.00,0.00,0.00,0.00,0.00,0.00,0.00,0.00
0.00,0.00,0.00,0.00,0.00,0.00,0.00,0.00
0.00,0.00,0.00,0.00,0.00,0.00,0.00,0.00
0.00,0.00,0.00,0.00,0.00,0.00,0.00,0.00
0.00,0.00,0.00,0.00,0.00,0.00,0.00,0.00
0.00,0.00,0.00,0.00,0.00,0.00,0.00,0.00
0.00,0.00,0.00,0.00,0.00,0.00,0.00,0.00
0.00,0.00,0.00,0.00,0.00,0.00,0.00,0.00
0.00,0.00,0.00,0.00,0.00,0.00,0.00,0.00
0.00,0.00,0.00,0.00,0.00,0.00,0.00,0.00
141.60,41.30,23.60,0.00,0.00,0.00,0.00,0.00
108.40,69.70,22.30,0.00,0.00,0.00,0.00,0.00
103.50,65.80,22.90,0.00,0.00,0.00,0.00,0.00
111.60,70.60,24.00,0.00,0.00,0.00,0.00,0.00
116.40,73.40,24.90,0.00,0.00,0.00,0.00,0.00
121.70,73.90,26.00,0.00,0.00,0.00,0.00,0.00
123.50,78.70,25.90,0.00,0.00,0.00,0.00,0.00
127.50,80.80,25.60,0.00,0.00,0.00,0.00,0.00
124.10,78.10,25.40,0.00,0.00,0.00,0.00,0.00
124.20,80.20,27.10,0.00,0.00,0.00,0.00,0.00
127.10,80.50,27.40,0.00,0.00,0.00,0.00,0.00
125.90,79.00,25.60,0.00,0.00,0.00,0.00,0.00
127.60,79.00,25.60,0.00,0.00,0.00,0.00,0.00
132.00,82.00,27.50,0.00,0.00,0.00,0.00,0.00
126.10,81.40,25.10,0.00,0.00,0.00,0.00,0.00
131.20,82.30,29.00,0.00,0.00,0.00,0.00,0.00
189.00,77.40,25.70,0.00,0.00,0.00,0.00,0.00
152.00,75.40,26.30,0.00,0.00,0.00,0.00,0.00
160.50,63.40,19.40,0.00,0.00,0.00,0.00,0.00
137.00,82.20,23.20,0.00,0.00,0.00,0.00,0.00
187.20,108.20,27.50,0.00,0.00,0.00,0.00,0.00
202.10,119.30,31.10,0.00,0.00,0.00,0.00,0.00
202.20,118.20,33.50,0.00,0.00,0.00,0.00,0.00
201.20,118.70,35.40,0.00,0.00,0.00,0.00,0.00
202.60,116.70,32.00,0.00,0.00,0.00,0.00,0.00
196.20,114.70,30.00,0.00,0.00,0.00,0.00,0.00
198.30,117.40,30.30,0.00,0.00,0.00,0.00,0.00
199.40,116.20,32.60,0.00,0.00,0.00,0.00,0.00
200.40,118.30,29.60,0.00,0.00,0.00,0.00,0.00
200.50,119.30,32.90,0.00,0.00,0.00,0.00,0.00
123.10,78.40,28.00,0.00,0.00,0.00,0.00,0.00
139.20,83.80,26.20,0.00,0.00,0.00,0.00,0.00
156.60,84.90,23.00,0.00,0.00,0.00,0.00,0.00
124.40,73.90,23.30,0.00,0.00,0.00,0.00,0.00
159.40,74.80,25.00,0.00,0.00,0.00,0.00,0.00
249.50,62.80,18.90,0.00,0.00,0.00,0.00,0.00
219.60,64.90,21.20,0.00,0.00,0.00,0.00,0.00
200.90,70.00,21.20,0.00,0.00,0.00,0.00,0.00
131.50,75.40,26.00,0.00,0.00,0.00,0.00,0.00
126.80,80.50,25.00,0.00,0.00,0.00,0.00,0.00
165.30,81.90,27.20,0.00,0.00,0.00,0.00,0.00
232.70,78.10,24.40,0.00,0.00,0.00,0.00,0.00
192.60,74.20,24.10,0.00,0.00,0.00,0.00,0.00
220.50,80.70,24.10,0.00,0.00,0.00,0.00,0.00
221.00,79.90,25.40,0.00,0.00,0.00,0.00,0.00
192.90,77.10,24.60,0.00,0.00,0.00,0.00,0.00
183.70,78.00,25.30,0.00,0.00,0.00,0.00,0.00
219.40,87.20,28.00,0.00,0.00,0.00,0.00,0.00
221.70,89.10,28.70,0.00,0.00,0.00,0.00,0.00
223.20,92.30,28.30,0.00,0.00,0.00,0.00,0.00
238.00,105.20,31.40,0.00,0.00,0.00,0.00,0.00
240.10,108.30,31.10,0.00,0.00,0.00,0.00,0.00
305.70,148.80,40.20,0.00,0.00,0.00,0.00,0.00
311.60,199.00,52.50,0.00,0.00,0.00,0.00,0.00
319.20,213.70,56.90,0.00,0.00,0.00,0.00,0.00
331.20,220.90,59.50,0.00,0.00,0.00,0.00,0.00
319.50,217.10,62.10,0.00,0.00,0.00,0.00,0.00
319.30,220.10,58.70,0.00,0.00,0.00,0.00,0.00
303.30,208.80,53.80,0.00,0.00,0.00,0.00,0.00
306.80,208.50,55.30,0.00,0.00,0.00,0.00,0.00
159.30,82.60,11.80,0.00,0.00,0.00,0.00,0.00
133.60,83.90,24.60,0.00,0.00,0.00,0.00,0.00
356.70,73.50,20.80,0.00,0.00,0.00,0.00,0.00
376.10,69.20,14.80,0.00,0.00,0.00,0.00,0.00
119.00,74.40,21.70,0.00,0.00,0.00,0.00,0.00
118.70,79.50,21.00,0.00,0.00,0.00,0.00,0.00
122.20,78.00,21.00,0.00,0.00,0.00,0.00,0.00
119.80,75.80,20.30,0.00,0.00,0.00,0.00,0.00
117.10,76.00,21.30,0.00,0.00,0.00,0.00,0.00
123.70,80.10,19.70,0.00,0.00,0.00,0.00,0.00
117.30,77.80,23.60,0.00,0.00,0.00,0.00,0.00
122.50,77.70,21.20,0.00,0.00,0.00,0.00,0.00
119.40,80.70,20.00,0.00,0.00,0.00,0.00,0.00
120.40,76.90,22.10,0.00,0.00,0.00,0.00,0.00
118.50,77.50,20.30,0.00,0.00,0.00,0.00,0.00
123.20,79.20,19.60,0.00,0.00,0.00,0.00,0.00
173.50,107.60,28.60,0.00,0.00,0.00,0.00,0.00
215.50,134.90,32.90,0.00,0.00,0.00,0.00,0.00
223.30,138.20,34.70,0.00,0.00,0.00,0.00,0.00
224.20,137.80,36.60,0.00,0.00,0.00,0.00,0.00
217.00,137.00,34.50,0.00,0.00,0.00,0.00,0.00
219.40,138.10,32.30,0.00,0.00,0.00,0.00,0.00
178.70,124.70,34.40,0.00,0.00,0.00,0.00,0.00
195.40,137.60,40.50,0.00,0.00,0.00,0.00,0.00
203.30,139.10,40.40,0.00,0.00,0.00,0.00,0.00
204.70,142.00,41.90,0.00,0.00,0.00,0.00,0.00
204.60,140.50,41.10,0.00,0.00,0.00,0.00,0.00
210.10,141.50,41.40,0.00,0.00,0.00,0.00,0.00
207.30,141.40,39.60,0.00,0.00,0.00,0.00,0.00
199.70,133.40,39.80,0.00,0.00,0.00,0.00,0.00
237.20,148.90,43.40,0.00,0.00,0.00,0.00,0.00
227.90,140.70,35.90,0.00,0.00,0.00,0.00,0.00
223.50,140.10,35.90,0.00,0.00,0.00,0.00,0.00
213.80,130.80,34.10,0.00,0.00,0.00,0.00,0.00
224.80,138.00,34.60,0.00,0.00,0.00,0.00,0.00
224.40,141.00,35.50,0.00,0.00,0.00,0.00,0.00
220.10,134.30,33.90,0.00,0.00,0.00,0.00,0.00
217.70,135.70,33.60,0.00,0.00,0.00,0.00,0.00
213.30,131.30,34.10,0.00,0.00,0.00,0.00,0.00
221.00,131.20,34.10,0.00,0.00,0.00,0.00,0.00
207.10,126.50,35.30,0.00,0.00,0.00,0.00,0.00
215.90,129.10,33.80,0.00,0.00,0.00,0.00,0.00
216.60,130.00,32.70,0.00,0.00,0.00,0.00,0.00
208.40,124.10,31.30,0.00,0.00,0.00,0.00,0.00
209.50,124.70,32.80,0.00,0.00,0.00,0.00,0.00
217.40,127.40,32.80,0.00,0.00,0.00,0.00,0.00
221.10,132.80,33.20,0.00,0.00,0.00,0.00,0.00
209.10,125.30,32.60,0.00,0.00,0.00,0.00,0.00
205.70,122.70,31.40,0.00,0.00,0.00,0.00,0.00
211.10,124.60,36.10,0.00,0.00,0.00,0.00,0.00
120.20,70.60,23.50,0.00,0.00,0.00,0.00,0.00
26.20,12.30,3.30,0.00,0.00,0.00,0.00,0.00
0.00,0.00,0.30,0.00,0.00,0.00,0.00,0.00
0.00,0.00,0.00,0.00,0.00,0.00,0.00,0.00
0.00,0.00,0.60,0.00,0.00,0.00,0.00,0.00
0.00,0.00,0.00,0.00,0.00,0.00,0.00,0.00
0.30,0.00,0.30,0.00,0.00,0.00,0.00,0.00
0.60,0.00,0.30,0.00,0.00,0.00,0.00,0.00
0.00,0.00,0.30,0.00,0.00,0.00,0.00,0.00
0.30,0.00,0.00,0.00,0.00,0.00,0.00,0.00
105.50,86.90,18.60,0.00,0.00,0.00,0.00,0.00
126.30,77.20,19.60,0.00,0.00,0.00,0.00,0.00
103.50,63.70,18.10,0.00,0.00,0.00,0.00,0.00
24.70,17.20,6.50,0.00,0.00,0.00,0.00,0.00
0.30,0.00,0.30,0.00,0.00,0.00,0.00,0.00
0.00,0.00,0.30,0.00,0.00,0.00,0.00,0.00
0.00,0.00,0.00,0.00,0.00,0.00,0.00,0.00
0.00,0.00,0.30,0.00,0.00,0.00,0.00,0.00
0.00,0.00,0.00,0.00,0.00,0.00,0.00,0.00
0.00,0.00,0.30,0.00,0.00,0.00,0.00,0.00
0.00,0.00,0.30,0.00,0.00,0.00,0.00,0.00
0.00,0.00,0.60,0.00,0.00,0.00,0.00,0.00
0.00,0.30,0.00,0.00,0.00,0.00,0.00,0.00
0.00,0.00,0.70,0.00,0.00,0.00,0.00,0.00
0.00,0.00,0.00,0.00,0.00,0.00,0.00,0.00
0.00,0.00,0.60,0.00,0.00,0.00,0.00,0.00
0.60,0.00,0.00,0.00,0.00,0.00,0.00,0.00
0.00,0.00,0.70,0.00,0.00,0.00,0.00,0.00
0.00,0.00,0.00,0.00,0.00,0.00,0.00,0.00
0.00,0.00,0.30,0.00,0.00,0.00,0.00,0.00
0.00,0.00,0.00,0.00,0.00,0.00,0.00,0.00
0.00,0.00,0.30,0.00,0.00,0.00,0.00,0.00
0.30,0.00,0.30,0.00,0.00,0.00,0.00,0.00
0.00,0.00,0.30,0.00,0.00,0.00,0.00,0.00
0.00,0.00,0.00,0.00,0.00,0.00,0.00,0.00
0.00,0.00,0.00,0.00,0.00,0.00,0.00,0.00
0.00,0.00,0.00,0.00,0.00,0.00,0.00,0.00
0.00,0.00,0.00,0.00,0.00,0.00,0.00,0.00
0.00,0.00,0.00,0.00,0.00,0.00,0.00,0.00
0.00,0.00,0.00,0.00,0.00,0.00,0.00,0.00
