#io_context_pool,msgr-worker,fio,log,ceph_timer,ms_dispatch,safe_timer,taskfin_librbd
0.00,0.00,0.00,0.00,0.00,0.00,0.00,0.00
18.30,27.70,7.00,0.00,0.00,0.00,0.00,0.00
18.30,27.60,6.90,0.00,0.00,0.00,0.00,0.00
18.70,28.30,7.30,0.00,0.00,0.00,0.00,0.00
17.90,27.60,7.30,0.00,0.00,0.00,0.00,0.00
18.70,28.00,7.00,0.00,0.00,0.00,0.00,0.00
17.90,27.60,7.00,0.00,0.00,0.00,0.00,0.00
18.30,27.30,7.00,0.00,0.00,0.00,0.00,0.00
18.30,27.90,6.60,0.00,0.00,0.00,0.00,0.00
17.60,27.30,7.30,0.00,0.00,0.00,0.00,0.00
18.60,28.20,6.60,0.00,0.00,0.00,0.00,0.00
18.30,27.30,7.70,0.00,0.00,0.00,0.00,0.00
18.30,27.60,6.60,0.00,0.00,0.00,0.00,0.00
18.30,28.00,7.00,0.00,0.00,0.00,0.00,0.00
18.00,28.00,7.70,0.00,0.00,0.00,0.00,0.00
18.60,27.90,6.90,0.00,0.00,0.00,0.00,0.00
18.40,27.30,7.30,0.00,0.00,0.00,0.00,0.00
17.90,27.60,6.90,0.00,0.00,0.00,0.00,0.00
18.30,28.00,7.00,0.00,0.00,0.00,0.00,0.00
18.20,27.20,6.90,0.00,0.00,0.00,0.00,0.00
18.30,28.00,6.70,0.00,0.00,0.00,0.00,0.00
17.60,27.60,6.90,0.00,0.00,0.00,0.00,0.00
19.00,28.70,7.00,0.00,0.00,0.00,0.00,0.00
18.30,27.20,7.30,0.00,0.00,0.00,0.00,0.00
18.00,27.70,6.30,0.00,0.00,0.00,0.00,0.00
17.90,27.90,7.90,0.00,0.00,0.00,0.00,0.00
18.70,27.70,7.00,0.00,0.00,0.00,0.00,0.00
18.20,27.60,7.70,0.00,0.00,0.00,0.00,0.00
18.00,27.30,6.70,0.00,0.00,0.00,0.00,0.00
18.20,27.90,6.90,0.00,0.00,0.00,0.00,0.00
33.30,33.30,13.30,0.00,0.00,0.00,0.00,0.00
29.40,41.70,12.00,0.00,0.00,0.00,0.00,0.00
29.20,40.50,11.00,0.00,0.00,0.00,0.00,0.00
29.70,41.00,11.00,0.00,0.00,0.00,0.00,0.00
29.20,40.90,11.60,0.00,0.00,0.00,0.00,0.00
29.70,40.70,12.00,0.00,0.00,0.00,0.00,0.00
29.20,40.90,11.70,0.00,0.00,0.00,0.00,0.00
29.70,41.00,11.00,0.00,0.00,0.00,0.00,0.00
29.20,40.90,11.00,0.00,0.00,0.00,0.00,0.00
32.40,42.70,11.00,0.00,0.00,0.00,0.00,0.00
33.60,42.90,10.60,0.00,0.00,0.00,0.00,0.00
33.30,43.30,10.30,0.00,0.00,0.00,0.00,0.00
33.20,42.90,9.60,0.00,0.00,0.00,0.00,0.00
30.00,41.30,13.00,0.00,0.00,0.00,0.00,0.00
29.60,40.20,11.00,0.00,0.00,0.00,0.00,0.00
29.70,40.70,11.30,0.00,0.00,0.00,0.00,0.00
29.20,40.90,12.00,0.00,0.00,0.00,0.00,0.00
28.60,40.70,10.70,0.00,0.00,0.00,0.00,0.00
30.00,41.20,11.60,0.00,0.00,0.00,0.00,0.00
29.00,40.70,11.30,0.00,0.00,0.00,0.00,0.00
33.30,43.50,10.30,0.00,0.00,0.00,0.00,0.00
33.70,42.70,10.30,0.00,0.00,0.00,0.00,0.00
33.00,43.70,10.60,0.00,0.00,0.00,0.00,0.00
33.20,42.50,10.30,0.00,0.00,0.00,0.00,0.00
31.70,42.00,10.30,0.00,0.00,0.00,0.00,0.00
30.00,41.20,11.60,0.00,0.00,0.00,0.00,0.00
31.30,41.70,11.00,0.00,0.00,0.00,0.00,0.00
30.00,41.20,11.60,0.00,0.00,0.00,0.00,0.00
28.30,40.00,13.00,0.00,0.00,0.00,0.00,0.00
28.90,40.50,11.30,0.00,0.00,0.00,0.00,0.00
33.30,40.00,6.70,0.00,0.00,0.00,0.00,0.00
39.70,48.30,15.00,0.00,0.00,0.00,0.00,0.00
40.20,48.20,15.30,0.00,0.00,0.00,0.00,0.00
41.00,49.30,15.60,0.00,0.00,0.00,0.00,0.00
40.20,48.20,15.00,0.00,0.00,0.00,0.00,0.00
41.00,49.70,16.00,0.00,0.00,0.00,0.00,0.00
40.90,48.50,15.30,0.00,0.00,0.00,0.00,0.00
40.00,48.70,15.60,0.00,0.00,0.00,0.00,0.00
41.50,49.20,15.60,0.00,0.00,0.00,0.00,0.00
40.60,48.70,15.90,0.00,0.00,0.00,0.00,0.00
41.20,48.80,15.30,0.00,0.00,0.00,0.00,0.00
39.70,48.30,15.60,0.00,0.00,0.00,0.00,0.00
40.90,48.20,14.60,0.00,0.00,0.00,0.00,0.00
40.60,49.00,15.30,0.00,0.00,0.00,0.00,0.00
40.20,47.80,15.30,0.00,0.00,0.00,0.00,0.00
41.00,49.30,15.30,0.00,0.00,0.00,0.00,0.00
42.50,48.20,16.90,0.00,0.00,0.00,0.00,0.00
39.70,48.00,16.60,0.00,0.00,0.00,0.00,0.00
40.20,48.80,15.30,0.00,0.00,0.00,0.00,0.00
26.60,34.00,9.60,0.00,0.00,0.00,0.00,0.00
26.00,33.20,9.00,0.00,0.00,0.00,0.00,0.00
26.00,33.70,9.60,0.00,0.00,0.00,0.00,0.00
25.20,33.90,9.60,0.00,0.00,0.00,0.00,0.00
25.40,32.30,9.30,0.00,0.00,0.00,0.00,0.00
36.20,45.20,13.30,0.00,0.00,0.00,0.00,0.00
27.40,35.30,9.30,0.00,0.00,0.00,0.00,0.00
33.50,41.20,12.30,0.00,0.00,0.00,0.00,0.00
31.70,37.70,11.70,0.00,0.00,0.00,0.00,0.00
28.00,32.90,9.00,0.00,0.00,0.00,0.00,0.00
26.30,32.70,9.00,0.00,0.00,0.00,0.00,0.00
40.00,40.00,13.30,0.00,0.00,0.00,0.00,0.00
49.50,50.20,18.20,0.00,0.00,0.00,0.00,0.00
50.00,50.70,17.30,0.00,0.00,0.00,0.00,0.00
49.80,50.50,17.90,0.00,0.00,0.00,0.00,0.00
49.70,50.70,17.30,0.00,0.00,0.00,0.00,0.00
49.50,50.20,17.90,0.00,0.00,0.00,0.00,0.00
41.00,42.70,14.00,0.00,0.00,0.00,0.00,0.00
30.90,33.60,10.30,0.00,0.00,0.00,0.00,0.00
37.30,35.70,11.30,0.00,0.00,0.00,0.00,0.00
23.90,27.20,7.30,0.00,0.00,0.00,0.00,0.00
31.70,30.70,9.30,0.00,0.00,0.00,0.00,0.00
27.90,28.20,8.30,0.00,0.00,0.00,0.00,0.00
34.30,34.30,10.30,0.00,0.00,0.00,0.00,0.00
31.90,33.60,11.60,0.00,0.00,0.00,0.00,0.00
39.00,40.70,13.60,0.00,0.00,0.00,0.00,0.00
45.20,46.50,16.20,0.00,0.00,0.00,0.00,0.00
43.40,44.30,14.30,0.00,0.00,0.00,0.00,0.00
43.90,44.50,15.30,0.00,0.00,0.00,0.00,0.00
43.00,45.00,15.00,0.00,0.00,0.00,0.00,0.00
45.50,46.50,15.60,0.00,0.00,0.00,0.00,0.00
43.00,44.70,15.60,0.00,0.00,0.00,0.00,0.00
44.20,45.20,15.00,0.00,0.00,0.00,0.00,0.00
41.70,43.70,14.60,0.00,0.00,0.00,0.00,0.00
43.70,45.00,14.70,0.00,0.00,0.00,0.00,0.00
45.20,45.20,15.30,0.00,0.00,0.00,0.00,0.00
47.00,45.00,14.90,0.00,0.00,0.00,0.00,0.00
42.60,43.90,14.30,0.00,0.00,0.00,0.00,0.00
44.30,46.00,15.30,0.00,0.00,0.00,0.00,0.00
40.20,42.20,14.90,0.00,0.00,0.00,0.00,0.00
39.40,41.70,13.30,0.00,0.00,0.00,0.00,0.00
40.00,33.30,6.70,0.00,0.00,0.00,0.00,0.00
34.20,31.90,10.60,0.00,0.00,0.00,0.00,0.00
34.60,32.70,10.70,0.00,0.00,0.00,0.00,0.00
34.20,31.60,11.90,0.00,0.00,0.00,0.00,0.00
35.00,33.00,11.00,0.00,0.00,0.00,0.00,0.00
34.20,32.20,10.60,0.00,0.00,0.00,0.00,0.00
35.00,32.70,11.00,0.00,0.00,0.00,0.00,0.00
34.90,32.20,10.60,0.00,0.00,0.00,0.00,0.00
34.70,32.70,10.70,0.00,0.00,0.00,0.00,0.00
34.20,32.20,12.30,0.00,0.00,0.00,0.00,0.00
35.40,32.70,11.00,0.00,0.00,0.00,0.00,0.00
34.60,32.90,11.00,0.00,0.00,0.00,0.00,0.00
34.60,32.70,11.00,0.00,0.00,0.00,0.00,0.00
34.60,32.60,11.00,0.00,0.00,0.00,0.00,0.00
35.40,32.30,11.00,0.00,0.00,0.00,0.00,0.00
34.30,32.30,10.70,0.00,0.00,0.00,0.00,0.00
34.20,32.60,10.60,0.00,0.00,0.00,0.00,0.00
35.00,32.70,11.00,0.00,0.00,0.00,0.00,0.00
34.90,32.20,11.00,0.00,0.00,0.00,0.00,0.00
34.70,32.70,10.30,0.00,0.00,0.00,0.00,0.00
34.20,31.90,12.30,0.00,0.00,0.00,0.00,0.00
34.00,32.30,11.00,0.00,0.00,0.00,0.00,0.00
34.20,32.20,11.00,0.00,0.00,0.00,0.00,0.00
34.60,32.30,10.70,0.00,0.00,0.00,0.00,0.00
34.90,32.90,11.30,0.00,0.00,0.00,0.00,0.00
35.00,32.70,10.70,0.00,0.00,0.00,0.00,0.00
34.60,32.60,11.00,0.00,0.00,0.00,0.00,0.00
35.00,32.70,11.00,0.00,0.00,0.00,0.00,0.00
34.60,32.60,10.60,0.00,0.00,0.00,0.00,0.00
34.30,32.70,10.70,0.00,0.00,0.00,0.00,0.00
40.00,46.70,13.30,0.00,0.00,0.00,0.00,0.00
45.20,38.90,15.70,0.00,0.00,0.00,0.00,0.00
37.70,32.70,12.70,0.00,0.00,0.00,0.00,0.00
38.60,33.20,12.30,0.00,0.00,0.00,0.00,0.00
39.70,33.00,12.70,0.00,0.00,0.00,0.00,0.00
40.20,32.90,13.60,0.00,0.00,0.00,0.00,0.00
43.00,33.00,13.00,0.00,0.00,0.00,0.00,0.00
44.90,32.60,11.00,0.00,0.00,0.00,0.00,0.00
43.30,32.00,13.70,0.00,0.00,0.00,0.00,0.00
44.60,32.60,11.30,0.00,0.00,0.00,0.00,0.00
41.70,32.70,11.60,0.00,0.00,0.00,0.00,0.00
39.90,32.90,12.00,0.00,0.00,0.00,0.00,0.00
38.30,33.70,12.60,0.00,0.00,0.00,0.00,0.00
40.60,34.90,12.60,0.00,0.00,0.00,0.00,0.00
57.70,49.30,20.60,0.00,0.00,0.00,0.00,0.00
59.20,49.50,20.30,0.00,0.00,0.00,0.00,0.00
58.00,49.00,20.30,0.00,0.00,0.00,0.00,0.00
61.20,51.20,21.30,0.00,0.00,0.00,0.00,0.00
60.30,51.30,21.30,0.00,0.00,0.00,0.00,0.00
59.80,50.20,23.20,0.00,0.00,0.00,0.00,0.00
62.00,52.00,21.70,0.00,0.00,0.00,0.00,0.00
60.80,51.50,21.30,0.00,0.00,0.00,0.00,0.00
60.30,51.00,21.00,0.00,0.00,0.00,0.00,0.00
54.10,45.50,18.60,0.00,0.00,0.00,0.00,0.00
38.30,33.70,12.00,0.00,0.00,0.00,0.00,0.00
37.80,32.90,12.30,0.00,0.00,0.00,0.00,0.00
38.30,33.00,12.30,0.00,0.00,0.00,0.00,0.00
38.60,33.20,12.00,0.00,0.00,0.00,0.00,0.00
38.30,33.30,12.30,0.00,0.00,0.00,0.00,0.00
38.50,32.90,11.30,0.00,0.00,0.00,0.00,0.00
46.70,33.30,13.30,0.00,0.00,0.00,0.00,0.00
50.80,41.20,16.60,0.00,0.00,0.00,0.00,0.00
62.00,49.30,20.60,0.00,0.00,0.00,0.00,0.00
55.80,45.80,19.60,0.00,0.00,0.00,0.00,0.00
59.00,48.00,20.00,0.00,0.00,0.00,0.00,0.00
64.80,52.50,22.60,0.00,0.00,0.00,0.00,0.00
63.00,50.70,22.00,0.00,0.00,0.00,0.00,0.00
63.80,51.80,21.90,0.00,0.00,0.00,0.00,0.00
63.40,52.00,23.90,0.00,0.00,0.00,0.00,0.00
63.80,51.80,21.90,0.00,0.00,0.00,0.00,0.00
65.00,52.30,22.00,0.00,0.00,0.00,0.00,0.00
65.10,51.80,21.90,0.00,0.00,0.00,0.00,0.00
63.70,51.70,22.00,0.00,0.00,0.00,0.00,0.00
65.80,51.80,21.90,0.00,0.00,0.00,0.00,0.00
53.00,41.30,16.00,0.00,0.00,0.00,0.00,0.00
37.50,32.60,12.30,0.00,0.00,0.00,0.00,0.00
43.70,35.70,14.30,0.00,0.00,0.00,0.00,0.00
49.20,40.20,16.30,0.00,0.00,0.00,0.00,0.00
40.00,32.70,13.00,0.00,0.00,0.00,0.00,0.00
46.60,38.20,15.60,0.00,0.00,0.00,0.00,0.00
39.00,32.30,14.40,0.00,0.00,0.00,0.00,0.00
52.10,42.20,17.60,0.00,0.00,0.00,0.00,0.00
52.60,42.00,17.60,0.00,0.00,0.00,0.00,0.00
57.80,47.20,19.60,0.00,0.00,0.00,0.00,0.00
60.00,48.30,21.00,0.00,0.00,0.00,0.00,0.00
47.80,38.90,15.30,0.00,0.00,0.00,0.00,0.00
62.00,50.30,21.60,0.00,0.00,0.00,0.00,0.00
63.20,51.80,21.90,0.00,0.00,0.00,0.00,0.00
58.60,47.70,20.30,0.00,0.00,0.00,0.00,0.00
64.10,51.80,21.90,0.00,0.00,0.00,0.00,0.00
53.40,33.30,13.30,0.00,0.00,0.00,0.00,0.00
42.60,34.90,13.90,0.00,0.00,0.00,0.00,0.00
41.40,34.00,14.30,0.00,0.00,0.00,0.00,0.00
44.60,35.20,14.00,0.00,0.00,0.00,0.00,0.00
43.00,35.30,14.00,0.00,0.00,0.00,0.00,0.00
42.90,35.20,14.30,0.00,0.00,0.00,0.00,0.00
42.60,35.00,15.00,0.00,0.00,0.00,0.00,0.00
43.80,35.20,14.60,0.00,0.00,0.00,0.00,0.00
44.00,36.00,14.30,0.00,0.00,0.00,0.00,0.00
43.80,35.90,14.00,0.00,0.00,0.00,0.00,0.00
43.40,35.00,13.70,0.00,0.00,0.00,0.00,0.00
43.20,35.20,14.60,0.00,0.00,0.00,0.00,0.00
44.00,35.70,14.70,0.00,0.00,0.00,0.00,0.00
43.50,35.90,14.30,0.00,0.00,0.00,0.00,0.00
44.30,35.70,14.00,0.00,0.00,0.00,0.00,0.00
42.90,34.90,15.60,0.00,0.00,0.00,0.00,0.00
43.40,35.70,14.30,0.00,0.00,0.00,0.00,0.00
42.90,35.50,13.90,0.00,0.00,0.00,0.00,0.00
44.00,35.30,14.00,0.00,0.00,0.00,0.00,0.00
43.80,35.50,14.00,0.00,0.00,0.00,0.00,0.00
44.00,35.70,14.30,0.00,0.00,0.00,0.00,0.00
43.70,35.70,14.60,0.00,0.00,0.00,0.00,0.00
43.50,35.90,13.90,0.00,0.00,0.00,0.00,0.00
43.00,35.30,13.70,0.00,0.00,0.00,0.00,0.00
42.20,34.60,15.90,0.00,0.00,0.00,0.00,0.00
44.00,35.70,14.00,0.00,0.00,0.00,0.00,0.00
43.20,35.20,15.00,0.00,0.00,0.00,0.00,0.00
43.00,35.30,13.70,0.00,0.00,0.00,0.00,0.00
43.80,35.90,14.30,0.00,0.00,0.00,0.00,0.00
44.30,35.70,13.70,0.00,0.00,0.00,0.00,0.00
53.40,40.00,13.30,0.00,0.00,0.00,0.00,0.00
68.30,52.30,23.60,0.00,0.00,0.00,0.00,0.00
66.10,50.80,23.60,0.00,0.00,0.00,0.00,0.00
61.30,47.70,20.30,0.00,0.00,0.00,0.00,0.00
58.10,44.50,19.90,0.00,0.00,0.00,0.00,0.00
66.60,51.30,22.00,0.00,0.00,0.00,0.00,0.00
66.10,50.80,22.60,0.00,0.00,0.00,0.00,0.00
65.00,50.00,23.30,0.00,0.00,0.00,0.00,0.00
67.80,51.80,23.20,0.00,0.00,0.00,0.00,0.00
68.00,52.30,23.30,0.00,0.00,0.00,0.00,0.00
68.40,52.50,23.60,0.00,0.00,0.00,0.00,0.00
67.70,52.00,23.00,0.00,0.00,0.00,0.00,0.00
67.70,52.00,23.70,0.00,0.00,0.00,0.00,0.00
60.50,46.50,19.90,0.00,0.00,0.00,0.00,0.00
66.00,50.00,22.00,0.00,0.00,0.00,0.00,0.00
67.80,52.20,23.30,0.00,0.00,0.00,0.00,0.00
67.70,52.00,22.70,0.00,0.00,0.00,0.00,0.00
67.50,51.50,22.20,0.00,0.00,0.00,0.00,0.00
62.00,48.00,22.30,0.00,0.00,0.00,0.00,0.00
62.50,47.80,20.60,0.00,0.00,0.00,0.00,0.00
67.70,51.70,23.00,0.00,0.00,0.00,0.00,0.00
66.40,51.20,22.30,0.00,0.00,0.00,0.00,0.00
67.70,52.00,23.70,0.00,0.00,0.00,0.00,0.00
66.10,50.80,22.30,0.00,0.00,0.00,0.00,0.00
67.40,51.30,23.00,0.00,0.00,0.00,0.00,0.00
64.80,51.50,21.90,0.00,0.00,0.00,0.00,0.00
66.00,51.00,22.70,0.00,0.00,0.00,0.00,0.00
67.70,52.30,22.70,0.00,0.00,0.00,0.00,0.00
65.50,50.20,23.60,0.00,0.00,0.00,0.00,0.00
66.60,51.30,22.30,0.00,0.00,0.00,0.00,0.00
53.30,40.00,13.30,0.00,0.00,0.00,0.00,0.00
75.60,53.00,23.70,0.00,0.00,0.00,0.00,0.00
72.80,51.80,22.90,0.00,0.00,0.00,0.00,0.00
76.70,53.70,24.00,0.00,0.00,0.00,0.00,0.00
74.80,52.80,22.30,0.00,0.00,0.00,0.00,0.00
75.30,53.00,23.30,0.00,0.00,0.00,0.00,0.00
75.40,53.20,23.60,0.00,0.00,0.00,0.00,0.00
74.00,52.00,24.00,0.00,0.00,0.00,0.00,0.00
72.80,51.20,22.30,0.00,0.00,0.00,0.00,0.00
71.30,50.70,22.00,0.00,0.00,0.00,0.00,0.00
74.70,53.00,23.00,0.00,0.00,0.00,0.00,0.00
73.70,51.50,22.60,0.00,0.00,0.00,0.00,0.00
73.60,52.00,22.60,0.00,0.00,0.00,0.00,0.00
75.40,52.80,22.90,0.00,0.00,0.00,0.00,0.00
75.00,52.70,23.00,0.00,0.00,0.00,0.00,0.00
75.40,53.20,22.90,0.00,0.00,0.00,0.00,0.00
74.70,52.30,24.30,0.00,0.00,0.00,0.00,0.00
75.10,52.80,23.30,0.00,0.00,0.00,0.00,0.00
73.00,54.30,24.00,0.00,0.00,0.00,0.00,0.00
69.50,52.80,23.60,0.00,0.00,0.00,0.00,0.00
69.40,53.00,23.60,0.00,0.00,0.00,0.00,0.00
68.40,52.50,23.60,0.00,0.00,0.00,0.00,0.00
70.00,53.70,24.00,0.00,0.00,0.00,0.00,0.00
71.40,52.80,23.60,0.00,0.00,0.00,0.00,0.00
74.70,52.70,23.00,0.00,0.00,0.00,0.00,0.00
75.40,52.80,22.60,0.00,0.00,0.00,0.00,0.00
73.30,51.70,24.00,0.00,0.00,0.00,0.00,0.00
75.40,52.80,23.20,0.00,0.00,0.00,0.00,0.00
74.70,53.00,23.00,0.00,0.00,0.00,0.00,0.00
74.80,52.20,22.60,0.00,0.00,0.00,0.00,0.00
