#msgr-worker,io_context_pool,fio,log,ceph_timer,ms_dispatch,safe_timer,taskfin_librbd
0.00,0.00,0.00,0.00,0.00,0.00,0.00,0.00
73.30,53.20,15.50,0.00,0.00,0.00,0.00,0.00
69.80,49.80,16.50,0.00,0.00,0.00,0.00,0.00
69.00,51.20,15.40,0.00,0.00,0.00,0.00,0.00
68.50,47.20,15.60,0.00,0.00,0.00,0.00,0.00
70.60,51.00,16.20,0.00,0.00,0.00,0.00,0.00
69.80,50.00,19.50,0.00,0.00,0.00,0.00,0.00
69.00,53.30,13.70,0.00,0.00,0.00,0.00,0.00
67.40,47.40,16.60,0.00,0.00,0.00,0.00,0.00
68.90,46.90,16.70,0.00,0.00,0.00,0.00,0.00
69.60,51.90,14.80,0.00,0.00,0.00,0.00,0.00
70.90,49.30,17.70,0.00,0.00,0.00,0.00,0.00
67.40,50.30,14.50,0.00,0.00,0.00,0.00,0.00
71.90,51.10,15.80,0.00,0.00,0.00,0.00,0.00
70.90,49.30,17.40,0.00,0.00,0.00,0.00,0.00
70.50,50.70,14.80,0.00,0.00,0.00,0.00,0.00
69.30,50.30,17.50,0.00,0.00,0.00,0.00,0.00
69.00,51.10,15.40,0.00,0.00,0.00,0.00,0.00
70.30,47.90,16.50,0.00,0.00,0.00,0.00,0.00
68.50,47.80,15.70,0.00,0.00,0.00,0.00,0.00
69.60,54.30,15.70,0.00,0.00,0.00,0.00,0.00
71.60,50.30,18.40,0.00,0.00,0.00,0.00,0.00
66.80,48.10,14.20,0.00,0.00,0.00,0.00,0.00
69.60,51.60,17.00,0.00,0.00,0.00,0.00,0.00
73.50,50.60,16.90,0.00,0.00,0.00,0.00,0.00
72.10,50.10,15.30,0.00,0.00,0.00,0.00,0.00
69.40,51.00,15.10,0.00,0.00,0.00,0.00,0.00
68.30,47.60,17.50,0.00,0.00,0.00,0.00,0.00
69.60,49.70,17.80,0.00,0.00,0.00,0.00,0.00
72.80,51.40,14.00,0.00,0.00,0.00,0.00,0.00
41.30,29.50,11.80,0.00,0.00,0.00,0.00,0.00
69.30,48.40,16.10,0.00,0.00,0.00,0.00,0.00
65.20,48.70,13.50,0.00,0.00,0.00,0.00,0.00
63.40,42.20,14.40,0.00,0.00,0.00,0.00,0.00
64.90,48.00,15.00,0.00,0.00,0.00,0.00,0.00
66.50,48.30,15.50,0.00,0.00,0.00,0.00,0.00
64.40,42.80,16.50,0.00,0.00,0.00,0.00,0.00
66.50,47.30,13.10,0.00,0.00,0.00,0.00,0.00
66.00,48.90,16.90,0.00,0.00,0.00,0.00,0.00
68.40,45.50,16.80,0.00,0.00,0.00,0.00,0.00
68.30,48.90,13.40,0.00,0.00,0.00,0.00,0.00
64.60,49.50,16.50,0.00,0.00,0.00,0.00,0.00
67.10,44.90,14.70,0.00,0.00,0.00,0.00,0.00
67.70,47.90,14.60,0.00,0.00,0.00,0.00,0.00
66.20,50.50,15.30,0.00,0.00,0.00,0.00,0.00
69.10,47.10,15.70,0.00,0.00,0.00,0.00,0.00
66.10,48.10,16.80,0.00,0.00,0.00,0.00,0.00
67.50,44.90,14.40,0.00,0.00,0.00,0.00,0.00
67.20,49.80,15.70,0.00,0.00,0.00,0.00,0.00
65.10,46.10,15.90,0.00,0.00,0.00,0.00,0.00
69.60,50.50,15.90,0.00,0.00,0.00,0.00,0.00
70.50,47.90,14.70,0.00,0.00,0.00,0.00,0.00
69.10,49.20,15.30,0.00,0.00,0.00,0.00,0.00
68.40,47.70,17.40,0.00,0.00,0.00,0.00,0.00
66.90,48.50,13.80,0.00,0.00,0.00,0.00,0.00
66.00,46.90,15.50,0.00,0.00,0.00,0.00,0.00
67.70,49.80,14.40,0.00,0.00,0.00,0.00,0.00
68.40,44.00,15.40,0.00,0.00,0.00,0.00,0.00
67.30,50.10,16.20,0.00,0.00,0.00,0.00,0.00
67.80,48.60,16.10,0.00,0.00,0.00,0.00,0.00
31.00,49.60,6.20,0.00,0.00,0.00,0.00,0.00
66.90,49.00,16.20,0.00,0.00,0.00,0.00,0.00
62.60,43.00,16.00,0.00,0.00,0.00,0.00,0.00
66.70,49.80,13.70,0.00,0.00,0.00,0.00,0.00
66.30,47.30,15.00,0.00,0.00,0.00,0.00,0.00
71.00,50.70,16.00,0.00,0.00,0.00,0.00,0.00
67.50,48.60,14.80,0.00,0.00,0.00,0.00,0.00
65.70,48.60,15.40,0.00,0.00,0.00,0.00,0.00
68.70,48.80,14.60,0.00,0.00,0.00,0.00,0.00
63.20,45.70,15.40,0.00,0.00,0.00,0.00,0.00
66.10,45.90,15.80,0.00,0.00,0.00,0.00,0.00
65.40,49.40,12.30,0.00,0.00,0.00,0.00,0.00
65.80,47.30,15.50,0.00,0.00,0.00,0.00,0.00
70.00,48.00,16.80,0.00,0.00,0.00,0.00,0.00
61.70,47.30,14.00,0.00,0.00,0.00,0.00,0.00
67.90,48.00,14.60,0.00,0.00,0.00,0.00,0.00
67.50,47.50,15.60,0.00,0.00,0.00,0.00,0.00
65.80,47.70,15.10,0.00,0.00,0.00,0.00,0.00
68.40,48.40,14.20,0.00,0.00,0.00,0.00,0.00
62.70,45.40,14.90,0.00,0.00,0.00,0.00,0.00
65.90,49.70,14.40,0.00,0.00,0.00,0.00,0.00
67.30,48.80,14.80,0.00,0.00,0.00,0.00,0.00
67.20,49.90,15.90,0.00,0.00,0.00,0.00,0.00
59.30,44.60,13.20,0.00,0.00,0.00,0.00,0.00
66.00,43.40,16.80,0.00,0.00,0.00,0.00,0.00
65.60,48.90,14.00,0.00,0.00,0.00,0.00,0.00
69.50,50.10,13.70,0.00,0.00,0.00,0.00,0.00
67.80,46.90,16.40,0.00,0.00,0.00,0.00,0.00
62.20,48.40,14.50,0.00,0.00,0.00,0.00,0.00
64.60,44.40,12.50,0.00,0.00,0.00,0.00,0.00
37.20,62.00,12.40,0.00,0.00,0.00,0.00,0.00
70.70,49.00,13.60,0.00,0.00,0.00,0.00,0.00
67.40,48.90,16.60,0.00,0.00,0.00,0.00,0.00
65.40,47.10,14.40,0.00,0.00,0.00,0.00,0.00
70.30,50.00,16.50,0.00,0.00,0.00,0.00,0.00
67.30,49.10,16.60,0.00,0.00,0.00,0.00,0.00
58.00,42.40,11.30,0.00,0.00,0.00,0.00,0.00
66.30,47.10,15.40,0.00,0.00,0.00,0.00,0.00
65.90,47.50,15.30,0.00,0.00,0.00,0.00,0.00
66.00,48.10,14.80,0.00,0.00,0.00,0.00,0.00
71.50,49.90,17.90,0.00,0.00,0.00,0.00,0.00
69.10,46.80,13.80,0.00,0.00,0.00,0.00,0.00
61.70,46.20,16.30,0.00,0.00,0.00,0.00,0.00
70.00,50.90,16.50,0.00,0.00,0.00,0.00,0.00
66.30,46.60,13.90,0.00,0.00,0.00,0.00,0.00
60.50,45.20,11.40,0.00,0.00,0.00,0.00,0.00
68.00,49.40,17.30,0.00,0.00,0.00,0.00,0.00
67.10,45.30,15.00,0.00,0.00,0.00,0.00,0.00
64.00,45.20,16.20,0.00,0.00,0.00,0.00,0.00
69.10,50.10,16.10,0.00,0.00,0.00,0.00,0.00
63.90,43.90,13.30,0.00,0.00,0.00,0.00,0.00
65.60,46.10,13.70,0.00,0.00,0.00,0.00,0.00
67.70,50.90,15.90,0.00,0.00,0.00,0.00,0.00
68.50,49.50,16.40,0.00,0.00,0.00,0.00,0.00
68.40,46.00,15.00,0.00,0.00,0.00,0.00,0.00
65.00,48.90,14.50,0.00,0.00,0.00,0.00,0.00
66.20,46.90,16.40,0.00,0.00,0.00,0.00,0.00
69.50,49.20,13.40,0.00,0.00,0.00,0.00,0.00
64.50,46.70,14.50,0.00,0.00,0.00,0.00,0.00
69.10,48.00,18.30,0.00,0.00,0.00,0.00,0.00
37.20,55.90,18.60,0.00,0.00,0.00,0.00,0.00
65.30,47.80,12.00,0.00,0.00,0.00,0.00,0.00
65.00,45.60,18.30,0.00,0.00,0.00,0.00,0.00
62.10,44.80,13.40,0.00,0.00,0.00,0.00,0.00
64.40,43.30,13.30,0.00,0.00,0.00,0.00,0.00
66.60,50.10,13.30,0.00,0.00,0.00,0.00,0.00
68.90,46.00,17.10,0.00,0.00,0.00,0.00,0.00
62.20,47.70,14.70,0.00,0.00,0.00,0.00,0.00
65.40,48.50,14.00,0.00,0.00,0.00,0.00,0.00
66.40,48.20,15.50,0.00,0.00,0.00,0.00,0.00
65.50,45.60,16.80,0.00,0.00,0.00,0.00,0.00
65.80,48.80,15.60,0.00,0.00,0.00,0.00,0.00
67.30,46.50,15.30,0.00,0.00,0.00,0.00,0.00
69.10,50.20,16.30,0.00,0.00,0.00,0.00,0.00
63.00,47.10,12.60,0.00,0.00,0.00,0.00,0.00
69.30,48.40,17.50,0.00,0.00,0.00,0.00,0.00
68.50,48.30,14.10,0.00,0.00,0.00,0.00,0.00
67.30,50.10,15.30,0.00,0.00,0.00,0.00,0.00
67.60,46.80,14.30,0.00,0.00,0.00,0.00,0.00
65.70,47.20,16.50,0.00,0.00,0.00,0.00,0.00
67.90,51.30,12.50,0.00,0.00,0.00,0.00,0.00
72.70,48.80,17.20,0.00,0.00,0.00,0.00,0.00
64.10,47.40,17.00,0.00,0.00,0.00,0.00,0.00
66.30,46.80,14.70,0.00,0.00,0.00,0.00,0.00
59.90,46.90,13.20,0.00,0.00,0.00,0.00,0.00
63.90,45.70,15.30,0.00,0.00,0.00,0.00,0.00
70.70,47.40,16.60,0.00,0.00,0.00,0.00,0.00
67.60,51.40,13.70,0.00,0.00,0.00,0.00,0.00
67.60,45.10,17.50,0.00,0.00,0.00,0.00,0.00
66.00,50.10,13.40,0.00,0.00,0.00,0.00,0.00
37.20,62.00,6.20,0.00,0.00,0.00,0.00,0.00
65.80,46.40,14.50,0.00,0.00,0.00,0.00,0.00
59.30,44.00,15.10,0.00,0.00,0.00,0.00,0.00
68.90,50.90,14.70,0.00,0.00,0.00,0.00,0.00
66.80,50.00,14.60,0.00,0.00,0.00,0.00,0.00
60.20,42.90,15.90,0.00,0.00,0.00,0.00,0.00
69.10,47.50,14.10,0.00,0.00,0.00,0.00,0.00
67.00,49.90,17.00,0.00,0.00,0.00,0.00,0.00
67.40,49.80,13.90,0.00,0.00,0.00,0.00,0.00
63.50,45.90,15.60,0.00,0.00,0.00,0.00,0.00
64.10,45.90,14.70,0.00,0.00,0.00,0.00,0.00
64.50,49.40,16.60,0.00,0.00,0.00,0.00,0.00
64.60,44.40,12.90,0.00,0.00,0.00,0.00,0.00
59.90,44.70,13.90,0.00,0.00,0.00,0.00,0.00
67.90,48.70,15.70,0.00,0.00,0.00,0.00,0.00
65.10,48.80,15.90,0.00,0.00,0.00,0.00,0.00
65.50,43.70,13.30,0.00,0.00,0.00,0.00,0.00
59.20,47.30,13.50,0.00,0.00,0.00,0.00,0.00
68.20,48.20,15.20,0.00,0.00,0.00,0.00,0.00
66.10,49.20,14.40,0.00,0.00,0.00,0.00,0.00
68.80,49.00,17.30,0.00,0.00,0.00,0.00,0.00
68.70,49.00,14.80,0.00,0.00,0.00,0.00,0.00
57.70,42.70,12.60,0.00,0.00,0.00,0.00,0.00
69.30,48.80,18.20,0.00,0.00,0.00,0.00,0.00
67.60,51.80,13.40,0.00,0.00,0.00,0.00,0.00
69.60,49.50,14.70,0.00,0.00,0.00,0.00,0.00
63.20,45.70,15.90,0.00,0.00,0.00,0.00,0.00
67.50,50.10,12.50,0.00,0.00,0.00,0.00,0.00
62.00,44.40,15.70,0.00,0.00,0.00,0.00,0.00
63.90,46.10,14.10,0.00,0.00,0.00,0.00,0.00
55.90,68.20,12.40,0.00,0.00,0.00,0.00,0.00
67.20,45.00,16.10,0.00,0.00,0.00,0.00,0.00
67.10,52.80,13.70,0.00,0.00,0.00,0.00,0.00
65.50,46.10,15.10,0.00,0.00,0.00,0.00,0.00
63.90,46.20,14.90,0.00,0.00,0.00,0.00,0.00
56.90,39.80,12.30,0.00,0.00,0.00,0.00,0.00
62.70,45.50,13.80,0.00,0.00,0.00,0.00,0.00
66.20,47.20,15.00,0.00,0.00,0.00,0.00,0.00
67.30,49.40,15.90,0.00,0.00,0.00,0.00,0.00
57.70,40.30,13.70,0.00,0.00,0.00,0.00,0.00
66.20,48.30,15.50,0.00,0.00,0.00,0.00,0.00
66.20,45.10,13.20,0.00,0.00,0.00,0.00,0.00
61.70,47.60,15.40,0.00,0.00,0.00,0.00,0.00
61.00,42.60,14.30,0.00,0.00,0.00,0.00,0.00
63.20,47.50,12.20,0.00,0.00,0.00,0.00,0.00
71.50,49.10,16.40,0.00,0.00,0.00,0.00,0.00
66.30,47.60,15.90,0.00,0.00,0.00,0.00,0.00
64.30,47.00,15.10,0.00,0.00,0.00,0.00,0.00
67.40,49.10,14.60,0.00,0.00,0.00,0.00,0.00
66.30,45.50,15.00,0.00,0.00,0.00,0.00,0.00
67.80,52.40,14.30,0.00,0.00,0.00,0.00,0.00
67.20,47.60,17.60,0.00,0.00,0.00,0.00,0.00
65.10,44.10,14.10,0.00,0.00,0.00,0.00,0.00
68.40,51.00,15.50,0.00,0.00,0.00,0.00,0.00
61.70,45.60,15.70,0.00,0.00,0.00,0.00,0.00
64.10,45.10,11.40,0.00,0.00,0.00,0.00,0.00
65.10,49.00,16.40,0.00,0.00,0.00,0.00,0.00
68.10,46.70,14.30,0.00,0.00,0.00,0.00,0.00
66.90,48.40,14.90,0.00,0.00,0.00,0.00,0.00
62.30,43.90,13.50,0.00,0.00,0.00,0.00,0.00
43.50,55.80,6.20,0.00,0.00,0.00,0.00,0.00
66.20,48.70,16.40,0.00,0.00,0.00,0.00,0.00
67.80,46.20,12.80,0.00,0.00,0.00,0.00,0.00
67.00,50.10,14.60,0.00,0.00,0.00,0.00,0.00
65.60,44.60,15.80,0.00,0.00,0.00,0.00,0.00
66.20,48.60,16.70,0.00,0.00,0.00,0.00,0.00
58.10,42.00,11.40,0.00,0.00,0.00,0.00,0.00
65.80,48.10,17.50,0.00,0.00,0.00,0.00,0.00
67.00,47.90,12.00,0.00,0.00,0.00,0.00,0.00
66.20,47.10,15.10,0.00,0.00,0.00,0.00,0.00
63.20,44.80,14.00,0.00,0.00,0.00,0.00,0.00
61.00,45.40,13.20,0.00,0.00,0.00,0.00,0.00
67.10,46.20,15.40,0.00,0.00,0.00,0.00,0.00
58.20,42.90,12.40,0.00,0.00,0.00,0.00,0.00
62.70,43.60,16.20,0.00,0.00,0.00,0.00,0.00
63.60,46.00,12.10,0.00,0.00,0.00,0.00,0.00
64.00,49.60,17.30,0.00,0.00,0.00,0.00,0.00
65.90,45.60,12.60,0.00,0.00,0.00,0.00,0.00
70.90,50.70,17.00,0.00,0.00,0.00,0.00,0.00
66.70,47.50,14.50,0.00,0.00,0.00,0.00,0.00
68.50,49.00,16.40,0.00,0.00,0.00,0.00,0.00
65.90,50.10,15.50,0.00,0.00,0.00,0.00,0.00
68.50,47.70,13.30,0.00,0.00,0.00,0.00,0.00
67.90,47.50,15.60,0.00,0.00,0.00,0.00,0.00
64.10,46.90,15.50,0.00,0.00,0.00,0.00,0.00
64.10,45.70,13.90,0.00,0.00,0.00,0.00,0.00
64.90,48.70,15.40,0.00,0.00,0.00,0.00,0.00
68.70,50.50,14.90,0.00,0.00,0.00,0.00,0.00
66.50,44.40,15.50,0.00,0.00,0.00,0.00,0.00
63.80,43.70,13.20,0.00,0.00,0.00,0.00,0.00
43.50,37.20,18.60,0.00,0.00,0.00,0.00,0.00
65.50,48.10,14.60,0.00,0.00,0.00,0.00,0.00
63.70,47.20,14.50,0.00,0.00,0.00,0.00,0.00
63.00,46.00,13.30,0.00,0.00,0.00,0.00,0.00
59.10,41.20,12.40,0.00,0.00,0.00,0.00,0.00
63.90,47.30,16.10,0.00,0.00,0.00,0.00,0.00
63.30,45.90,14.60,0.00,0.00,0.00,0.00,0.00
65.70,47.40,13.60,0.00,0.00,0.00,0.00,0.00
69.00,48.10,15.40,0.00,0.00,0.00,0.00,0.00
58.60,45.50,13.70,0.00,0.00,0.00,0.00,0.00
59.70,43.00,14.80,0.00,0.00,0.00,0.00,0.00
54.70,41.30,10.70,0.00,0.00,0.00,0.00,0.00
52.80,36.00,12.30,0.00,0.00,0.00,0.00,0.00
63.00,46.80,15.20,0.00,0.00,0.00,0.00,0.00
62.90,47.50,12.40,0.00,0.00,0.00,0.00,0.00
63.40,45.00,14.90,0.00,0.00,0.00,0.00,0.00
64.40,47.10,15.30,0.00,0.00,0.00,0.00,0.00
69.50,48.60,14.50,0.00,0.00,0.00,0.00,0.00
67.50,50.50,17.40,0.00,0.00,0.00,0.00,0.00
65.60,48.90,11.20,0.00,0.00,0.00,0.00,0.00
67.50,52.70,15.70,0.00,0.00,0.00,0.00,0.00
63.60,44.40,14.20,0.00,0.00,0.00,0.00,0.00
66.70,47.40,14.70,0.00,0.00,0.00,0.00,0.00
63.70,48.70,15.50,0.00,0.00,0.00,0.00,0.00
64.70,47.40,12.50,0.00,0.00,0.00,0.00,0.00
65.10,49.30,17.20,0.00,0.00,0.00,0.00,0.00
65.00,46.80,13.30,0.00,0.00,0.00,0.00,0.00
62.50,47.90,14.60,0.00,0.00,0.00,0.00,0.00
67.20,49.00,15.50,0.00,0.00,0.00,0.00,0.00
64.40,45.00,11.70,0.00,0.00,0.00,0.00,0.00
43.50,43.40,24.90,0.00,0.00,0.00,0.00,0.00
68.20,49.40,15.20,0.00,0.00,0.00,0.00,0.00
67.20,48.20,14.70,0.00,0.00,0.00,0.00,0.00
62.50,47.50,15.30,0.00,0.00,0.00,0.00,0.00
62.90,48.30,12.60,0.00,0.00,0.00,0.00,0.00
69.30,49.60,16.90,0.00,0.00,0.00,0.00,0.00
66.50,47.90,13.90,0.00,0.00,0.00,0.00,0.00
55.50,41.00,13.30,0.00,0.00,0.00,0.00,0.00
55.90,43.00,12.40,0.00,0.00,0.00,0.00,0.00
59.10,39.20,12.20,0.00,0.00,0.00,0.00,0.00
57.30,43.60,13.30,0.00,0.00,0.00,0.00,0.00
57.20,41.30,12.80,0.00,0.00,0.00,0.00,0.00
70.00,50.70,15.70,0.00,0.00,0.00,0.00,0.00
65.60,46.70,16.20,0.00,0.00,0.00,0.00,0.00
63.00,44.90,13.40,0.00,0.00,0.00,0.00,0.00
69.50,49.80,16.10,0.00,0.00,0.00,0.00,0.00
59.20,44.10,11.60,0.00,0.00,0.00,0.00,0.00
65.50,46.90,15.40,0.00,0.00,0.00,0.00,0.00
67.10,48.30,14.30,0.00,0.00,0.00,0.00,0.00
64.90,48.10,16.30,0.00,0.00,0.00,0.00,0.00
69.80,49.40,14.60,0.00,0.00,0.00,0.00,0.00
53.50,36.40,13.20,0.00,0.00,0.00,0.00,0.00
63.80,49.20,13.10,0.00,0.00,0.00,0.00,0.00
66.30,47.70,14.10,0.00,0.00,0.00,0.00,0.00
61.00,41.60,15.50,0.00,0.00,0.00,0.00,0.00
67.20,50.40,13.80,0.00,0.00,0.00,0.00,0.00
68.80,48.80,15.00,0.00,0.00,0.00,0.00,0.00
68.60,47.20,16.10,0.00,0.00,0.00,0.00,0.00
65.80,48.90,14.40,0.00,0.00,0.00,0.00,0.00
66.80,49.70,13.60,0.00,0.00,0.00,0.00,0.00
31.00,18.60,24.90,0.00,0.00,0.00,0.00,0.00
65.70,50.10,12.10,0.00,0.00,0.00,0.00,0.00
66.70,44.60,15.60,0.00,0.00,0.00,0.00,0.00
61.00,49.30,14.70,0.00,0.00,0.00,0.00,0.00
58.50,39.90,12.80,0.00,0.00,0.00,0.00,0.00
65.90,49.80,15.50,0.00,0.00,0.00,0.00,0.00
64.60,45.40,13.60,0.00,0.00,0.00,0.00,0.00
67.90,51.40,15.20,0.00,0.00,0.00,0.00,0.00
58.50,44.00,15.50,0.00,0.00,0.00,0.00,0.00
55.40,42.40,11.00,0.00,0.00,0.00,0.00,0.00
56.80,40.50,13.90,0.00,0.00,0.00,0.00,0.00
61.70,44.60,12.60,0.00,0.00,0.00,0.00,0.00
62.20,44.40,12.80,0.00,0.00,0.00,0.00,0.00
64.70,47.60,16.00,0.00,0.00,0.00,0.00,0.00
65.00,49.40,13.90,0.00,0.00,0.00,0.00,0.00
63.60,46.00,15.60,0.00,0.00,0.00,0.00,0.00
64.60,45.40,13.20,0.00,0.00,0.00,0.00,0.00
62.30,47.50,13.10,0.00,0.00,0.00,0.00,0.00
68.10,49.40,15.70,0.00,0.00,0.00,0.00,0.00
62.20,45.30,14.20,0.00,0.00,0.00,0.00,0.00
67.90,52.20,15.00,0.00,0.00,0.00,0.00,0.00
59.10,44.70,14.00,0.00,0.00,0.00,0.00,0.00
66.50,47.70,14.80,0.00,0.00,0.00,0.00,0.00
63.70,48.00,13.70,0.00,0.00,0.00,0.00,0.00
66.00,47.00,14.60,0.00,0.00,0.00,0.00,0.00
69.00,49.50,15.60,0.00,0.00,0.00,0.00,0.00
64.60,49.00,13.10,0.00,0.00,0.00,0.00,0.00
69.50,52.20,16.20,0.00,0.00,0.00,0.00,0.00
61.30,44.60,16.40,0.00,0.00,0.00,0.00,0.00
58.50,44.20,12.30,0.00,0.00,0.00,0.00,0.00
49.70,43.40,0.00,0.00,0.00,0.00,0.00,0.00
65.00,45.30,12.50,0.00,0.00,0.00,0.00,0.00
63.90,50.00,17.20,0.00,0.00,0.00,0.00,0.00
64.00,47.00,14.70,0.00,0.00,0.00,0.00,0.00
39.90,28.50,0.00,0.00,0.00,0.00,0.00,0.00
252.10,180.40,152.00,0.00,0.00,0.00,0.00,0.00
62.80,45.60,15.00,0.00,0.00,0.00,0.00,0.00
66.00,46.40,14.90,0.00,0.00,0.00,0.00,0.00
63.20,47.10,13.60,0.00,0.00,0.00,0.00,0.00
63.70,44.70,15.70,0.00,0.00,0.00,0.00,0.00
70.90,50.10,13.10,0.00,0.00,0.00,0.00,0.00
69.30,48.10,16.70,0.00,0.00,0.00,0.00,0.00
68.00,48.40,14.90,0.00,0.00,0.00,0.00,0.00
69.00,49.70,16.70,0.00,0.00,0.00,0.00,0.00
69.10,49.20,14.40,0.00,0.00,0.00,0.00,0.00
72.70,52.60,17.40,0.00,0.00,0.00,0.00,0.00
70.40,49.30,13.30,0.00,0.00,0.00,0.00,0.00
67.30,46.30,14.50,0.00,0.00,0.00,0.00,0.00
69.80,49.00,16.50,0.00,0.00,0.00,0.00,0.00
70.60,51.70,14.40,0.00,0.00,0.00,0.00,0.00
65.50,46.30,14.60,0.00,0.00,0.00,0.00,0.00
69.80,50.80,17.00,0.00,0.00,0.00,0.00,0.00
67.40,46.80,12.90,0.00,0.00,0.00,0.00,0.00
70.00,51.50,16.70,0.00,0.00,0.00,0.00,0.00
68.00,48.80,14.50,0.00,0.00,0.00,0.00,0.00
64.30,47.00,15.00,0.00,0.00,0.00,0.00,0.00
65.80,47.00,15.90,0.00,0.00,0.00,0.00,0.00
72.20,51.30,15.40,0.00,0.00,0.00,0.00,0.00
70.10,48.10,16.50,0.00,0.00,0.00,0.00,0.00
65.50,49.10,14.10,0.00,0.00,0.00,0.00,0.00
43.50,18.60,6.20,0.00,0.00,0.00,0.00,0.00
58.00,42.20,12.20,0.00,0.00,0.00,0.00,0.00
62.70,45.00,14.30,0.00,0.00,0.00,0.00,0.00
62.70,49.10,12.30,0.00,0.00,0.00,0.00,0.00
68.60,49.60,16.60,0.00,0.00,0.00,0.00,0.00
66.60,48.60,15.00,0.00,0.00,0.00,0.00,0.00
61.10,42.80,12.70,0.00,0.00,0.00,0.00,0.00
64.70,47.00,15.90,0.00,0.00,0.00,0.00,0.00
62.30,48.00,14.00,0.00,0.00,0.00,0.00,0.00
63.30,43.70,12.60,0.00,0.00,0.00,0.00,0.00
65.40,50.90,16.80,0.00,0.00,0.00,0.00,0.00
64.40,47.80,13.80,0.00,0.00,0.00,0.00,0.00
63.80,44.20,13.70,0.00,0.00,0.00,0.00,0.00
63.70,49.20,15.10,0.00,0.00,0.00,0.00,0.00
61.40,43.30,14.00,0.00,0.00,0.00,0.00,0.00
67.70,47.50,15.10,0.00,0.00,0.00,0.00,0.00
67.30,49.90,14.10,0.00,0.00,0.00,0.00,0.00
67.30,48.60,15.10,0.00,0.00,0.00,0.00,0.00
67.50,47.70,14.00,0.00,0.00,0.00,0.00,0.00
68.60,50.30,15.30,0.00,0.00,0.00,0.00,0.00
68.00,49.60,16.30,0.00,0.00,0.00,0.00,0.00
67.00,47.80,15.30,0.00,0.00,0.00,0.00,0.00
63.60,45.20,14.30,0.00,0.00,0.00,0.00,0.00
70.40,49.40,16.50,0.00,0.00,0.00,0.00,0.00
62.70,48.00,14.90,0.00,0.00,0.00,0.00,0.00
61.20,40.20,11.60,0.00,0.00,0.00,0.00,0.00
60.30,46.50,15.00,0.00,0.00,0.00,0.00,0.00
65.90,47.00,16.70,0.00,0.00,0.00,0.00,0.00
71.00,51.80,14.30,0.00,0.00,0.00,0.00,0.00
66.00,46.50,17.10,0.00,0.00,0.00,0.00,0.00
49.60,18.60,0.00,0.00,0.00,0.00,0.00,0.00
68.60,50.30,15.70,0.00,0.00,0.00,0.00,0.00
63.30,44.80,13.30,0.00,0.00,0.00,0.00,0.00
69.90,51.40,17.10,0.00,0.00,0.00,0.00,0.00
64.40,44.10,12.10,0.00,0.00,0.00,0.00,0.00
66.70,50.40,17.20,0.00,0.00,0.00,0.00,0.00
69.00,51.20,14.90,0.00,0.00,0.00,0.00,0.00
67.20,47.70,15.80,0.00,0.00,0.00,0.00,0.00
66.30,47.90,15.70,0.00,0.00,0.00,0.00,0.00
62.60,47.10,15.00,0.00,0.00,0.00,0.00,0.00
67.40,46.00,13.20,0.00,0.00,0.00,0.00,0.00
68.00,50.20,15.30,0.00,0.00,0.00,0.00,0.00
68.50,47.10,14.80,0.00,0.00,0.00,0.00,0.00
63.00,48.10,15.90,0.00,0.00,0.00,0.00,0.00
70.40,50.40,13.80,0.00,0.00,0.00,0.00,0.00
66.00,47.10,14.40,0.00,0.00,0.00,0.00,0.00
67.60,46.10,15.20,0.00,0.00,0.00,0.00,0.00
67.50,49.50,16.30,0.00,0.00,0.00,0.00,0.00
69.80,50.70,13.70,0.00,0.00,0.00,0.00,0.00
70.90,51.30,16.30,0.00,0.00,0.00,0.00,0.00
68.20,47.90,15.90,0.00,0.00,0.00,0.00,0.00
67.70,50.00,14.80,0.00,0.00,0.00,0.00,0.00
68.70,48.30,15.10,0.00,0.00,0.00,0.00,0.00
62.30,44.00,14.20,0.00,0.00,0.00,0.00,0.00
67.90,48.90,16.40,0.00,0.00,0.00,0.00,0.00
64.50,49.10,12.80,0.00,0.00,0.00,0.00,0.00
59.70,41.00,13.80,0.00,0.00,0.00,0.00,0.00
69.20,47.80,15.40,0.00,0.00,0.00,0.00,0.00
63.60,47.10,15.20,0.00,0.00,0.00,0.00,0.00
60.60,43.20,13.40,0.00,0.00,0.00,0.00,0.00
55.90,37.30,12.40,0.00,0.00,0.00,0.00,0.00
68.60,52.00,17.40,0.00,0.00,0.00,0.00,0.00
51.80,38.00,11.00,0.00,0.00,0.00,0.00,0.00
69.00,49.20,15.30,0.00,0.00,0.00,0.00,0.00
67.80,47.30,16.10,0.00,0.00,0.00,0.00,0.00
70.40,51.70,16.20,0.00,0.00,0.00,0.00,0.00
65.70,50.50,14.60,0.00,0.00,0.00,0.00,0.00
67.00,48.00,15.30,0.00,0.00,0.00,0.00,0.00
65.30,49.40,14.60,0.00,0.00,0.00,0.00,0.00
70.10,50.40,15.40,0.00,0.00,0.00,0.00,0.00
69.30,50.30,15.30,0.00,0.00,0.00,0.00,0.00
70.30,50.50,14.90,0.00,0.00,0.00,0.00,0.00
63.70,48.70,15.20,0.00,0.00,0.00,0.00,0.00
67.70,48.00,15.90,0.00,0.00,0.00,0.00,0.00
67.40,48.30,12.80,0.00,0.00,0.00,0.00,0.00
69.80,50.70,17.20,0.00,0.00,0.00,0.00,0.00
70.90,49.20,15.70,0.00,0.00,0.00,0.00,0.00
67.60,50.50,15.30,0.00,0.00,0.00,0.00,0.00
65.60,49.10,14.20,0.00,0.00,0.00,0.00,0.00
64.30,45.20,14.30,0.00,0.00,0.00,0.00,0.00
70.80,51.90,15.00,0.00,0.00,0.00,0.00,0.00
69.70,51.60,15.10,0.00,0.00,0.00,0.00,0.00
69.70,50.20,15.70,0.00,0.00,0.00,0.00,0.00
69.00,48.50,15.60,0.00,0.00,0.00,0.00,0.00
69.00,49.10,14.90,0.00,0.00,0.00,0.00,0.00
70.80,51.60,14.90,0.00,0.00,0.00,0.00,0.00
68.50,49.60,16.70,0.00,0.00,0.00,0.00,0.00
72.10,50.60,15.00,0.00,0.00,0.00,0.00,0.00
67.80,51.50,14.10,0.00,0.00,0.00,0.00,0.00
69.00,50.20,16.60,0.00,0.00,0.00,0.00,0.00
62.10,37.20,0.00,0.00,0.00,0.00,0.00,0.00
63.70,50.90,16.30,0.00,0.00,0.00,0.00,0.00
65.50,45.30,14.00,0.00,0.00,0.00,0.00,0.00
62.90,45.30,15.50,0.00,0.00,0.00,0.00,0.00
64.00,46.90,13.90,0.00,0.00,0.00,0.00,0.00
65.70,48.30,15.50,0.00,0.00,0.00,0.00,0.00
65.50,47.40,12.80,0.00,0.00,0.00,0.00,0.00
63.40,45.20,14.60,0.00,0.00,0.00,0.00,0.00
66.70,46.30,13.90,0.00,0.00,0.00,0.00,0.00
63.60,46.30,14.50,0.00,0.00,0.00,0.00,0.00
70.00,51.30,16.20,0.00,0.00,0.00,0.00,0.00
69.00,50.00,15.20,0.00,0.00,0.00,0.00,0.00
67.60,48.10,14.20,0.00,0.00,0.00,0.00,0.00
69.00,49.40,16.10,0.00,0.00,0.00,0.00,0.00
69.10,50.00,13.70,0.00,0.00,0.00,0.00,0.00
71.40,51.00,16.20,0.00,0.00,0.00,0.00,0.00
67.00,49.00,15.10,0.00,0.00,0.00,0.00,0.00
69.70,50.50,14.60,0.00,0.00,0.00,0.00,0.00
67.30,49.60,15.40,0.00,0.00,0.00,0.00,0.00
66.80,45.70,14.50,0.00,0.00,0.00,0.00,0.00
72.30,55.50,17.80,0.00,0.00,0.00,0.00,0.00
64.80,46.50,14.50,0.00,0.00,0.00,0.00,0.00
69.80,52.30,15.20,0.00,0.00,0.00,0.00,0.00
65.90,46.20,14.30,0.00,0.00,0.00,0.00,0.00
67.70,49.40,15.60,0.00,0.00,0.00,0.00,0.00
69.70,50.80,15.30,0.00,0.00,0.00,0.00,0.00
68.30,50.10,14.40,0.00,0.00,0.00,0.00,0.00
66.80,49.10,14.50,0.00,0.00,0.00,0.00,0.00
70.30,53.00,14.90,0.00,0.00,0.00,0.00,0.00
71.10,51.20,16.40,0.00,0.00,0.00,0.00,0.00
59.00,47.20,5.90,0.00,0.00,0.00,0.00,0.00
37.80,30.20,9.40,0.00,0.00,0.00,0.00,0.00
56.60,42.40,11.50,0.00,0.00,0.00,0.00,0.00
58.60,44.80,14.50,0.00,0.00,0.00,0.00,0.00
58.20,40.30,13.10,0.00,0.00,0.00,0.00,0.00
55.00,40.60,10.90,0.00,0.00,0.00,0.00,0.00
56.90,42.70,13.40,0.00,0.00,0.00,0.00,0.00
57.20,42.70,14.30,0.00,0.00,0.00,0.00,0.00
58.10,43.50,12.40,0.00,0.00,0.00,0.00,0.00
60.60,43.50,13.70,0.00,0.00,0.00,0.00,0.00
55.00,40.10,11.30,0.00,0.00,0.00,0.00,0.00
63.90,46.00,15.20,0.00,0.00,0.00,0.00,0.00
60.00,45.70,13.60,0.00,0.00,0.00,0.00,0.00
62.60,46.10,14.50,0.00,0.00,0.00,0.00,0.00
58.20,42.70,11.70,0.00,0.00,0.00,0.00,0.00
59.40,44.10,13.30,0.00,0.00,0.00,0.00,0.00
63.60,45.90,14.60,0.00,0.00,0.00,0.00,0.00
59.90,44.20,13.80,0.00,0.00,0.00,0.00,0.00
63.10,46.50,14.50,0.00,0.00,0.00,0.00,0.00
62.60,47.00,14.70,0.00,0.00,0.00,0.00,0.00
58.90,44.60,13.10,0.00,0.00,0.00,0.00,0.00
60.00,43.00,13.00,0.00,0.00,0.00,0.00,0.00
60.10,43.30,14.70,0.00,0.00,0.00,0.00,0.00
56.00,42.80,11.70,0.00,0.00,0.00,0.00,0.00
63.10,46.30,13.80,0.00,0.00,0.00,0.00,0.00
60.40,43.80,16.00,0.00,0.00,0.00,0.00,0.00
61.90,47.20,12.70,0.00,0.00,0.00,0.00,0.00
59.30,42.60,14.30,0.00,0.00,0.00,0.00,0.00
55.70,41.50,12.00,0.00,0.00,0.00,0.00,0.00
61.20,46.00,14.00,0.00,0.00,0.00,0.00,0.00
43.40,31.00,0.00,0.00,0.00,0.00,0.00,0.00
40.40,26.70,8.00,0.00,0.00,0.00,0.00,0.00
54.10,36.60,10.90,0.00,0.00,0.00,0.00,0.00
54.00,35.40,11.30,0.00,0.00,0.00,0.00,0.00
53.40,35.00,12.20,0.00,0.00,0.00,0.00,0.00
53.40,33.70,11.10,0.00,0.00,0.00,0.00,0.00
55.00,36.20,12.00,0.00,0.00,0.00,0.00,0.00
52.40,35.40,10.20,0.00,0.00,0.00,0.00,0.00
51.70,34.30,10.60,0.00,0.00,0.00,0.00,0.00
54.20,34.60,11.10,0.00,0.00,0.00,0.00,0.00
55.40,35.90,10.50,0.00,0.00,0.00,0.00,0.00
53.40,34.60,11.70,0.00,0.00,0.00,0.00,0.00
52.70,34.80,11.30,0.00,0.00,0.00,0.00,0.00
54.20,34.70,10.90,0.00,0.00,0.00,0.00,0.00
56.00,37.90,11.30,0.00,0.00,0.00,0.00,0.00
56.20,37.00,9.60,0.00,0.00,0.00,0.00,0.00
50.90,33.40,11.30,0.00,0.00,0.00,0.00,0.00
52.10,34.40,9.90,0.00,0.00,0.00,0.00,0.00
53.60,36.60,10.50,0.00,0.00,0.00,0.00,0.00
54.20,37.40,9.50,0.00,0.00,0.00,0.00,0.00
53.70,34.90,10.60,0.00,0.00,0.00,0.00,0.00
51.70,36.00,10.30,0.00,0.00,0.00,0.00,0.00
55.60,36.80,10.20,0.00,0.00,0.00,0.00,0.00
54.50,37.00,12.80,0.00,0.00,0.00,0.00,0.00
55.20,37.20,9.00,0.00,0.00,0.00,0.00,0.00
52.10,35.70,10.90,0.00,0.00,0.00,0.00,0.00
54.80,35.90,10.30,0.00,0.00,0.00,0.00,0.00
56.30,38.10,10.60,0.00,0.00,0.00,0.00,0.00
53.50,35.70,9.50,0.00,0.00,0.00,0.00,0.00
52.20,36.30,10.70,0.00,0.00,0.00,0.00,0.00
49.70,18.60,12.40,0.00,0.00,0.00,0.00,0.00
35.50,25.50,8.00,0.00,0.00,0.00,0.00,0.00
55.10,36.00,10.00,0.00,0.00,0.00,0.00,0.00
51.10,35.30,10.60,0.00,0.00,0.00,0.00,0.00
55.60,37.50,10.60,0.00,0.00,0.00,0.00,0.00
53.90,37.80,11.30,0.00,0.00,0.00,0.00,0.00
52.50,36.40,10.50,0.00,0.00,0.00,0.00,0.00
54.90,37.20,9.90,0.00,0.00,0.00,0.00,0.00
55.40,37.30,12.60,0.00,0.00,0.00,0.00,0.00
54.30,37.50,11.40,0.00,0.00,0.00,0.00,0.00
55.40,36.80,11.50,0.00,0.00,0.00,0.00,0.00
54.70,38.10,11.30,0.00,0.00,0.00,0.00,0.00
53.40,37.30,12.40,0.00,0.00,0.00,0.00,0.00
54.80,37.80,11.00,0.00,0.00,0.00,0.00,0.00
55.70,37.00,12.10,0.00,0.00,0.00,0.00,0.00
55.50,36.80,11.70,0.00,0.00,0.00,0.00,0.00
50.70,35.30,12.40,0.00,0.00,0.00,0.00,0.00
53.40,36.50,11.10,0.00,0.00,0.00,0.00,0.00
51.00,37.30,10.60,0.00,0.00,0.00,0.00,0.00
53.00,36.20,12.00,0.00,0.00,0.00,0.00,0.00
53.00,36.80,11.30,0.00,0.00,0.00,0.00,0.00
54.80,37.90,10.30,0.00,0.00,0.00,0.00,0.00
54.10,36.50,12.00,0.00,0.00,0.00,0.00,0.00
55.80,39.00,11.00,0.00,0.00,0.00,0.00,0.00
56.00,38.70,10.60,0.00,0.00,0.00,0.00,0.00
53.40,36.80,12.70,0.00,0.00,0.00,0.00,0.00
55.50,39.30,11.30,0.00,0.00,0.00,0.00,0.00
57.00,38.50,11.70,0.00,0.00,0.00,0.00,0.00
52.80,38.20,11.10,0.00,0.00,0.00,0.00,0.00
54.00,36.00,11.70,0.00,0.00,0.00,0.00,0.00
37.30,31.10,6.20,0.00,0.00,0.00,0.00,0.00
35.30,23.80,7.90,0.00,0.00,0.00,0.00,0.00
54.80,40.20,9.50,0.00,0.00,0.00,0.00,0.00
53.90,37.00,10.60,0.00,0.00,0.00,0.00,0.00
53.90,37.80,9.30,0.00,0.00,0.00,0.00,0.00
57.20,39.20,11.40,0.00,0.00,0.00,0.00,0.00
55.40,37.40,10.20,0.00,0.00,0.00,0.00,0.00
56.40,39.10,10.50,0.00,0.00,0.00,0.00,0.00
56.50,38.00,10.70,0.00,0.00,0.00,0.00,0.00
56.50,36.70,11.70,0.00,0.00,0.00,0.00,0.00
55.40,34.90,10.20,0.00,0.00,0.00,0.00,0.00
56.30,35.80,10.50,0.00,0.00,0.00,0.00,0.00
52.50,35.20,9.50,0.00,0.00,0.00,0.00,0.00
59.30,38.20,12.50,0.00,0.00,0.00,0.00,0.00
55.00,36.50,9.60,0.00,0.00,0.00,0.00,0.00
53.10,35.70,10.20,0.00,0.00,0.00,0.00,0.00
53.40,36.50,11.80,0.00,0.00,0.00,0.00,0.00
55.30,36.10,12.00,0.00,0.00,0.00,0.00,0.00
55.00,38.50,10.30,0.00,0.00,0.00,0.00,0.00
56.40,36.10,10.20,0.00,0.00,0.00,0.00,0.00
57.40,37.10,10.70,0.00,0.00,0.00,0.00,0.00
54.60,36.00,10.30,0.00,0.00,0.00,0.00,0.00
57.80,37.90,9.60,0.00,0.00,0.00,0.00,0.00
55.70,35.30,10.40,0.00,0.00,0.00,0.00,0.00
54.50,35.70,10.40,0.00,0.00,0.00,0.00,0.00
55.80,36.60,11.40,0.00,0.00,0.00,0.00,0.00
54.70,36.70,10.60,0.00,0.00,0.00,0.00,0.00
57.40,38.00,11.20,0.00,0.00,0.00,0.00,0.00
55.20,37.40,10.60,0.00,0.00,0.00,0.00,0.00
54.40,37.40,10.50,0.00,0.00,0.00,0.00,0.00
62.10,37.20,12.40,0.00,0.00,0.00,0.00,0.00
25.90,17.00,4.30,0.00,0.00,0.00,0.00,0.00
40.50,25.00,8.30,0.00,0.00,0.00,0.00,0.00
42.00,27.00,8.00,0.00,0.00,0.00,0.00,0.00
42.20,25.00,7.00,0.00,0.00,0.00,0.00,0.00
41.90,26.20,8.30,0.00,0.00,0.00,0.00,0.00
41.30,24.90,7.30,0.00,0.00,0.00,0.00,0.00
44.90,26.00,7.60,0.00,0.00,0.00,0.00,0.00
56.60,34.00,9.30,0.00,0.00,0.00,0.00,0.00
59.10,35.20,9.30,0.00,0.00,0.00,0.00,0.00
58.00,34.40,8.70,0.00,0.00,0.00,0.00,0.00
56.10,32.70,9.00,0.00,0.00,0.00,0.00,0.00
59.30,35.40,9.00,0.00,0.00,0.00,0.00,0.00
57.80,34.50,9.30,0.00,0.00,0.00,0.00,0.00
57.10,32.70,8.70,0.00,0.00,0.00,0.00,0.00
58.20,34.50,9.40,0.00,0.00,0.00,0.00,0.00
59.00,34.80,9.60,0.00,0.00,0.00,0.00,0.00
57.40,33.50,8.70,0.00,0.00,0.00,0.00,0.00
57.90,34.30,9.60,0.00,0.00,0.00,0.00,0.00
56.40,33.70,9.00,0.00,0.00,0.00,0.00,0.00
56.50,32.90,9.60,0.00,0.00,0.00,0.00,0.00
58.00,34.00,9.60,0.00,0.00,0.00,0.00,0.00
58.50,35.50,10.00,0.00,0.00,0.00,0.00,0.00
56.70,32.80,10.00,0.00,0.00,0.00,0.00,0.00
58.20,34.90,9.10,0.00,0.00,0.00,0.00,0.00
60.70,36.60,11.60,0.00,0.00,0.00,0.00,0.00
57.20,34.20,10.60,0.00,0.00,0.00,0.00,0.00
60.00,36.10,10.70,0.00,0.00,0.00,0.00,0.00
58.10,35.50,11.00,0.00,0.00,0.00,0.00,0.00
58.70,34.40,10.40,0.00,0.00,0.00,0.00,0.00
41.30,23.60,0.00,0.00,0.00,0.00,0.00,0.00
31.00,20.40,6.00,0.00,0.00,0.00,0.00,0.00
49.10,30.00,9.30,0.00,0.00,0.00,0.00,0.00
51.00,32.70,9.30,0.00,0.00,0.00,0.00,0.00
52.20,32.20,10.30,0.00,0.00,0.00,0.00,0.00
52.20,33.70,10.30,0.00,0.00,0.00,0.00,0.00
49.90,33.30,10.30,0.00,0.00,0.00,0.00,0.00
51.90,32.80,9.90,0.00,0.00,0.00,0.00,0.00
51.00,32.30,10.60,0.00,0.00,0.00,0.00,0.00
49.90,32.70,9.40,0.00,0.00,0.00,0.00,0.00
50.90,31.60,10.60,0.00,0.00,0.00,0.00,0.00
49.00,32.80,10.60,0.00,0.00,0.00,0.00,0.00
47.60,30.30,9.70,0.00,0.00,0.00,0.00,0.00
51.70,32.20,10.30,0.00,0.00,0.00,0.00,0.00
51.50,32.70,10.10,0.00,0.00,0.00,0.00,0.00
50.80,33.70,10.90,0.00,0.00,0.00,0.00,0.00
48.70,31.90,9.40,0.00,0.00,0.00,0.00,0.00
50.50,31.40,10.90,0.00,0.00,0.00,0.00,0.00
50.20,33.00,9.90,0.00,0.00,0.00,0.00,0.00
49.70,31.90,9.40,0.00,0.00,0.00,0.00,0.00
49.50,34.00,9.30,0.00,0.00,0.00,0.00,0.00
50.70,31.30,10.70,0.00,0.00,0.00,0.00,0.00
48.80,33.30,10.00,0.00,0.00,0.00,0.00,0.00
50.60,34.30,10.90,0.00,0.00,0.00,0.00,0.00
48.70,33.00,10.00,0.00,0.00,0.00,0.00,0.00
48.40,32.90,10.00,0.00,0.00,0.00,0.00,0.00
51.70,32.70,10.00,0.00,0.00,0.00,0.00,0.00
50.50,32.80,9.40,0.00,0.00,0.00,0.00,0.00
49.50,32.10,9.60,0.00,0.00,0.00,0.00,0.00
50.70,31.00,9.00,0.00,0.00,0.00,0.00,0.00
43.50,24.80,12.40,0.00,0.00,0.00,0.00,0.00
26.60,19.20,6.00,0.00,0.00,0.00,0.00,0.00
52.50,36.50,10.30,0.00,0.00,0.00,0.00,0.00
53.50,36.30,11.30,0.00,0.00,0.00,0.00,0.00
52.80,35.70,10.10,0.00,0.00,0.00,0.00,0.00
54.60,34.90,11.20,0.00,0.00,0.00,0.00,0.00
53.50,35.60,11.10,0.00,0.00,0.00,0.00,0.00
53.80,36.10,9.70,0.00,0.00,0.00,0.00,0.00
54.40,35.90,10.70,0.00,0.00,0.00,0.00,0.00
52.50,35.40,9.80,0.00,0.00,0.00,0.00,0.00
54.50,34.90,11.30,0.00,0.00,0.00,0.00,0.00
54.40,34.60,10.60,0.00,0.00,0.00,0.00,0.00
49.90,34.00,9.70,0.00,0.00,0.00,0.00,0.00
54.50,36.00,10.80,0.00,0.00,0.00,0.00,0.00
54.40,35.30,9.30,0.00,0.00,0.00,0.00,0.00
53.90,34.30,10.60,0.00,0.00,0.00,0.00,0.00
55.50,36.60,11.00,0.00,0.00,0.00,0.00,0.00
53.30,35.80,10.10,0.00,0.00,0.00,0.00,0.00
53.80,35.00,10.30,0.00,0.00,0.00,0.00,0.00
53.40,36.00,11.40,0.00,0.00,0.00,0.00,0.00
55.30,35.00,11.30,0.00,0.00,0.00,0.00,0.00
53.80,36.50,10.70,0.00,0.00,0.00,0.00,0.00
53.70,34.60,11.10,0.00,0.00,0.00,0.00,0.00
52.30,34.70,10.20,0.00,0.00,0.00,0.00,0.00
53.90,35.70,10.80,0.00,0.00,0.00,0.00,0.00
54.80,36.60,11.70,0.00,0.00,0.00,0.00,0.00
55.90,34.30,11.00,0.00,0.00,0.00,0.00,0.00
52.80,34.00,9.60,0.00,0.00,0.00,0.00,0.00
52.70,33.10,11.10,0.00,0.00,0.00,0.00,0.00
54.30,36.70,11.20,0.00,0.00,0.00,0.00,0.00
31.00,37.20,6.20,0.00,0.00,0.00,0.00,0.00
29.80,20.40,5.60,0.00,0.00,0.00,0.00,0.00
46.80,29.00,8.90,0.00,0.00,0.00,0.00,0.00
49.60,30.70,9.70,0.00,0.00,0.00,0.00,0.00
48.00,27.80,8.30,0.00,0.00,0.00,0.00,0.00
48.50,31.10,9.30,0.00,0.00,0.00,0.00,0.00
49.30,29.70,8.00,0.00,0.00,0.00,0.00,0.00
48.90,31.00,8.00,0.00,0.00,0.00,0.00,0.00
48.70,29.80,8.60,0.00,0.00,0.00,0.00,0.00
56.50,34.00,9.30,0.00,0.00,0.00,0.00,0.00
58.40,35.00,10.20,0.00,0.00,0.00,0.00,0.00
60.40,36.60,9.90,0.00,0.00,0.00,0.00,0.00
61.10,36.20,10.30,0.00,0.00,0.00,0.00,0.00
60.70,37.40,10.00,0.00,0.00,0.00,0.00,0.00
61.10,37.30,10.70,0.00,0.00,0.00,0.00,0.00
61.20,36.60,10.00,0.00,0.00,0.00,0.00,0.00
60.90,35.90,9.40,0.00,0.00,0.00,0.00,0.00
62.10,36.90,10.40,0.00,0.00,0.00,0.00,0.00
59.90,36.90,10.30,0.00,0.00,0.00,0.00,0.00
59.50,36.50,9.70,0.00,0.00,0.00,0.00,0.00
61.10,36.00,10.90,0.00,0.00,0.00,0.00,0.00
61.50,37.10,10.00,0.00,0.00,0.00,0.00,0.00
62.40,37.30,10.90,0.00,0.00,0.00,0.00,0.00
60.80,37.50,10.70,0.00,0.00,0.00,0.00,0.00
59.30,36.00,9.40,0.00,0.00,0.00,0.00,0.00
60.80,36.50,10.30,0.00,0.00,0.00,0.00,0.00
61.40,36.90,10.00,0.00,0.00,0.00,0.00,0.00
62.30,37.80,10.20,0.00,0.00,0.00,0.00,0.00
57.60,35.40,10.20,0.00,0.00,0.00,0.00,0.00
62.00,39.00,11.00,0.00,0.00,0.00,0.00,0.00
43.40,6.20,6.20,0.00,0.00,0.00,0.00,0.00
22.60,13.80,3.70,0.00,0.00,0.00,0.00,0.00
36.00,21.00,6.10,0.00,0.00,0.00,0.00,0.00
37.60,21.90,5.00,0.00,0.00,0.00,0.00,0.00
36.00,20.70,6.00,0.00,0.00,0.00,0.00,0.00
37.50,20.60,5.30,0.00,0.00,0.00,0.00,0.00
50.30,30.30,8.00,0.00,0.00,0.00,0.00,0.00
55.10,32.90,9.00,0.00,0.00,0.00,0.00,0.00
55.40,31.40,8.00,0.00,0.00,0.00,0.00,0.00
53.40,31.20,8.40,0.00,0.00,0.00,0.00,0.00
57.00,32.00,8.60,0.00,0.00,0.00,0.00,0.00
54.50,31.20,8.00,0.00,0.00,0.00,0.00,0.00
55.70,31.30,8.00,0.00,0.00,0.00,0.00,0.00
55.50,31.90,8.60,0.00,0.00,0.00,0.00,0.00
54.70,31.00,8.60,0.00,0.00,0.00,0.00,0.00
54.40,30.40,8.00,0.00,0.00,0.00,0.00,0.00
55.40,32.00,8.60,0.00,0.00,0.00,0.00,0.00
54.80,31.20,8.00,0.00,0.00,0.00,0.00,0.00
55.70,32.30,8.30,0.00,0.00,0.00,0.00,0.00
54.40,30.80,8.60,0.00,0.00,0.00,0.00,0.00
55.30,32.30,8.30,0.00,0.00,0.00,0.00,0.00
55.50,30.50,8.60,0.00,0.00,0.00,0.00,0.00
54.70,31.40,8.00,0.00,0.00,0.00,0.00,0.00
55.10,31.60,9.00,0.00,0.00,0.00,0.00,0.00
56.00,31.00,9.70,0.00,0.00,0.00,0.00,0.00
56.10,31.10,10.30,0.00,0.00,0.00,0.00,0.00
57.30,31.30,10.30,0.00,0.00,0.00,0.00,0.00
55.50,31.60,9.00,0.00,0.00,0.00,0.00,0.00
55.00,31.70,8.60,0.00,0.00,0.00,0.00,0.00
55.10,31.10,8.60,0.00,0.00,0.00,0.00,0.00
37.20,31.00,0.00,0.00,0.00,0.00,0.00,0.00
32.90,21.90,6.60,0.00,0.00,0.00,0.00,0.00
54.80,36.80,10.60,0.00,0.00,0.00,0.00,0.00
50.60,33.30,11.20,0.00,0.00,0.00,0.00,0.00
51.50,33.70,10.70,0.00,0.00,0.00,0.00,0.00
51.10,33.60,10.60,0.00,0.00,0.00,0.00,0.00
51.30,35.90,11.00,0.00,0.00,0.00,0.00,0.00
52.50,34.70,10.60,0.00,0.00,0.00,0.00,0.00
51.30,36.70,10.60,0.00,0.00,0.00,0.00,0.00
51.80,33.50,10.60,0.00,0.00,0.00,0.00,0.00
51.90,36.70,10.30,0.00,0.00,0.00,0.00,0.00
53.60,35.10,11.60,0.00,0.00,0.00,0.00,0.00
49.80,34.20,10.30,0.00,0.00,0.00,0.00,0.00
51.90,34.20,10.30,0.00,0.00,0.00,0.00,0.00
52.00,33.70,10.30,0.00,0.00,0.00,0.00,0.00
52.80,34.60,9.10,0.00,0.00,0.00,0.00,0.00
53.20,34.10,10.90,0.00,0.00,0.00,0.00,0.00
52.90,35.00,10.30,0.00,0.00,0.00,0.00,0.00
51.80,33.40,10.90,0.00,0.00,0.00,0.00,0.00
54.60,36.00,10.30,0.00,0.00,0.00,0.00,0.00
53.20,34.60,10.30,0.00,0.00,0.00,0.00,0.00
51.50,32.90,11.20,0.00,0.00,0.00,0.00,0.00
52.90,35.40,10.30,0.00,0.00,0.00,0.00,0.00
52.90,34.60,10.30,0.00,0.00,0.00,0.00,0.00
50.70,34.10,10.60,0.00,0.00,0.00,0.00,0.00
53.90,35.50,9.70,0.00,0.00,0.00,0.00,0.00
53.10,35.10,10.90,0.00,0.00,0.00,0.00,0.00
50.00,33.60,10.60,0.00,0.00,0.00,0.00,0.00
52.50,34.30,10.00,0.00,0.00,0.00,0.00,0.00
53.00,34.70,10.60,0.00,0.00,0.00,0.00,0.00
