#msgr-worker,io_context_pool,fio,log,ceph_timer,ms_dispatch,safe_timer,taskfin_librbd
0.00,0.00,0.00,0.00,0.00,0.00,0.00,0.00
88.30,58.30,31.70,0.00,0.00,0.00,0.00,0.00
92.80,59.50,33.20,0.00,0.00,0.00,0.00,0.00
94.40,58.20,32.90,0.00,0.00,0.00,0.00,0.00
88.40,57.30,31.10,0.00,0.00,0.00,0.00,0.00
89.80,60.30,32.30,0.00,0.00,0.00,0.00,0.00
87.50,58.20,31.90,0.00,0.00,0.00,0.00,0.00
95.50,58.40,33.30,0.00,0.00,0.00,0.00,0.00
97.20,61.10,34.00,0.00,0.00,0.00,0.00,0.00
90.50,55.50,31.00,0.00,0.00,0.00,0.00,0.00
97.50,62.90,34.70,0.00,0.00,0.00,0.00,0.00
97.30,60.40,32.60,0.00,0.00,0.00,0.00,0.00
91.80,57.20,34.10,0.00,0.00,0.00,0.00,0.00
88.80,60.90,31.60,0.00,0.00,0.00,0.00,0.00
85.70,55.50,30.40,0.00,0.00,0.00,0.00,0.00
88.90,60.30,31.80,0.00,0.00,0.00,0.00,0.00
87.60,55.40,32.60,0.00,0.00,0.00,0.00,0.00
80.90,55.70,30.80,0.00,0.00,0.00,0.00,0.00
72.50,49.80,26.00,0.00,0.00,0.00,0.00,0.00
71.50,51.60,27.60,0.00,0.00,0.00,0.00,0.00
70.90,48.90,25.60,0.00,0.00,0.00,0.00,0.00
71.20,49.90,26.80,0.00,0.00,0.00,0.00,0.00
74.00,51.80,29.30,0.00,0.00,0.00,0.00,0.00
68.20,46.70,25.50,0.00,0.00,0.00,0.00,0.00
71.60,52.10,26.80,0.00,0.00,0.00,0.00,0.00
75.30,52.20,27.50,0.00,0.00,0.00,0.00,0.00
78.50,53.40,30.50,0.00,0.00,0.00,0.00,0.00
86.10,56.90,31.60,0.00,0.00,0.00,0.00,0.00
86.20,55.70,30.50,0.00,0.00,0.00,0.00,0.00
87.10,59.70,32.00,0.00,0.00,0.00,0.00,0.00
62.00,49.60,18.60,0.00,0.00,0.00,0.00,0.00
101.20,63.80,33.20,0.00,0.00,0.00,0.00,0.00
93.20,59.00,32.30,0.00,0.00,0.00,0.00,0.00
97.80,63.00,36.00,0.00,0.00,0.00,0.00,0.00
90.00,60.00,32.00,0.00,0.00,0.00,0.00,0.00
91.40,56.70,30.80,0.00,0.00,0.00,0.00,0.00
88.00,58.90,30.80,0.00,0.00,0.00,0.00,0.00
88.10,56.00,33.20,0.00,0.00,0.00,0.00,0.00
90.60,59.90,30.40,0.00,0.00,0.00,0.00,0.00
85.00,56.90,30.00,0.00,0.00,0.00,0.00,0.00
96.70,59.40,33.80,0.00,0.00,0.00,0.00,0.00
110.60,66.40,37.50,0.00,0.00,0.00,0.00,0.00
113.60,68.60,37.70,0.00,0.00,0.00,0.00,0.00
104.00,65.20,37.20,0.00,0.00,0.00,0.00,0.00
92.90,58.50,32.00,0.00,0.00,0.00,0.00,0.00
98.00,62.90,34.10,0.00,0.00,0.00,0.00,0.00
97.60,60.60,33.30,0.00,0.00,0.00,0.00,0.00
94.50,60.60,32.90,0.00,0.00,0.00,0.00,0.00
90.80,61.50,30.80,0.00,0.00,0.00,0.00,0.00
86.50,57.00,31.40,0.00,0.00,0.00,0.00,0.00
101.50,63.10,36.80,0.00,0.00,0.00,0.00,0.00
103.20,62.70,34.80,0.00,0.00,0.00,0.00,0.00
101.80,63.60,33.00,0.00,0.00,0.00,0.00,0.00
100.20,61.50,37.20,0.00,0.00,0.00,0.00,0.00
104.20,64.30,33.80,0.00,0.00,0.00,0.00,0.00
97.60,63.20,33.50,0.00,0.00,0.00,0.00,0.00
81.60,52.80,29.60,0.00,0.00,0.00,0.00,0.00
96.40,64.10,33.30,0.00,0.00,0.00,0.00,0.00
93.50,58.80,33.00,0.00,0.00,0.00,0.00,0.00
96.30,63.20,32.90,0.00,0.00,0.00,0.00,0.00
80.70,18.60,24.80,0.00,0.00,0.00,0.00,0.00
97.60,63.00,33.90,0.00,0.00,0.00,0.00,0.00
85.90,57.30,30.80,0.00,0.00,0.00,0.00,0.00
102.90,63.00,36.50,0.00,0.00,0.00,0.00,0.00
105.00,65.80,35.30,0.00,0.00,0.00,0.00,0.00
101.50,62.10,35.60,0.00,0.00,0.00,0.00,0.00
96.50,61.50,33.80,0.00,0.00,0.00,0.00,0.00
103.90,63.00,34.70,0.00,0.00,0.00,0.00,0.00
104.60,67.30,36.50,0.00,0.00,0.00,0.00,0.00
101.80,62.80,35.40,0.00,0.00,0.00,0.00,0.00
95.80,60.30,34.10,0.00,0.00,0.00,0.00,0.00
96.50,60.40,33.20,0.00,0.00,0.00,0.00,0.00
103.60,63.30,34.40,0.00,0.00,0.00,0.00,0.00
101.10,64.30,35.90,0.00,0.00,0.00,0.00,0.00
94.60,58.90,32.90,0.00,0.00,0.00,0.00,0.00
100.70,66.60,36.20,0.00,0.00,0.00,0.00,0.00
106.20,61.50,34.20,0.00,0.00,0.00,0.00,0.00
98.60,63.40,34.10,0.00,0.00,0.00,0.00,0.00
96.60,57.50,34.20,0.00,0.00,0.00,0.00,0.00
98.10,64.30,33.30,0.00,0.00,0.00,0.00,0.00
100.10,63.10,35.50,0.00,0.00,0.00,0.00,0.00
94.90,61.20,32.20,0.00,0.00,0.00,0.00,0.00
99.70,60.40,35.30,0.00,0.00,0.00,0.00,0.00
99.40,64.30,35.10,0.00,0.00,0.00,0.00,0.00
96.10,60.20,33.20,0.00,0.00,0.00,0.00,0.00
97.20,60.10,33.50,0.00,0.00,0.00,0.00,0.00
99.90,64.70,35.90,0.00,0.00,0.00,0.00,0.00
96.30,62.90,33.80,0.00,0.00,0.00,0.00,0.00
90.40,54.40,31.70,0.00,0.00,0.00,0.00,0.00
91.70,61.20,31.70,0.00,0.00,0.00,0.00,0.00
62.10,74.50,18.60,0.00,0.00,0.00,0.00,0.00
91.70,60.10,38.20,0.00,0.00,0.00,0.00,0.00
94.40,58.70,36.50,0.00,0.00,0.00,0.00,0.00
98.00,63.70,36.70,0.00,0.00,0.00,0.00,0.00
83.00,56.50,33.80,0.00,0.00,0.00,0.00,0.00
90.00,56.50,34.70,0.00,0.00,0.00,0.00,0.00
90.20,57.10,34.70,0.00,0.00,0.00,0.00,0.00
93.80,59.30,37.20,0.00,0.00,0.00,0.00,0.00
96.60,61.80,36.20,0.00,0.00,0.00,0.00,0.00
95.40,61.20,37.90,0.00,0.00,0.00,0.00,0.00
93.90,57.50,36.20,0.00,0.00,0.00,0.00,0.00
88.00,59.10,34.70,0.00,0.00,0.00,0.00,0.00
91.20,56.50,34.70,0.00,0.00,0.00,0.00,0.00
87.40,57.60,37.10,0.00,0.00,0.00,0.00,0.00
88.90,57.10,32.90,0.00,0.00,0.00,0.00,0.00
92.40,59.90,36.70,0.00,0.00,0.00,0.00,0.00
86.90,58.00,34.10,0.00,0.00,0.00,0.00,0.00
92.40,57.00,33.10,0.00,0.00,0.00,0.00,0.00
87.90,58.80,37.30,0.00,0.00,0.00,0.00,0.00
87.90,58.60,35.50,0.00,0.00,0.00,0.00,0.00
91.50,57.90,35.30,0.00,0.00,0.00,0.00,0.00
87.80,56.90,35.10,0.00,0.00,0.00,0.00,0.00
90.50,58.80,34.80,0.00,0.00,0.00,0.00,0.00
89.90,59.20,34.50,0.00,0.00,0.00,0.00,0.00
90.00,59.70,35.60,0.00,0.00,0.00,0.00,0.00
89.10,57.10,35.60,0.00,0.00,0.00,0.00,0.00
90.30,56.60,35.60,0.00,0.00,0.00,0.00,0.00
88.80,60.10,35.10,0.00,0.00,0.00,0.00,0.00
88.40,56.20,34.40,0.00,0.00,0.00,0.00,0.00
89.10,60.80,34.80,0.00,0.00,0.00,0.00,0.00
76.70,29.50,35.40,0.00,0.00,0.00,0.00,0.00
92.90,59.20,35.70,0.00,0.00,0.00,0.00,0.00
91.50,58.20,36.00,0.00,0.00,0.00,0.00,0.00
91.50,62.00,36.40,0.00,0.00,0.00,0.00,0.00
92.50,59.10,36.50,0.00,0.00,0.00,0.00,0.00
94.90,61.90,35.90,0.00,0.00,0.00,0.00,0.00
92.30,59.20,34.70,0.00,0.00,0.00,0.00,0.00
95.80,58.60,38.10,0.00,0.00,0.00,0.00,0.00
96.00,63.10,37.40,0.00,0.00,0.00,0.00,0.00
92.40,59.60,35.70,0.00,0.00,0.00,0.00,0.00
100.80,64.40,37.10,0.00,0.00,0.00,0.00,0.00
97.30,60.00,37.20,0.00,0.00,0.00,0.00,0.00
99.30,61.60,38.50,0.00,0.00,0.00,0.00,0.00
104.10,61.50,38.30,0.00,0.00,0.00,0.00,0.00
97.00,60.90,38.30,0.00,0.00,0.00,0.00,0.00
95.90,62.50,38.30,0.00,0.00,0.00,0.00,0.00
99.80,61.00,36.60,0.00,0.00,0.00,0.00,0.00
92.00,59.50,36.10,0.00,0.00,0.00,0.00,0.00
92.50,58.30,34.80,0.00,0.00,0.00,0.00,0.00
91.60,60.40,35.90,0.00,0.00,0.00,0.00,0.00
100.30,60.80,36.60,0.00,0.00,0.00,0.00,0.00
102.40,60.70,39.10,0.00,0.00,0.00,0.00,0.00
100.90,64.10,38.00,0.00,0.00,0.00,0.00,0.00
99.50,60.40,37.20,0.00,0.00,0.00,0.00,0.00
89.70,60.50,35.30,0.00,0.00,0.00,0.00,0.00
92.00,58.80,36.50,0.00,0.00,0.00,0.00,0.00
92.00,60.10,36.60,0.00,0.00,0.00,0.00,0.00
103.00,62.50,37.40,0.00,0.00,0.00,0.00,0.00
101.30,62.60,39.10,0.00,0.00,0.00,0.00,0.00
100.30,61.40,36.60,0.00,0.00,0.00,0.00,0.00
37.20,37.30,31.00,0.00,0.00,0.00,0.00,0.00
90.10,61.80,36.50,0.00,0.00,0.00,0.00,0.00
92.60,59.00,36.80,0.00,0.00,0.00,0.00,0.00
90.30,58.30,34.40,0.00,0.00,0.00,0.00,0.00
86.40,56.40,35.30,0.00,0.00,0.00,0.00,0.00
95.10,61.50,35.70,0.00,0.00,0.00,0.00,0.00
96.70,59.30,37.70,0.00,0.00,0.00,0.00,0.00
96.10,63.70,37.50,0.00,0.00,0.00,0.00,0.00
96.10,60.40,36.30,0.00,0.00,0.00,0.00,0.00
100.20,63.40,38.80,0.00,0.00,0.00,0.00,0.00
101.70,61.70,37.80,0.00,0.00,0.00,0.00,0.00
99.00,63.40,38.20,0.00,0.00,0.00,0.00,0.00
98.10,59.60,38.20,0.00,0.00,0.00,0.00,0.00
98.60,63.70,36.20,0.00,0.00,0.00,0.00,0.00
97.70,60.30,38.30,0.00,0.00,0.00,0.00,0.00
94.60,60.30,37.50,0.00,0.00,0.00,0.00,0.00
102.90,65.00,39.20,0.00,0.00,0.00,0.00,0.00
113.10,66.50,40.40,0.00,0.00,0.00,0.00,0.00
118.90,70.40,44.20,0.00,0.00,0.00,0.00,0.00
110.20,62.50,42.20,0.00,0.00,0.00,0.00,0.00
107.60,67.10,39.30,0.00,0.00,0.00,0.00,0.00
112.40,64.30,38.90,0.00,0.00,0.00,0.00,0.00
105.90,63.90,41.90,0.00,0.00,0.00,0.00,0.00
104.80,65.60,39.60,0.00,0.00,0.00,0.00,0.00
106.10,62.30,39.60,0.00,0.00,0.00,0.00,0.00
107.80,64.70,39.70,0.00,0.00,0.00,0.00,0.00
108.90,64.00,40.70,0.00,0.00,0.00,0.00,0.00
114.60,68.50,42.70,0.00,0.00,0.00,0.00,0.00
107.10,64.10,38.40,0.00,0.00,0.00,0.00,0.00
110.10,66.40,42.20,0.00,0.00,0.00,0.00,0.00
82.60,17.70,23.60,0.00,0.00,0.00,0.00,0.00
101.50,62.80,44.60,0.00,0.00,0.00,0.00,0.00
93.50,57.20,41.20,0.00,0.00,0.00,0.00,0.00
89.50,61.00,41.80,0.00,0.00,0.00,0.00,0.00
87.90,57.70,36.20,0.00,0.00,0.00,0.00,0.00
91.70,59.70,43.80,0.00,0.00,0.00,0.00,0.00
96.10,61.10,41.30,0.00,0.00,0.00,0.00,0.00
96.20,60.80,41.90,0.00,0.00,0.00,0.00,0.00
96.50,62.20,40.00,0.00,0.00,0.00,0.00,0.00
97.50,59.20,42.30,0.00,0.00,0.00,0.00,0.00
98.30,66.10,44.60,0.00,0.00,0.00,0.00,0.00
87.20,56.70,38.20,0.00,0.00,0.00,0.00,0.00
91.90,60.90,40.00,0.00,0.00,0.00,0.00,0.00
99.30,61.00,44.60,0.00,0.00,0.00,0.00,0.00
100.50,63.70,42.90,0.00,0.00,0.00,0.00,0.00
97.00,62.60,40.70,0.00,0.00,0.00,0.00,0.00
99.70,62.10,46.40,0.00,0.00,0.00,0.00,0.00
105.80,66.70,45.20,0.00,0.00,0.00,0.00,0.00
93.00,60.20,40.90,0.00,0.00,0.00,0.00,0.00
88.50,56.80,40.10,0.00,0.00,0.00,0.00,0.00
100.30,64.50,42.80,0.00,0.00,0.00,0.00,0.00
97.90,61.60,43.00,0.00,0.00,0.00,0.00,0.00
96.00,59.80,42.60,0.00,0.00,0.00,0.00,0.00
101.90,65.80,45.90,0.00,0.00,0.00,0.00,0.00
102.20,62.20,43.00,0.00,0.00,0.00,0.00,0.00
98.60,62.60,41.90,0.00,0.00,0.00,0.00,0.00
90.50,58.70,42.40,0.00,0.00,0.00,0.00,0.00
100.00,64.60,43.10,0.00,0.00,0.00,0.00,0.00
101.50,62.60,45.20,0.00,0.00,0.00,0.00,0.00
97.10,61.20,42.00,0.00,0.00,0.00,0.00,0.00
86.80,55.80,24.80,0.00,0.00,0.00,0.00,0.00
93.50,62.00,41.10,0.00,0.00,0.00,0.00,0.00
97.80,61.30,44.30,0.00,0.00,0.00,0.00,0.00
103.20,65.30,44.00,0.00,0.00,0.00,0.00,0.00
97.80,60.00,41.90,0.00,0.00,0.00,0.00,0.00
92.50,62.70,41.00,0.00,0.00,0.00,0.00,0.00
96.50,60.80,40.20,0.00,0.00,0.00,0.00,0.00
88.20,56.00,40.40,0.00,0.00,0.00,0.00,0.00
90.20,58.10,39.20,0.00,0.00,0.00,0.00,0.00
86.30,57.00,37.30,0.00,0.00,0.00,0.00,0.00
93.00,60.60,41.30,0.00,0.00,0.00,0.00,0.00
97.40,61.10,40.50,0.00,0.00,0.00,0.00,0.00
98.10,61.20,41.70,0.00,0.00,0.00,0.00,0.00
91.90,60.30,42.60,0.00,0.00,0.00,0.00,0.00
98.20,62.10,39.10,0.00,0.00,0.00,0.00,0.00
95.50,60.30,43.60,0.00,0.00,0.00,0.00,0.00
94.20,59.30,41.40,0.00,0.00,0.00,0.00,0.00
87.50,60.20,39.00,0.00,0.00,0.00,0.00,0.00
96.40,60.20,41.00,0.00,0.00,0.00,0.00,0.00
99.50,63.10,44.50,0.00,0.00,0.00,0.00,0.00
101.80,63.20,43.40,0.00,0.00,0.00,0.00,0.00
98.00,60.00,42.70,0.00,0.00,0.00,0.00,0.00
107.80,68.20,48.10,0.00,0.00,0.00,0.00,0.00
108.70,65.20,46.30,0.00,0.00,0.00,0.00,0.00
105.20,63.70,45.40,0.00,0.00,0.00,0.00,0.00
111.00,65.60,47.40,0.00,0.00,0.00,0.00,0.00
102.40,66.40,45.20,0.00,0.00,0.00,0.00,0.00
104.30,62.70,45.70,0.00,0.00,0.00,0.00,0.00
105.90,64.40,43.20,0.00,0.00,0.00,0.00,0.00
104.60,64.00,47.40,0.00,0.00,0.00,0.00,0.00
105.70,31.00,37.20,0.00,0.00,0.00,0.00,0.00
109.00,68.80,47.00,0.00,0.00,0.00,0.00,0.00
107.80,63.40,44.60,0.00,0.00,0.00,0.00,0.00
111.30,68.60,49.40,0.00,0.00,0.00,0.00,0.00
103.10,63.20,46.90,0.00,0.00,0.00,0.00,0.00
110.00,65.40,45.50,0.00,0.00,0.00,0.00,0.00
100.30,63.10,42.00,0.00,0.00,0.00,0.00,0.00
102.30,66.40,46.10,0.00,0.00,0.00,0.00,0.00
106.10,65.10,45.30,0.00,0.00,0.00,0.00,0.00
110.30,65.80,47.70,0.00,0.00,0.00,0.00,0.00
106.90,67.00,47.00,0.00,0.00,0.00,0.00,0.00
105.80,62.10,44.00,0.00,0.00,0.00,0.00,0.00
107.90,66.60,47.90,0.00,0.00,0.00,0.00,0.00
105.90,67.30,46.50,0.00,0.00,0.00,0.00,0.00
101.80,58.80,44.70,0.00,0.00,0.00,0.00,0.00
107.30,67.70,48.10,0.00,0.00,0.00,0.00,0.00
107.40,65.20,43.90,0.00,0.00,0.00,0.00,0.00
108.10,63.10,45.20,0.00,0.00,0.00,0.00,0.00
105.60,67.30,48.10,0.00,0.00,0.00,0.00,0.00
108.90,63.80,44.60,0.00,0.00,0.00,0.00,0.00
104.80,63.10,47.40,0.00,0.00,0.00,0.00,0.00
117.10,69.10,51.50,0.00,0.00,0.00,0.00,0.00
107.70,67.40,46.30,0.00,0.00,0.00,0.00,0.00
114.40,65.80,48.60,0.00,0.00,0.00,0.00,0.00
106.60,67.10,49.40,0.00,0.00,0.00,0.00,0.00
108.60,64.80,45.40,0.00,0.00,0.00,0.00,0.00
103.60,63.10,42.40,0.00,0.00,0.00,0.00,0.00
106.90,67.20,48.00,0.00,0.00,0.00,0.00,0.00
108.60,63.90,48.40,0.00,0.00,0.00,0.00,0.00
101.70,62.40,42.70,0.00,0.00,0.00,0.00,0.00
87.10,43.40,37.20,0.00,0.00,0.00,0.00,0.00
109.20,66.70,50.10,0.00,0.00,0.00,0.00,0.00
105.90,64.00,48.50,0.00,0.00,0.00,0.00,0.00
98.60,63.00,44.20,0.00,0.00,0.00,0.00,0.00
107.30,65.20,46.60,0.00,0.00,0.00,0.00,0.00
110.70,66.60,48.90,0.00,0.00,0.00,0.00,0.00
104.50,63.40,45.90,0.00,0.00,0.00,0.00,0.00
108.10,66.00,48.60,0.00,0.00,0.00,0.00,0.00
107.90,64.50,48.10,0.00,0.00,0.00,0.00,0.00
104.70,67.60,48.20,0.00,0.00,0.00,0.00,0.00
111.70,64.40,48.20,0.00,0.00,0.00,0.00,0.00
108.10,64.30,49.50,0.00,0.00,0.00,0.00,0.00
119.70,71.60,53.20,0.00,0.00,0.00,0.00,0.00
118.00,68.10,52.80,0.00,0.00,0.00,0.00,0.00
112.40,65.40,50.40,0.00,0.00,0.00,0.00,0.00
131.20,72.10,57.20,0.00,0.00,0.00,0.00,0.00
125.00,72.50,55.90,0.00,0.00,0.00,0.00,0.00
108.60,65.40,47.60,0.00,0.00,0.00,0.00,0.00
107.10,64.80,48.60,0.00,0.00,0.00,0.00,0.00
113.80,67.60,52.60,0.00,0.00,0.00,0.00,0.00
130.70,71.30,58.80,0.00,0.00,0.00,0.00,0.00
125.30,72.80,54.50,0.00,0.00,0.00,0.00,0.00
128.60,70.10,57.80,0.00,0.00,0.00,0.00,0.00
122.50,69.30,54.40,0.00,0.00,0.00,0.00,0.00
107.80,65.90,46.90,0.00,0.00,0.00,0.00,0.00
111.60,67.40,50.50,0.00,0.00,0.00,0.00,0.00
103.20,64.20,46.20,0.00,0.00,0.00,0.00,0.00
105.80,66.60,47.90,0.00,0.00,0.00,0.00,0.00
105.70,63.40,44.50,0.00,0.00,0.00,0.00,0.00
105.40,64.90,47.20,0.00,0.00,0.00,0.00,0.00
111.90,62.00,55.80,0.00,0.00,0.00,0.00,0.00
120.00,68.50,54.10,0.00,0.00,0.00,0.00,0.00
111.90,67.90,51.80,0.00,0.00,0.00,0.00,0.00
115.50,66.60,52.10,0.00,0.00,0.00,0.00,0.00
125.60,71.80,56.00,0.00,0.00,0.00,0.00,0.00
122.60,72.00,55.80,0.00,0.00,0.00,0.00,0.00
119.30,65.60,52.90,0.00,0.00,0.00,0.00,0.00
118.60,68.50,51.20,0.00,0.00,0.00,0.00,0.00
114.80,71.00,52.80,0.00,0.00,0.00,0.00,0.00
111.20,65.50,50.80,0.00,0.00,0.00,0.00,0.00
127.90,72.10,52.70,0.00,0.00,0.00,0.00,0.00
105.20,66.90,47.50,0.00,0.00,0.00,0.00,0.00
104.90,62.90,46.50,0.00,0.00,0.00,0.00,0.00
101.30,64.60,47.00,0.00,0.00,0.00,0.00,0.00
100.40,62.20,44.70,0.00,0.00,0.00,0.00,0.00
107.10,68.10,48.60,0.00,0.00,0.00,0.00,0.00
106.60,65.60,47.80,0.00,0.00,0.00,0.00,0.00
104.40,65.30,47.00,0.00,0.00,0.00,0.00,0.00
103.80,63.40,47.60,0.00,0.00,0.00,0.00,0.00
106.80,64.80,45.40,0.00,0.00,0.00,0.00,0.00
102.40,64.90,46.70,0.00,0.00,0.00,0.00,0.00
110.50,66.20,52.90,0.00,0.00,0.00,0.00,0.00
118.40,70.30,52.40,0.00,0.00,0.00,0.00,0.00
118.50,68.00,54.20,0.00,0.00,0.00,0.00,0.00
115.10,68.50,52.40,0.00,0.00,0.00,0.00,0.00
105.70,65.80,48.30,0.00,0.00,0.00,0.00,0.00
101.20,61.20,44.40,0.00,0.00,0.00,0.00,0.00
101.80,61.40,46.10,0.00,0.00,0.00,0.00,0.00
100.70,65.40,45.30,0.00,0.00,0.00,0.00,0.00
103.20,65.20,46.40,0.00,0.00,0.00,0.00,0.00
82.60,41.30,35.40,0.00,0.00,0.00,0.00,0.00
105.60,66.10,46.40,0.00,0.00,0.00,0.00,0.00
101.10,63.00,47.60,0.00,0.00,0.00,0.00,0.00
107.60,68.80,45.80,0.00,0.00,0.00,0.00,0.00
105.40,62.80,47.70,0.00,0.00,0.00,0.00,0.00
120.40,68.70,53.90,0.00,0.00,0.00,0.00,0.00
117.10,69.10,55.10,0.00,0.00,0.00,0.00,0.00
122.00,69.40,53.50,0.00,0.00,0.00,0.00,0.00
118.30,68.40,52.70,0.00,0.00,0.00,0.00,0.00
117.30,70.50,52.90,0.00,0.00,0.00,0.00,0.00
121.40,69.80,52.70,0.00,0.00,0.00,0.00,0.00
121.90,71.90,56.60,0.00,0.00,0.00,0.00,0.00
126.50,69.50,55.40,0.00,0.00,0.00,0.00,0.00
119.30,71.10,52.80,0.00,0.00,0.00,0.00,0.00
106.80,62.30,48.50,0.00,0.00,0.00,0.00,0.00
105.60,66.90,48.50,0.00,0.00,0.00,0.00,0.00
105.10,66.40,47.20,0.00,0.00,0.00,0.00,0.00
110.90,66.30,50.20,0.00,0.00,0.00,0.00,0.00
119.20,71.40,55.10,0.00,0.00,0.00,0.00,0.00
111.60,66.40,49.40,0.00,0.00,0.00,0.00,0.00
115.50,66.10,51.90,0.00,0.00,0.00,0.00,0.00
114.50,67.00,53.40,0.00,0.00,0.00,0.00,0.00
121.80,71.90,53.70,0.00,0.00,0.00,0.00,0.00
125.00,70.30,54.80,0.00,0.00,0.00,0.00,0.00
119.30,69.40,52.90,0.00,0.00,0.00,0.00,0.00
110.70,67.90,51.60,0.00,0.00,0.00,0.00,0.00
114.70,66.70,51.50,0.00,0.00,0.00,0.00,0.00
114.60,68.60,52.70,0.00,0.00,0.00,0.00,0.00
120.10,69.60,53.00,0.00,0.00,0.00,0.00,0.00
115.40,67.10,52.30,0.00,0.00,0.00,0.00,0.00
87.10,43.40,62.00,0.00,0.00,0.00,0.00,0.00
98.00,63.90,46.00,0.00,0.00,0.00,0.00,0.00
89.60,59.40,40.50,0.00,0.00,0.00,0.00,0.00
95.00,60.60,42.50,0.00,0.00,0.00,0.00,0.00
98.30,63.50,46.40,0.00,0.00,0.00,0.00,0.00
96.80,62.80,45.20,0.00,0.00,0.00,0.00,0.00
89.10,57.50,38.70,0.00,0.00,0.00,0.00,0.00
88.50,59.50,40.70,0.00,0.00,0.00,0.00,0.00
114.20,72.10,52.60,0.00,0.00,0.00,0.00,0.00
93.00,59.30,42.80,0.00,0.00,0.00,0.00,0.00
90.30,60.30,40.30,0.00,0.00,0.00,0.00,0.00
90.70,56.00,42.80,0.00,0.00,0.00,0.00,0.00
90.00,61.10,39.70,0.00,0.00,0.00,0.00,0.00
91.30,60.70,42.20,0.00,0.00,0.00,0.00,0.00
94.30,60.60,43.70,0.00,0.00,0.00,0.00,0.00
103.60,66.50,47.70,0.00,0.00,0.00,0.00,0.00
111.30,64.40,49.50,0.00,0.00,0.00,0.00,0.00
105.70,69.00,48.30,0.00,0.00,0.00,0.00,0.00
102.80,64.60,46.20,0.00,0.00,0.00,0.00,0.00
88.30,57.60,42.00,0.00,0.00,0.00,0.00,0.00
88.10,58.80,39.00,0.00,0.00,0.00,0.00,0.00
88.40,56.70,39.60,0.00,0.00,0.00,0.00,0.00
92.10,61.70,41.70,0.00,0.00,0.00,0.00,0.00
86.00,56.60,41.80,0.00,0.00,0.00,0.00,0.00
97.20,59.90,42.40,0.00,0.00,0.00,0.00,0.00
91.70,61.60,42.60,0.00,0.00,0.00,0.00,0.00
91.00,58.10,42.70,0.00,0.00,0.00,0.00,0.00
99.00,64.50,43.70,0.00,0.00,0.00,0.00,0.00
104.00,66.40,46.10,0.00,0.00,0.00,0.00,0.00
107.80,64.00,51.30,0.00,0.00,0.00,0.00,0.00
118.20,43.40,55.80,0.00,0.00,0.00,0.00,0.00
132.60,77.20,59.40,0.00,0.00,0.00,0.00,0.00
135.20,72.10,61.10,0.00,0.00,0.00,0.00,0.00
134.90,75.60,60.00,0.00,0.00,0.00,0.00,0.00
130.60,73.20,58.20,0.00,0.00,0.00,0.00,0.00
137.50,75.70,61.50,0.00,0.00,0.00,0.00,0.00
136.50,75.80,62.20,0.00,0.00,0.00,0.00,0.00
131.10,72.30,59.20,0.00,0.00,0.00,0.00,0.00
136.30,77.10,63.10,0.00,0.00,0.00,0.00,0.00
137.20,74.50,62.70,0.00,0.00,0.00,0.00,0.00
123.10,71.70,53.00,0.00,0.00,0.00,0.00,0.00
127.30,72.40,58.80,0.00,0.00,0.00,0.00,0.00
130.90,72.30,57.80,0.00,0.00,0.00,0.00,0.00
136.10,73.70,64.10,0.00,0.00,0.00,0.00,0.00
130.60,74.50,57.90,0.00,0.00,0.00,0.00,0.00
133.60,76.20,62.80,0.00,0.00,0.00,0.00,0.00
127.00,71.00,53.50,0.00,0.00,0.00,0.00,0.00
134.00,75.20,60.50,0.00,0.00,0.00,0.00,0.00
136.30,73.70,62.70,0.00,0.00,0.00,0.00,0.00
130.00,73.40,58.40,0.00,0.00,0.00,0.00,0.00
135.40,76.00,62.30,0.00,0.00,0.00,0.00,0.00
131.20,73.00,58.60,0.00,0.00,0.00,0.00,0.00
138.10,76.10,62.30,0.00,0.00,0.00,0.00,0.00
132.90,72.00,59.70,0.00,0.00,0.00,0.00,0.00
136.30,76.00,59.40,0.00,0.00,0.00,0.00,0.00
138.00,74.70,63.20,0.00,0.00,0.00,0.00,0.00
135.20,77.10,64.00,0.00,0.00,0.00,0.00,0.00
138.30,77.00,62.90,0.00,0.00,0.00,0.00,0.00
134.10,71.30,59.40,0.00,0.00,0.00,0.00,0.00
134.80,76.80,62.50,0.00,0.00,0.00,0.00,0.00
142.90,74.40,37.20,0.00,0.00,0.00,0.00,0.00
128.00,76.80,56.90,0.00,0.00,0.00,0.00,0.00
130.90,69.20,57.90,0.00,0.00,0.00,0.00,0.00
130.50,75.70,60.90,0.00,0.00,0.00,0.00,0.00
128.00,73.80,56.70,0.00,0.00,0.00,0.00,0.00
134.20,72.80,57.40,0.00,0.00,0.00,0.00,0.00
137.80,78.10,61.70,0.00,0.00,0.00,0.00,0.00
134.00,75.90,59.80,0.00,0.00,0.00,0.00,0.00
135.70,74.30,59.20,0.00,0.00,0.00,0.00,0.00
141.90,77.90,62.40,0.00,0.00,0.00,0.00,0.00
135.00,77.90,61.60,0.00,0.00,0.00,0.00,0.00
133.70,74.20,57.20,0.00,0.00,0.00,0.00,0.00
136.00,75.80,59.20,0.00,0.00,0.00,0.00,0.00
134.10,74.10,60.10,0.00,0.00,0.00,0.00,0.00
133.60,74.40,60.30,0.00,0.00,0.00,0.00,0.00
141.80,79.40,63.00,0.00,0.00,0.00,0.00,0.00
139.90,78.80,60.70,0.00,0.00,0.00,0.00,0.00
140.90,80.00,64.60,0.00,0.00,0.00,0.00,0.00
134.80,74.40,59.10,0.00,0.00,0.00,0.00,0.00
130.10,71.90,54.90,0.00,0.00,0.00,0.00,0.00
130.30,73.80,57.60,0.00,0.00,0.00,0.00,0.00
130.30,74.40,59.20,0.00,0.00,0.00,0.00,0.00
134.10,75.90,61.00,0.00,0.00,0.00,0.00,0.00
134.50,74.00,59.90,0.00,0.00,0.00,0.00,0.00
132.80,76.20,60.70,0.00,0.00,0.00,0.00,0.00
134.50,74.90,61.00,0.00,0.00,0.00,0.00,0.00
134.70,75.30,58.70,0.00,0.00,0.00,0.00,0.00
138.40,76.70,61.80,0.00,0.00,0.00,0.00,0.00
135.70,77.50,62.30,0.00,0.00,0.00,0.00,0.00
134.10,72.30,59.10,0.00,0.00,0.00,0.00,0.00
111.80,55.90,37.20,0.00,0.00,0.00,0.00,0.00
128.90,71.70,60.30,0.00,0.00,0.00,0.00,0.00
129.50,75.50,62.40,0.00,0.00,0.00,0.00,0.00
133.30,73.90,58.40,0.00,0.00,0.00,0.00,0.00
129.80,76.10,60.60,0.00,0.00,0.00,0.00,0.00
134.40,74.90,63.60,0.00,0.00,0.00,0.00,0.00
129.50,74.50,60.80,0.00,0.00,0.00,0.00,0.00
136.70,74.50,61.70,0.00,0.00,0.00,0.00,0.00
125.60,76.20,59.50,0.00,0.00,0.00,0.00,0.00
130.10,72.30,58.30,0.00,0.00,0.00,0.00,0.00
136.00,74.00,61.50,0.00,0.00,0.00,0.00,0.00
126.40,72.60,60.60,0.00,0.00,0.00,0.00,0.00
126.50,72.50,58.70,0.00,0.00,0.00,0.00,0.00
129.30,74.90,60.50,0.00,0.00,0.00,0.00,0.00
131.60,72.50,62.30,0.00,0.00,0.00,0.00,0.00
134.00,75.20,59.50,0.00,0.00,0.00,0.00,0.00
126.70,72.30,59.20,0.00,0.00,0.00,0.00,0.00
125.50,72.10,60.70,0.00,0.00,0.00,0.00,0.00
126.40,71.30,57.90,0.00,0.00,0.00,0.00,0.00
133.10,80.60,61.30,0.00,0.00,0.00,0.00,0.00
132.30,72.70,61.00,0.00,0.00,0.00,0.00,0.00
127.00,72.30,59.00,0.00,0.00,0.00,0.00,0.00
133.00,76.60,61.10,0.00,0.00,0.00,0.00,0.00
133.00,74.80,61.50,0.00,0.00,0.00,0.00,0.00
128.30,73.60,58.30,0.00,0.00,0.00,0.00,0.00
125.20,72.30,59.60,0.00,0.00,0.00,0.00,0.00
127.00,72.60,57.90,0.00,0.00,0.00,0.00,0.00
127.50,73.40,59.60,0.00,0.00,0.00,0.00,0.00
125.80,72.10,57.50,0.00,0.00,0.00,0.00,0.00
121.20,69.90,56.70,0.00,0.00,0.00,0.00,0.00
130.70,43.40,62.00,0.00,0.00,0.00,0.00,0.00
140.00,77.90,62.00,0.00,0.00,0.00,0.00,0.00
139.20,77.90,64.50,0.00,0.00,0.00,0.00,0.00
138.30,78.10,63.80,0.00,0.00,0.00,0.00,0.00
133.60,74.00,60.50,0.00,0.00,0.00,0.00,0.00
137.10,77.60,60.80,0.00,0.00,0.00,0.00,0.00
139.20,77.20,65.00,0.00,0.00,0.00,0.00,0.00
135.90,76.80,59.30,0.00,0.00,0.00,0.00,0.00
133.30,76.00,61.10,0.00,0.00,0.00,0.00,0.00
136.80,74.90,60.20,0.00,0.00,0.00,0.00,0.00
136.30,77.10,62.60,0.00,0.00,0.00,0.00,0.00
139.60,78.40,62.20,0.00,0.00,0.00,0.00,0.00
133.50,73.70,60.00,0.00,0.00,0.00,0.00,0.00
137.40,76.30,60.20,0.00,0.00,0.00,0.00,0.00
137.20,76.20,62.70,0.00,0.00,0.00,0.00,0.00
133.50,74.60,59.30,0.00,0.00,0.00,0.00,0.00
137.80,76.10,61.40,0.00,0.00,0.00,0.00,0.00
139.10,83.00,64.40,0.00,0.00,0.00,0.00,0.00
134.80,75.90,60.50,0.00,0.00,0.00,0.00,0.00
132.70,73.00,57.90,0.00,0.00,0.00,0.00,0.00
136.50,78.80,62.60,0.00,0.00,0.00,0.00,0.00
127.20,76.10,59.20,0.00,0.00,0.00,0.00,0.00
137.60,79.30,63.90,0.00,0.00,0.00,0.00,0.00
139.30,79.30,65.40,0.00,0.00,0.00,0.00,0.00
141.20,79.50,66.30,0.00,0.00,0.00,0.00,0.00
131.70,76.30,60.50,0.00,0.00,0.00,0.00,0.00
134.60,79.50,61.50,0.00,0.00,0.00,0.00,0.00
136.40,76.40,62.40,0.00,0.00,0.00,0.00,0.00
133.00,76.60,58.10,0.00,0.00,0.00,0.00,0.00
132.10,75.50,61.70,0.00,0.00,0.00,0.00,0.00
130.50,55.80,37.30,0.00,0.00,0.00,0.00,0.00
137.90,76.80,63.40,0.00,0.00,0.00,0.00,0.00
138.60,76.90,61.70,0.00,0.00,0.00,0.00,0.00
129.00,72.30,58.00,0.00,0.00,0.00,0.00,0.00
138.20,77.30,63.50,0.00,0.00,0.00,0.00,0.00
140.90,78.90,62.50,0.00,0.00,0.00,0.00,0.00
136.50,77.20,61.40,0.00,0.00,0.00,0.00,0.00
138.00,75.40,62.00,0.00,0.00,0.00,0.00,0.00
140.60,78.90,63.50,0.00,0.00,0.00,0.00,0.00
140.60,77.90,65.20,0.00,0.00,0.00,0.00,0.00
135.60,75.80,62.30,0.00,0.00,0.00,0.00,0.00
140.90,78.50,63.00,0.00,0.00,0.00,0.00,0.00
137.90,77.10,61.90,0.00,0.00,0.00,0.00,0.00
137.00,76.50,63.90,0.00,0.00,0.00,0.00,0.00
131.10,74.40,56.80,0.00,0.00,0.00,0.00,0.00
136.50,73.80,60.30,0.00,0.00,0.00,0.00,0.00
138.50,80.20,61.30,0.00,0.00,0.00,0.00,0.00
133.90,72.90,59.90,0.00,0.00,0.00,0.00,0.00
120.80,70.90,53.30,0.00,0.00,0.00,0.00,0.00
121.50,69.50,56.20,0.00,0.00,0.00,0.00,0.00
123.90,74.70,55.50,0.00,0.00,0.00,0.00,0.00
137.10,76.40,61.30,0.00,0.00,0.00,0.00,0.00
122.70,74.70,56.80,0.00,0.00,0.00,0.00,0.00
119.80,69.40,53.10,0.00,0.00,0.00,0.00,0.00
122.70,69.80,54.50,0.00,0.00,0.00,0.00,0.00
124.40,74.70,58.00,0.00,0.00,0.00,0.00,0.00
134.30,80.60,60.80,0.00,0.00,0.00,0.00,0.00
113.10,67.10,51.30,0.00,0.00,0.00,0.00,0.00
121.10,73.50,54.60,0.00,0.00,0.00,0.00,0.00
123.10,75.00,57.10,0.00,0.00,0.00,0.00,0.00
112.10,53.10,53.10,0.00,0.00,0.00,0.00,0.00
135.20,79.30,63.10,0.00,0.00,0.00,0.00,0.00
131.10,78.00,61.60,0.00,0.00,0.00,0.00,0.00
128.80,72.50,59.10,0.00,0.00,0.00,0.00,0.00
125.70,76.60,59.60,0.00,0.00,0.00,0.00,0.00
131.70,75.60,59.90,0.00,0.00,0.00,0.00,0.00
130.20,78.60,61.20,0.00,0.00,0.00,0.00,0.00
130.10,74.00,60.00,0.00,0.00,0.00,0.00,0.00
126.70,76.80,59.10,0.00,0.00,0.00,0.00,0.00
130.00,74.00,61.20,0.00,0.00,0.00,0.00,0.00
133.10,74.40,61.10,0.00,0.00,0.00,0.00,0.00
128.50,75.70,61.10,0.00,0.00,0.00,0.00,0.00
116.40,68.30,53.00,0.00,0.00,0.00,0.00,0.00
103.70,64.20,50.50,0.00,0.00,0.00,0.00,0.00
108.60,69.80,52.60,0.00,0.00,0.00,0.00,0.00
107.40,64.30,50.90,0.00,0.00,0.00,0.00,0.00
110.70,69.30,53.90,0.00,0.00,0.00,0.00,0.00
111.90,66.20,51.80,0.00,0.00,0.00,0.00,0.00
117.60,69.40,54.00,0.00,0.00,0.00,0.00,0.00
130.80,73.90,58.70,0.00,0.00,0.00,0.00,0.00
125.90,71.80,58.20,0.00,0.00,0.00,0.00,0.00
128.50,74.40,57.90,0.00,0.00,0.00,0.00,0.00
122.40,67.50,53.00,0.00,0.00,0.00,0.00,0.00
122.40,70.10,53.40,0.00,0.00,0.00,0.00,0.00
130.80,73.20,60.90,0.00,0.00,0.00,0.00,0.00
136.40,76.30,61.90,0.00,0.00,0.00,0.00,0.00
127.20,72.00,55.10,0.00,0.00,0.00,0.00,0.00
130.00,71.60,60.20,0.00,0.00,0.00,0.00,0.00
134.00,77.50,61.80,0.00,0.00,0.00,0.00,0.00
133.40,74.30,59.50,0.00,0.00,0.00,0.00,0.00
87.00,43.40,55.80,0.00,0.00,0.00,0.00,0.00
128.70,75.60,60.90,0.00,0.00,0.00,0.00,0.00
130.70,78.40,59.80,0.00,0.00,0.00,0.00,0.00
126.90,71.90,61.10,0.00,0.00,0.00,0.00,0.00
138.00,76.20,61.60,0.00,0.00,0.00,0.00,0.00
133.80,77.90,62.40,0.00,0.00,0.00,0.00,0.00
132.90,75.50,62.20,0.00,0.00,0.00,0.00,0.00
136.10,74.00,61.70,0.00,0.00,0.00,0.00,0.00
127.20,72.60,57.10,0.00,0.00,0.00,0.00,0.00
135.90,77.10,62.80,0.00,0.00,0.00,0.00,0.00
135.30,76.40,61.90,0.00,0.00,0.00,0.00,0.00
137.00,75.50,60.60,0.00,0.00,0.00,0.00,0.00
134.90,75.00,62.90,0.00,0.00,0.00,0.00,0.00
134.10,74.20,60.10,0.00,0.00,0.00,0.00,0.00
132.50,75.50,60.30,0.00,0.00,0.00,0.00,0.00
133.50,75.10,58.00,0.00,0.00,0.00,0.00,0.00
133.00,76.00,61.60,0.00,0.00,0.00,0.00,0.00
136.40,74.70,60.30,0.00,0.00,0.00,0.00,0.00
130.80,72.50,60.30,0.00,0.00,0.00,0.00,0.00
132.70,74.60,57.50,0.00,0.00,0.00,0.00,0.00
136.90,77.00,63.40,0.00,0.00,0.00,0.00,0.00
135.80,75.40,61.40,0.00,0.00,0.00,0.00,0.00
129.00,74.50,57.00,0.00,0.00,0.00,0.00,0.00
129.30,75.90,62.20,0.00,0.00,0.00,0.00,0.00
117.00,69.70,54.80,0.00,0.00,0.00,0.00,0.00
133.50,76.60,60.10,0.00,0.00,0.00,0.00,0.00
131.40,74.50,60.00,0.00,0.00,0.00,0.00,0.00
132.20,73.50,57.80,0.00,0.00,0.00,0.00,0.00
135.40,74.00,62.70,0.00,0.00,0.00,0.00,0.00
134.20,79.30,61.80,0.00,0.00,0.00,0.00,0.00
94.40,88.50,47.20,0.00,0.00,0.00,0.00,0.00
122.40,72.10,56.70,0.00,0.00,0.00,0.00,0.00
114.00,69.70,55.90,0.00,0.00,0.00,0.00,0.00
127.70,76.60,62.60,0.00,0.00,0.00,0.00,0.00
131.30,75.40,59.00,0.00,0.00,0.00,0.00,0.00
129.20,71.80,59.90,0.00,0.00,0.00,0.00,0.00
117.60,69.40,52.00,0.00,0.00,0.00,0.00,0.00
122.70,71.20,56.70,0.00,0.00,0.00,0.00,0.00
127.90,74.80,56.40,0.00,0.00,0.00,0.00,0.00
125.80,70.30,56.30,0.00,0.00,0.00,0.00,0.00
60.10,36.50,0.00,0.00,0.00,0.00,0.00,0.00
881.90,508.40,825.70,0.00,0.00,0.00,0.00,0.00
120.10,68.80,56.50,0.00,0.00,0.00,0.00,0.00
119.90,69.50,54.60,0.00,0.00,0.00,0.00,0.00
122.60,70.60,53.60,0.00,0.00,0.00,0.00,0.00
134.50,75.20,60.60,0.00,0.00,0.00,0.00,0.00
123.80,70.40,53.40,0.00,0.00,0.00,0.00,0.00
124.50,72.20,55.00,0.00,0.00,0.00,0.00,0.00
124.20,69.30,53.20,0.00,0.00,0.00,0.00,0.00
117.10,66.00,50.40,0.00,0.00,0.00,0.00,0.00
96.80,54.40,38.40,0.00,0.00,0.00,0.00,0.00
108.70,60.70,44.30,0.00,0.00,0.00,0.00,0.00
116.30,65.60,50.40,0.00,0.00,0.00,0.00,0.00
111.20,61.00,47.30,0.00,0.00,0.00,0.00,0.00
108.40,62.70,46.00,0.00,0.00,0.00,0.00,0.00
114.80,66.20,44.70,0.00,0.00,0.00,0.00,0.00
113.60,60.90,46.30,0.00,0.00,0.00,0.00,0.00
112.10,64.10,46.80,0.00,0.00,0.00,0.00,0.00
108.50,59.50,45.10,0.00,0.00,0.00,0.00,0.00
112.20,63.20,45.80,0.00,0.00,0.00,0.00,0.00
130.80,55.80,31.00,0.00,0.00,0.00,0.00,0.00
138.30,80.00,66.90,0.00,0.00,0.00,0.00,0.00
139.80,77.40,63.10,0.00,0.00,0.00,0.00,0.00
135.20,78.60,61.60,0.00,0.00,0.00,0.00,0.00
118.20,68.90,51.90,0.00,0.00,0.00,0.00,0.00
115.50,66.30,50.30,0.00,0.00,0.00,0.00,0.00
116.90,64.20,51.00,0.00,0.00,0.00,0.00,0.00
124.80,72.20,57.00,0.00,0.00,0.00,0.00,0.00
125.20,71.20,55.80,0.00,0.00,0.00,0.00,0.00
124.60,69.80,53.90,0.00,0.00,0.00,0.00,0.00
125.50,71.70,58.30,0.00,0.00,0.00,0.00,0.00
108.00,60.10,43.70,0.00,0.00,0.00,0.00,0.00
115.50,60.10,48.70,0.00,0.00,0.00,0.00,0.00
115.00,62.70,46.30,0.00,0.00,0.00,0.00,0.00
106.50,57.70,43.30,0.00,0.00,0.00,0.00,0.00
112.40,63.80,47.30,0.00,0.00,0.00,0.00,0.00
107.30,56.10,43.30,0.00,0.00,0.00,0.00,0.00
116.50,64.20,49.70,0.00,0.00,0.00,0.00,0.00
108.60,58.10,45.20,0.00,0.00,0.00,0.00,0.00
112.50,59.60,46.30,0.00,0.00,0.00,0.00,0.00
106.30,57.20,42.60,0.00,0.00,0.00,0.00,0.00
100.30,55.20,40.00,0.00,0.00,0.00,0.00,0.00
115.60,61.20,48.10,0.00,0.00,0.00,0.00,0.00
115.60,59.70,48.10,0.00,0.00,0.00,0.00,0.00
111.30,59.50,45.70,0.00,0.00,0.00,0.00,0.00
110.00,57.40,44.10,0.00,0.00,0.00,0.00,0.00
95.30,52.60,35.00,0.00,0.00,0.00,0.00,0.00
88.40,50.60,33.80,0.00,0.00,0.00,0.00,0.00
105.80,55.00,41.20,0.00,0.00,0.00,0.00,0.00
104.40,55.90,41.00,0.00,0.00,0.00,0.00,0.00
105.50,74.40,80.70,0.00,0.00,0.00,0.00,0.00
124.80,75.70,59.70,0.00,0.00,0.00,0.00,0.00
125.40,71.50,59.80,0.00,0.00,0.00,0.00,0.00
126.90,78.60,60.40,0.00,0.00,0.00,0.00,0.00
125.20,70.20,58.70,0.00,0.00,0.00,0.00,0.00
115.90,72.60,57.00,0.00,0.00,0.00,0.00,0.00
124.50,73.70,59.70,0.00,0.00,0.00,0.00,0.00
122.40,71.50,58.40,0.00,0.00,0.00,0.00,0.00
127.70,75.30,59.60,0.00,0.00,0.00,0.00,0.00
130.40,76.30,62.30,0.00,0.00,0.00,0.00,0.00
138.10,81.10,67.00,0.00,0.00,0.00,0.00,0.00
137.10,75.50,62.50,0.00,0.00,0.00,0.00,0.00
131.20,75.10,60.80,0.00,0.00,0.00,0.00,0.00
134.20,77.70,62.20,0.00,0.00,0.00,0.00,0.00
113.40,67.60,53.60,0.00,0.00,0.00,0.00,0.00
119.00,72.50,56.40,0.00,0.00,0.00,0.00,0.00
119.20,70.10,57.10,0.00,0.00,0.00,0.00,0.00
120.10,70.40,56.00,0.00,0.00,0.00,0.00,0.00
126.40,73.20,59.10,0.00,0.00,0.00,0.00,0.00
120.20,69.90,57.20,0.00,0.00,0.00,0.00,0.00
131.30,71.80,58.00,0.00,0.00,0.00,0.00,0.00
125.00,71.40,57.40,0.00,0.00,0.00,0.00,0.00
122.80,71.60,57.50,0.00,0.00,0.00,0.00,0.00
116.30,70.60,56.40,0.00,0.00,0.00,0.00,0.00
125.30,71.10,58.70,0.00,0.00,0.00,0.00,0.00
132.30,73.90,60.00,0.00,0.00,0.00,0.00,0.00
126.80,70.60,57.40,0.00,0.00,0.00,0.00,0.00
130.90,74.90,59.20,0.00,0.00,0.00,0.00,0.00
129.00,72.20,58.00,0.00,0.00,0.00,0.00,0.00
125.30,71.40,54.90,0.00,0.00,0.00,0.00,0.00
147.50,76.70,47.20,0.00,0.00,0.00,0.00,0.00
114.90,69.00,55.30,0.00,0.00,0.00,0.00,0.00
122.70,73.50,58.10,0.00,0.00,0.00,0.00,0.00
117.50,74.30,58.10,0.00,0.00,0.00,0.00,0.00
121.90,71.00,56.80,0.00,0.00,0.00,0.00,0.00
120.30,72.60,58.40,0.00,0.00,0.00,0.00,0.00
134.70,78.70,66.00,0.00,0.00,0.00,0.00,0.00
131.70,73.90,60.90,0.00,0.00,0.00,0.00,0.00
137.00,76.80,64.00,0.00,0.00,0.00,0.00,0.00
128.20,75.90,59.60,0.00,0.00,0.00,0.00,0.00
121.00,66.70,55.30,0.00,0.00,0.00,0.00,0.00
127.20,73.80,58.00,0.00,0.00,0.00,0.00,0.00
126.30,73.70,61.50,0.00,0.00,0.00,0.00,0.00
126.70,75.10,60.00,0.00,0.00,0.00,0.00,0.00
126.40,70.90,57.30,0.00,0.00,0.00,0.00,0.00
126.00,75.80,59.40,0.00,0.00,0.00,0.00,0.00
119.60,72.50,58.60,0.00,0.00,0.00,0.00,0.00
122.70,73.90,57.90,0.00,0.00,0.00,0.00,0.00
134.80,76.70,62.60,0.00,0.00,0.00,0.00,0.00
132.00,75.90,62.00,0.00,0.00,0.00,0.00,0.00
132.30,73.30,62.50,0.00,0.00,0.00,0.00,0.00
126.50,73.70,58.20,0.00,0.00,0.00,0.00,0.00
136.00,79.20,65.50,0.00,0.00,0.00,0.00,0.00
129.40,75.10,58.20,0.00,0.00,0.00,0.00,0.00
120.90,68.00,55.30,0.00,0.00,0.00,0.00,0.00
124.00,72.20,58.30,0.00,0.00,0.00,0.00,0.00
125.40,70.60,57.00,0.00,0.00,0.00,0.00,0.00
131.80,74.40,64.30,0.00,0.00,0.00,0.00,0.00
127.50,74.50,57.10,0.00,0.00,0.00,0.00,0.00
127.80,72.30,59.20,0.00,0.00,0.00,0.00,0.00
