#msgr-worker,io_context_pool,fio,log,ceph_timer,ms_dispatch,safe_timer,taskfin_librbd
0.00,0.00,0.00,0.00,0.00,0.00,0.00,0.00
423.00,279.70,112.90,0.00,0.00,0.00,0.00,0.00
423.20,282.10,114.00,0.00,0.00,0.00,0.00,0.00
421.70,283.00,118.60,0.00,0.00,0.00,0.00,0.00
423.40,281.30,112.90,0.00,0.00,0.00,0.00,0.00
425.60,284.10,113.60,0.00,0.00,0.00,0.00,0.00
420.70,277.90,119.90,0.00,0.00,0.00,0.00,0.00
421.00,279.30,114.60,0.00,0.00,0.00,0.00,0.00
422.80,280.80,114.60,0.00,0.00,0.00,0.00,0.00
423.70,280.40,112.00,0.00,0.00,0.00,0.00,0.00
421.50,279.00,112.00,0.00,0.00,0.00,0.00,0.00
422.80,284.00,120.10,0.00,0.00,0.00,0.00,0.00
420.80,280.00,116.80,0.00,0.00,0.00,0.00,0.00
421.20,279.60,113.70,0.00,0.00,0.00,0.00,0.00
423.00,281.20,113.60,0.00,0.00,0.00,0.00,0.00
421.60,281.20,111.70,0.00,0.00,0.00,0.00,0.00
422.10,281.40,112.60,0.00,0.00,0.00,0.00,0.00
421.70,278.40,113.60,0.00,0.00,0.00,0.00,0.00
421.10,280.80,114.40,0.00,0.00,0.00,0.00,0.00
422.40,282.40,111.80,0.00,0.00,0.00,0.00,0.00
422.90,280.50,114.00,0.00,0.00,0.00,0.00,0.00
421.80,280.50,114.00,0.00,0.00,0.00,0.00,0.00
422.20,278.50,122.90,0.00,0.00,0.00,0.00,0.00
422.00,281.70,119.60,0.00,0.00,0.00,0.00,0.00
422.10,282.30,114.30,0.00,0.00,0.00,0.00,0.00
422.60,279.10,113.80,0.00,0.00,0.00,0.00,0.00
419.40,283.10,112.30,0.00,0.00,0.00,0.00,0.00
422.40,277.90,113.70,0.00,0.00,0.00,0.00,0.00
422.40,281.50,112.80,0.00,0.00,0.00,0.00,0.00
420.90,279.20,112.40,0.00,0.00,0.00,0.00,0.00
601.00,398.20,149.10,0.00,0.00,0.00,0.00,0.00
596.00,426.70,165.20,0.00,0.00,0.00,0.00,0.00
599.60,430.60,169.40,0.00,0.00,0.00,0.00,0.00
599.20,429.60,166.70,0.00,0.00,0.00,0.00,0.00
599.00,431.00,167.50,0.00,0.00,0.00,0.00,0.00
600.40,430.00,169.80,0.00,0.00,0.00,0.00,0.00
597.60,431.10,165.30,0.00,0.00,0.00,0.00,0.00
600.30,428.10,171.10,0.00,0.00,0.00,0.00,0.00
600.10,428.80,166.90,0.00,0.00,0.00,0.00,0.00
598.50,430.80,169.50,0.00,0.00,0.00,0.00,0.00
601.10,430.80,164.10,0.00,0.00,0.00,0.00,0.00
600.40,428.30,168.50,0.00,0.00,0.00,0.00,0.00
598.60,429.50,165.60,0.00,0.00,0.00,0.00,0.00
601.10,429.90,165.60,0.00,0.00,0.00,0.00,0.00
602.30,429.60,174.50,0.00,0.00,0.00,0.00,0.00
599.40,432.70,168.60,0.00,0.00,0.00,0.00,0.00
597.50,426.80,170.30,0.00,0.00,0.00,0.00,0.00
603.40,432.00,169.00,0.00,0.00,0.00,0.00,0.00
600.40,431.50,169.10,0.00,0.00,0.00,0.00,0.00
602.40,429.60,166.40,0.00,0.00,0.00,0.00,0.00
597.10,431.80,165.50,0.00,0.00,0.00,0.00,0.00
602.50,428.70,166.80,0.00,0.00,0.00,0.00,0.00
598.50,428.20,168.30,0.00,0.00,0.00,0.00,0.00
600.00,429.40,165.30,0.00,0.00,0.00,0.00,0.00
601.60,431.50,165.60,0.00,0.00,0.00,0.00,0.00
600.50,428.20,168.90,0.00,0.00,0.00,0.00,0.00
600.40,431.00,167.00,0.00,0.00,0.00,0.00,0.00
601.50,431.10,176.60,0.00,0.00,0.00,0.00,0.00
597.10,427.00,166.80,0.00,0.00,0.00,0.00,0.00
601.10,431.90,166.40,0.00,0.00,0.00,0.00,0.00
769.70,624.90,188.80,0.00,0.00,0.00,0.00,0.00
813.50,638.90,235.50,0.00,0.00,0.00,0.00,0.00
817.70,637.40,243.40,0.00,0.00,0.00,0.00,0.00
812.90,638.80,242.00,0.00,0.00,0.00,0.00,0.00
817.40,639.10,235.40,0.00,0.00,0.00,0.00,0.00
813.90,638.00,243.40,0.00,0.00,0.00,0.00,0.00
817.60,641.60,236.80,0.00,0.00,0.00,0.00,0.00
817.60,642.20,239.90,0.00,0.00,0.00,0.00,0.00
816.60,640.60,237.30,0.00,0.00,0.00,0.00,0.00
814.70,641.40,237.90,0.00,0.00,0.00,0.00,0.00
817.10,638.80,247.80,0.00,0.00,0.00,0.00,0.00
816.00,644.40,239.80,0.00,0.00,0.00,0.00,0.00
825.10,645.60,238.90,0.00,0.00,0.00,0.00,0.00
821.70,647.40,240.90,0.00,0.00,0.00,0.00,0.00
822.50,647.50,240.40,0.00,0.00,0.00,0.00,0.00
825.20,646.80,237.10,0.00,0.00,0.00,0.00,0.00
821.60,648.00,239.00,0.00,0.00,0.00,0.00,0.00
825.90,649.20,238.40,0.00,0.00,0.00,0.00,0.00
823.30,649.30,240.90,0.00,0.00,0.00,0.00,0.00
828.80,654.60,250.60,0.00,0.00,0.00,0.00,0.00
828.30,654.60,253.20,0.00,0.00,0.00,0.00,0.00
829.20,652.90,246.90,0.00,0.00,0.00,0.00,0.00
822.30,647.40,238.50,0.00,0.00,0.00,0.00,0.00
827.30,650.20,242.40,0.00,0.00,0.00,0.00,0.00
830.40,654.60,241.60,0.00,0.00,0.00,0.00,0.00
826.20,652.00,240.80,0.00,0.00,0.00,0.00,0.00
827.90,652.90,242.30,0.00,0.00,0.00,0.00,0.00
826.60,651.50,241.50,0.00,0.00,0.00,0.00,0.00
826.00,653.30,242.10,0.00,0.00,0.00,0.00,0.00
817.60,644.60,238.90,0.00,0.00,0.00,0.00,0.00
740.80,606.70,200.60,0.00,0.00,0.00,0.00,0.00
741.00,653.20,221.20,0.00,0.00,0.00,0.00,0.00
742.20,651.30,227.50,0.00,0.00,0.00,0.00,0.00
743.60,653.20,222.50,0.00,0.00,0.00,0.00,0.00
737.70,647.50,227.80,0.00,0.00,0.00,0.00,0.00
742.10,654.00,222.60,0.00,0.00,0.00,0.00,0.00
744.00,651.40,220.20,0.00,0.00,0.00,0.00,0.00
743.40,652.30,229.30,0.00,0.00,0.00,0.00,0.00
741.90,652.60,224.50,0.00,0.00,0.00,0.00,0.00
742.50,652.80,223.00,0.00,0.00,0.00,0.00,0.00
742.60,651.90,224.90,0.00,0.00,0.00,0.00,0.00
742.60,652.70,219.10,0.00,0.00,0.00,0.00,0.00
742.90,651.50,222.00,0.00,0.00,0.00,0.00,0.00
744.50,653.20,222.60,0.00,0.00,0.00,0.00,0.00
741.30,653.80,236.70,0.00,0.00,0.00,0.00,0.00
743.30,652.70,225.00,0.00,0.00,0.00,0.00,0.00
743.00,652.90,222.60,0.00,0.00,0.00,0.00,0.00
739.70,646.90,222.80,0.00,0.00,0.00,0.00,0.00
743.40,653.10,222.60,0.00,0.00,0.00,0.00,0.00
740.90,652.20,222.90,0.00,0.00,0.00,0.00,0.00
743.20,650.10,220.60,0.00,0.00,0.00,0.00,0.00
741.20,652.20,222.00,0.00,0.00,0.00,0.00,0.00
742.30,652.90,220.90,0.00,0.00,0.00,0.00,0.00
743.10,648.40,221.80,0.00,0.00,0.00,0.00,0.00
741.20,654.30,219.20,0.00,0.00,0.00,0.00,0.00
742.30,652.00,221.80,0.00,0.00,0.00,0.00,0.00
743.60,651.40,225.90,0.00,0.00,0.00,0.00,0.00
742.20,653.20,239.80,0.00,0.00,0.00,0.00,0.00
742.50,651.00,231.00,0.00,0.00,0.00,0.00,0.00
743.00,653.80,224.80,0.00,0.00,0.00,0.00,0.00
852.50,864.70,241.90,0.00,0.00,0.00,0.00,0.00
893.80,828.30,278.30,0.00,0.00,0.00,0.00,0.00
896.70,839.60,284.30,0.00,0.00,0.00,0.00,0.00
889.00,815.70,275.00,0.00,0.00,0.00,0.00,0.00
894.90,828.90,285.90,0.00,0.00,0.00,0.00,0.00
906.20,843.10,281.80,0.00,0.00,0.00,0.00,0.00
910.30,846.90,280.70,0.00,0.00,0.00,0.00,0.00
908.00,849.70,296.20,0.00,0.00,0.00,0.00,0.00
910.80,850.00,283.70,0.00,0.00,0.00,0.00,0.00
914.10,853.10,284.80,0.00,0.00,0.00,0.00,0.00
912.00,855.80,283.80,0.00,0.00,0.00,0.00,0.00
910.80,852.80,281.40,0.00,0.00,0.00,0.00,0.00
921.60,856.30,288.20,0.00,0.00,0.00,0.00,0.00
914.40,857.00,299.10,0.00,0.00,0.00,0.00,0.00
917.80,853.70,295.10,0.00,0.00,0.00,0.00,0.00
911.10,853.10,286.90,0.00,0.00,0.00,0.00,0.00
911.10,847.20,284.30,0.00,0.00,0.00,0.00,0.00
911.60,848.50,282.70,0.00,0.00,0.00,0.00,0.00
918.30,852.60,282.30,0.00,0.00,0.00,0.00,0.00
913.30,853.70,286.40,0.00,0.00,0.00,0.00,0.00
916.90,862.60,283.70,0.00,0.00,0.00,0.00,0.00
918.80,859.40,285.10,0.00,0.00,0.00,0.00,0.00
920.20,853.80,284.40,0.00,0.00,0.00,0.00,0.00
917.60,855.60,285.80,0.00,0.00,0.00,0.00,0.00
916.40,857.80,286.90,0.00,0.00,0.00,0.00,0.00
920.40,860.20,298.90,0.00,0.00,0.00,0.00,0.00
921.80,857.40,301.80,0.00,0.00,0.00,0.00,0.00
916.60,853.00,291.90,0.00,0.00,0.00,0.00,0.00
913.10,849.10,289.60,0.00,0.00,0.00,0.00,0.00
918.20,859.30,292.30,0.00,0.00,0.00,0.00,0.00
693.70,683.10,218.30,0.00,0.00,0.00,0.00,0.00
662.30,639.60,211.30,0.00,0.00,0.00,0.00,0.00
679.30,654.20,223.00,0.00,0.00,0.00,0.00,0.00
686.40,660.40,217.20,0.00,0.00,0.00,0.00,0.00
683.60,655.60,222.20,0.00,0.00,0.00,0.00,0.00
688.60,659.20,219.30,0.00,0.00,0.00,0.00,0.00
685.10,659.10,224.60,0.00,0.00,0.00,0.00,0.00
690.30,659.00,222.80,0.00,0.00,0.00,0.00,0.00
687.40,656.20,217.50,0.00,0.00,0.00,0.00,0.00
687.20,663.10,220.60,0.00,0.00,0.00,0.00,0.00
687.50,656.60,221.90,0.00,0.00,0.00,0.00,0.00
689.20,662.50,223.10,0.00,0.00,0.00,0.00,0.00
688.40,658.20,225.00,0.00,0.00,0.00,0.00,0.00
693.30,663.50,224.60,0.00,0.00,0.00,0.00,0.00
687.50,658.60,221.30,0.00,0.00,0.00,0.00,0.00
687.50,662.70,221.70,0.00,0.00,0.00,0.00,0.00
693.60,660.60,217.60,0.00,0.00,0.00,0.00,0.00
689.20,660.30,219.60,0.00,0.00,0.00,0.00,0.00
688.90,661.80,224.70,0.00,0.00,0.00,0.00,0.00
687.60,661.20,217.30,0.00,0.00,0.00,0.00,0.00
689.70,657.50,220.40,0.00,0.00,0.00,0.00,0.00
687.90,659.20,223.30,0.00,0.00,0.00,0.00,0.00
687.40,660.60,224.30,0.00,0.00,0.00,0.00,0.00
689.90,658.30,222.30,0.00,0.00,0.00,0.00,0.00
686.40,664.10,222.10,0.00,0.00,0.00,0.00,0.00
687.70,653.90,220.30,0.00,0.00,0.00,0.00,0.00
687.30,659.40,221.30,0.00,0.00,0.00,0.00,0.00
688.30,662.40,225.90,0.00,0.00,0.00,0.00,0.00
691.00,661.30,218.40,0.00,0.00,0.00,0.00,0.00
684.40,655.90,219.40,0.00,0.00,0.00,0.00,0.00
852.60,846.70,236.00,0.00,0.00,0.00,0.00,0.00
807.90,763.40,250.50,0.00,0.00,0.00,0.00,0.00
850.40,802.10,273.80,0.00,0.00,0.00,0.00,0.00
854.60,802.70,267.20,0.00,0.00,0.00,0.00,0.00
858.90,814.50,273.00,0.00,0.00,0.00,0.00,0.00
880.20,828.00,275.10,0.00,0.00,0.00,0.00,0.00
862.00,805.40,271.40,0.00,0.00,0.00,0.00,0.00
867.90,819.80,277.60,0.00,0.00,0.00,0.00,0.00
878.40,828.00,274.40,0.00,0.00,0.00,0.00,0.00
879.90,828.90,277.70,0.00,0.00,0.00,0.00,0.00
887.80,835.20,275.40,0.00,0.00,0.00,0.00,0.00
890.60,838.20,282.70,0.00,0.00,0.00,0.00,0.00
881.00,825.80,277.30,0.00,0.00,0.00,0.00,0.00
880.00,837.70,283.50,0.00,0.00,0.00,0.00,0.00
890.50,838.70,283.50,0.00,0.00,0.00,0.00,0.00
884.40,834.80,277.00,0.00,0.00,0.00,0.00,0.00
881.50,833.60,283.20,0.00,0.00,0.00,0.00,0.00
887.50,837.20,278.10,0.00,0.00,0.00,0.00,0.00
889.60,836.10,276.60,0.00,0.00,0.00,0.00,0.00
891.10,840.10,276.50,0.00,0.00,0.00,0.00,0.00
890.80,841.60,280.00,0.00,0.00,0.00,0.00,0.00
890.30,837.20,278.80,0.00,0.00,0.00,0.00,0.00
881.50,831.40,276.50,0.00,0.00,0.00,0.00,0.00
888.50,836.70,279.60,0.00,0.00,0.00,0.00,0.00
888.60,832.70,279.60,0.00,0.00,0.00,0.00,0.00
891.70,841.30,287.80,0.00,0.00,0.00,0.00,0.00
884.30,831.70,280.10,0.00,0.00,0.00,0.00,0.00
883.30,831.30,280.50,0.00,0.00,0.00,0.00,0.00
884.10,835.30,279.70,0.00,0.00,0.00,0.00,0.00
892.50,837.70,277.60,0.00,0.00,0.00,0.00,0.00
646.60,612.90,188.80,0.00,0.00,0.00,0.00,0.00
630.80,602.90,202.50,0.00,0.00,0.00,0.00,0.00
664.50,630.00,215.10,0.00,0.00,0.00,0.00,0.00
659.10,623.80,211.70,0.00,0.00,0.00,0.00,0.00
667.70,625.00,213.60,0.00,0.00,0.00,0.00,0.00
673.70,631.60,213.60,0.00,0.00,0.00,0.00,0.00
668.90,630.30,215.50,0.00,0.00,0.00,0.00,0.00
676.00,630.10,217.00,0.00,0.00,0.00,0.00,0.00
678.00,638.40,215.50,0.00,0.00,0.00,0.00,0.00
677.40,633.70,214.80,0.00,0.00,0.00,0.00,0.00
680.30,632.00,213.00,0.00,0.00,0.00,0.00,0.00
682.40,643.20,222.90,0.00,0.00,0.00,0.00,0.00
680.40,634.60,217.90,0.00,0.00,0.00,0.00,0.00
674.30,630.10,215.60,0.00,0.00,0.00,0.00,0.00
677.30,633.70,216.70,0.00,0.00,0.00,0.00,0.00
683.60,639.60,215.80,0.00,0.00,0.00,0.00,0.00
679.60,634.20,217.90,0.00,0.00,0.00,0.00,0.00
674.90,631.30,215.00,0.00,0.00,0.00,0.00,0.00
681.40,636.20,214.50,0.00,0.00,0.00,0.00,0.00
679.50,632.10,213.30,0.00,0.00,0.00,0.00,0.00
677.20,635.80,216.40,0.00,0.00,0.00,0.00,0.00
682.20,636.00,217.90,0.00,0.00,0.00,0.00,0.00
682.70,638.00,219.50,0.00,0.00,0.00,0.00,0.00
680.80,637.80,217.70,0.00,0.00,0.00,0.00,0.00
673.30,628.20,214.20,0.00,0.00,0.00,0.00,0.00
677.00,632.90,218.70,0.00,0.00,0.00,0.00,0.00
683.20,641.00,215.60,0.00,0.00,0.00,0.00,0.00
684.30,638.90,218.00,0.00,0.00,0.00,0.00,0.00
688.00,641.80,219.70,0.00,0.00,0.00,0.00,0.00
684.70,636.10,216.10,0.00,0.00,0.00,0.00,0.00
811.10,718.30,224.20,0.00,0.00,0.00,0.00,0.00
772.60,712.30,239.70,0.00,0.00,0.00,0.00,0.00
812.50,740.00,257.30,0.00,0.00,0.00,0.00,0.00
832.30,760.40,263.30,0.00,0.00,0.00,0.00,0.00
833.60,745.00,257.60,0.00,0.00,0.00,0.00,0.00
811.50,730.70,253.10,0.00,0.00,0.00,0.00,0.00
845.30,754.30,262.00,0.00,0.00,0.00,0.00,0.00
842.70,750.40,259.20,0.00,0.00,0.00,0.00,0.00
831.00,743.60,258.30,0.00,0.00,0.00,0.00,0.00
838.30,741.10,260.10,0.00,0.00,0.00,0.00,0.00
849.70,765.60,264.70,0.00,0.00,0.00,0.00,0.00
865.60,774.40,268.70,0.00,0.00,0.00,0.00,0.00
859.60,767.60,264.90,0.00,0.00,0.00,0.00,0.00
866.10,777.90,267.40,0.00,0.00,0.00,0.00,0.00
857.50,768.00,266.30,0.00,0.00,0.00,0.00,0.00
860.40,772.70,267.40,0.00,0.00,0.00,0.00,0.00
863.70,771.80,266.70,0.00,0.00,0.00,0.00,0.00
863.90,771.70,267.80,0.00,0.00,0.00,0.00,0.00
864.70,770.40,268.70,0.00,0.00,0.00,0.00,0.00
857.10,773.50,269.30,0.00,0.00,0.00,0.00,0.00
848.10,756.10,263.10,0.00,0.00,0.00,0.00,0.00
860.40,769.70,264.70,0.00,0.00,0.00,0.00,0.00
867.60,779.10,267.90,0.00,0.00,0.00,0.00,0.00
862.40,769.40,267.80,0.00,0.00,0.00,0.00,0.00
858.50,772.10,267.10,0.00,0.00,0.00,0.00,0.00
848.20,757.40,264.50,0.00,0.00,0.00,0.00,0.00
859.20,768.30,262.80,0.00,0.00,0.00,0.00,0.00
858.10,766.60,263.20,0.00,0.00,0.00,0.00,0.00
865.60,779.60,271.20,0.00,0.00,0.00,0.00,0.00
861.90,774.10,269.10,0.00,0.00,0.00,0.00,0.00
675.90,595.20,218.30,0.00,0.00,0.00,0.00,0.00
621.30,594.00,197.10,0.00,0.00,0.00,0.00,0.00
621.30,588.40,203.20,0.00,0.00,0.00,0.00,0.00
655.90,613.30,209.10,0.00,0.00,0.00,0.00,0.00
652.10,604.00,207.50,0.00,0.00,0.00,0.00,0.00
663.70,614.10,209.20,0.00,0.00,0.00,0.00,0.00
669.00,621.00,211.50,0.00,0.00,0.00,0.00,0.00
662.50,613.20,211.30,0.00,0.00,0.00,0.00,0.00
672.10,620.10,212.00,0.00,0.00,0.00,0.00,0.00
678.40,626.40,214.10,0.00,0.00,0.00,0.00,0.00
672.80,624.40,210.90,0.00,0.00,0.00,0.00,0.00
679.00,628.60,216.50,0.00,0.00,0.00,0.00,0.00
674.90,619.20,211.00,0.00,0.00,0.00,0.00,0.00
663.70,610.80,212.30,0.00,0.00,0.00,0.00,0.00
668.70,620.50,210.60,0.00,0.00,0.00,0.00,0.00
659.20,604.00,209.10,0.00,0.00,0.00,0.00,0.00
676.80,624.10,212.90,0.00,0.00,0.00,0.00,0.00
669.50,616.20,210.80,0.00,0.00,0.00,0.00,0.00
676.00,622.20,210.40,0.00,0.00,0.00,0.00,0.00
672.50,619.50,212.60,0.00,0.00,0.00,0.00,0.00
673.50,619.60,210.10,0.00,0.00,0.00,0.00,0.00
674.50,618.90,212.90,0.00,0.00,0.00,0.00,0.00
670.50,619.20,213.30,0.00,0.00,0.00,0.00,0.00
676.10,627.90,212.90,0.00,0.00,0.00,0.00,0.00
674.70,620.40,211.90,0.00,0.00,0.00,0.00,0.00
664.10,611.20,211.00,0.00,0.00,0.00,0.00,0.00
673.60,620.80,214.80,0.00,0.00,0.00,0.00,0.00
678.50,625.30,213.30,0.00,0.00,0.00,0.00,0.00
666.20,614.20,210.70,0.00,0.00,0.00,0.00,0.00
669.80,614.50,213.00,0.00,0.00,0.00,0.00,0.00
