#msgr-worker,io_context_pool,fio,log,ceph_timer,ms_dispatch,safe_timer,taskfin_librbd
0.00,0.00,0.00,0.00,0.00,0.00,0.00,0.00
71.50,60.30,25.60,0.00,0.00,0.00,0.00,0.00
70.30,59.90,27.00,0.00,0.00,0.00,0.00,0.00
72.90,57.80,24.80,0.00,0.00,0.00,0.00,0.00
69.70,57.20,25.80,0.00,0.00,0.00,0.00,0.00
71.40,62.40,25.80,0.00,0.00,0.00,0.00,0.00
71.50,58.70,25.60,0.00,0.00,0.00,0.00,0.00
69.20,57.20,25.10,0.00,0.00,0.00,0.00,0.00
72.70,59.20,25.70,0.00,0.00,0.00,0.00,0.00
67.90,58.90,27.10,0.00,0.00,0.00,0.00,0.00
73.20,59.30,25.80,0.00,0.00,0.00,0.00,0.00
70.00,57.20,23.30,0.00,0.00,0.00,0.00,0.00
67.30,59.40,26.50,0.00,0.00,0.00,0.00,0.00
70.60,59.00,25.30,0.00,0.00,0.00,0.00,0.00
70.20,56.90,25.40,0.00,0.00,0.00,0.00,0.00
70.90,58.30,25.70,0.00,0.00,0.00,0.00,0.00
68.60,55.00,24.90,0.00,0.00,0.00,0.00,0.00
70.00,58.90,25.40,0.00,0.00,0.00,0.00,0.00
68.90,58.30,24.80,0.00,0.00,0.00,0.00,0.00
66.70,55.90,23.70,0.00,0.00,0.00,0.00,0.00
68.60,55.90,27.50,0.00,0.00,0.00,0.00,0.00
72.40,60.00,23.90,0.00,0.00,0.00,0.00,0.00
66.70,55.80,24.40,0.00,0.00,0.00,0.00,0.00
70.00,57.30,25.30,0.00,0.00,0.00,0.00,0.00
69.90,58.50,24.90,0.00,0.00,0.00,0.00,0.00
68.80,57.50,26.40,0.00,0.00,0.00,0.00,0.00
68.80,60.00,24.20,0.00,0.00,0.00,0.00,0.00
70.30,55.60,25.90,0.00,0.00,0.00,0.00,0.00
68.80,55.60,24.70,0.00,0.00,0.00,0.00,0.00
68.50,59.00,24.60,0.00,0.00,0.00,0.00,0.00
43.40,24.80,18.60,0.00,0.00,0.00,0.00,0.00
71.90,59.40,24.30,0.00,0.00,0.00,0.00,0.00
65.80,56.40,25.40,0.00,0.00,0.00,0.00,0.00
71.50,58.40,25.70,0.00,0.00,0.00,0.00,0.00
69.70,57.80,24.90,0.00,0.00,0.00,0.00,0.00
71.20,58.10,24.70,0.00,0.00,0.00,0.00,0.00
68.30,60.40,23.50,0.00,0.00,0.00,0.00,0.00
70.60,60.00,25.90,0.00,0.00,0.00,0.00,0.00
70.20,55.30,24.10,0.00,0.00,0.00,0.00,0.00
66.70,56.40,25.70,0.00,0.00,0.00,0.00,0.00
73.00,62.80,24.90,0.00,0.00,0.00,0.00,0.00
67.90,56.10,23.60,0.00,0.00,0.00,0.00,0.00
68.20,58.40,24.20,0.00,0.00,0.00,0.00,0.00
73.30,60.80,25.80,0.00,0.00,0.00,0.00,0.00
69.60,59.20,26.20,0.00,0.00,0.00,0.00,0.00
73.90,61.90,26.20,0.00,0.00,0.00,0.00,0.00
69.90,58.00,23.80,0.00,0.00,0.00,0.00,0.00
70.60,60.80,26.10,0.00,0.00,0.00,0.00,0.00
73.40,57.60,25.30,0.00,0.00,0.00,0.00,0.00
70.90,61.00,26.70,0.00,0.00,0.00,0.00,0.00
72.30,59.70,24.20,0.00,0.00,0.00,0.00,0.00
69.40,58.00,25.50,0.00,0.00,0.00,0.00,0.00
72.00,64.30,24.30,0.00,0.00,0.00,0.00,0.00
69.40,54.20,25.30,0.00,0.00,0.00,0.00,0.00
69.10,58.60,23.80,0.00,0.00,0.00,0.00,0.00
71.50,60.10,26.20,0.00,0.00,0.00,0.00,0.00
70.60,58.90,24.50,0.00,0.00,0.00,0.00,0.00
72.60,60.40,25.90,0.00,0.00,0.00,0.00,0.00
68.80,57.20,24.90,0.00,0.00,0.00,0.00,0.00
69.90,57.40,24.50,0.00,0.00,0.00,0.00,0.00
49.70,31.00,18.60,0.00,0.00,0.00,0.00,0.00
71.20,61.30,23.10,0.00,0.00,0.00,0.00,0.00
66.10,54.50,24.00,0.00,0.00,0.00,0.00,0.00
71.00,59.10,26.80,0.00,0.00,0.00,0.00,0.00
61.60,54.10,21.60,0.00,0.00,0.00,0.00,0.00
65.80,54.90,21.20,0.00,0.00,0.00,0.00,0.00
72.40,61.20,27.50,0.00,0.00,0.00,0.00,0.00
65.30,51.50,23.60,0.00,0.00,0.00,0.00,0.00
65.50,56.70,22.70,0.00,0.00,0.00,0.00,0.00
71.70,61.60,25.00,0.00,0.00,0.00,0.00,0.00
68.20,54.00,24.10,0.00,0.00,0.00,0.00,0.00
67.00,60.40,24.40,0.00,0.00,0.00,0.00,0.00
68.80,57.50,24.50,0.00,0.00,0.00,0.00,0.00
67.70,57.30,23.90,0.00,0.00,0.00,0.00,0.00
70.30,61.50,25.60,0.00,0.00,0.00,0.00,0.00
70.30,54.50,24.20,0.00,0.00,0.00,0.00,0.00
70.60,61.90,26.50,0.00,0.00,0.00,0.00,0.00
68.60,59.20,24.30,0.00,0.00,0.00,0.00,0.00
70.30,59.50,24.50,0.00,0.00,0.00,0.00,0.00
72.10,62.20,25.20,0.00,0.00,0.00,0.00,0.00
67.40,59.80,25.80,0.00,0.00,0.00,0.00,0.00
71.20,60.70,24.40,0.00,0.00,0.00,0.00,0.00
69.90,55.60,25.90,0.00,0.00,0.00,0.00,0.00
70.60,58.20,25.20,0.00,0.00,0.00,0.00,0.00
68.40,61.30,24.50,0.00,0.00,0.00,0.00,0.00
68.20,57.30,24.50,0.00,0.00,0.00,0.00,0.00
74.00,61.30,24.80,0.00,0.00,0.00,0.00,0.00
69.40,60.60,25.50,0.00,0.00,0.00,0.00,0.00
66.40,57.20,23.60,0.00,0.00,0.00,0.00,0.00
70.90,57.90,25.80,0.00,0.00,0.00,0.00,0.00
55.80,37.20,6.20,0.00,0.00,0.00,0.00,0.00
68.20,61.60,25.30,0.00,0.00,0.00,0.00,0.00
68.30,56.40,23.70,0.00,0.00,0.00,0.00,0.00
67.90,58.20,25.20,0.00,0.00,0.00,0.00,0.00
68.60,58.90,26.10,0.00,0.00,0.00,0.00,0.00
69.40,58.30,24.10,0.00,0.00,0.00,0.00,0.00
65.80,56.90,24.30,0.00,0.00,0.00,0.00,0.00
71.50,59.60,25.30,0.00,0.00,0.00,0.00,0.00
66.30,58.20,23.30,0.00,0.00,0.00,0.00,0.00
66.10,55.40,24.00,0.00,0.00,0.00,0.00,0.00
69.70,59.20,24.70,0.00,0.00,0.00,0.00,0.00
64.30,56.70,24.60,0.00,0.00,0.00,0.00,0.00
66.70,56.30,23.70,0.00,0.00,0.00,0.00,0.00
68.20,59.50,25.00,0.00,0.00,0.00,0.00,0.00
70.30,59.50,24.60,0.00,0.00,0.00,0.00,0.00
65.70,57.60,25.30,0.00,0.00,0.00,0.00,0.00
67.90,54.30,22.30,0.00,0.00,0.00,0.00,0.00
69.00,59.40,25.30,0.00,0.00,0.00,0.00,0.00
68.20,57.70,24.70,0.00,0.00,0.00,0.00,0.00
68.90,59.80,25.00,0.00,0.00,0.00,0.00,0.00
68.60,57.00,24.20,0.00,0.00,0.00,0.00,0.00
67.40,58.30,24.30,0.00,0.00,0.00,0.00,0.00
69.70,60.30,26.00,0.00,0.00,0.00,0.00,0.00
67.80,55.80,23.60,0.00,0.00,0.00,0.00,0.00
70.00,62.20,24.60,0.00,0.00,0.00,0.00,0.00
68.50,55.30,25.20,0.00,0.00,0.00,0.00,0.00
69.10,59.30,23.80,0.00,0.00,0.00,0.00,0.00
66.90,60.60,25.00,0.00,0.00,0.00,0.00,0.00
69.10,56.10,24.70,0.00,0.00,0.00,0.00,0.00
68.70,59.50,25.20,0.00,0.00,0.00,0.00,0.00
43.40,74.40,24.80,0.00,0.00,0.00,0.00,0.00
66.70,57.90,22.50,0.00,0.00,0.00,0.00,0.00
71.80,58.90,25.20,0.00,0.00,0.00,0.00,0.00
67.00,60.30,25.60,0.00,0.00,0.00,0.00,0.00
69.90,55.10,26.20,0.00,0.00,0.00,0.00,0.00
66.10,56.30,22.80,0.00,0.00,0.00,0.00,0.00
68.00,58.70,25.60,0.00,0.00,0.00,0.00,0.00
65.20,57.00,25.20,0.00,0.00,0.00,0.00,0.00
70.70,60.40,21.40,0.00,0.00,0.00,0.00,0.00
67.30,57.10,26.80,0.00,0.00,0.00,0.00,0.00
67.90,58.30,23.40,0.00,0.00,0.00,0.00,0.00
69.10,57.80,23.50,0.00,0.00,0.00,0.00,0.00
63.30,53.30,23.90,0.00,0.00,0.00,0.00,0.00
71.60,63.40,25.40,0.00,0.00,0.00,0.00,0.00
67.00,57.30,23.50,0.00,0.00,0.00,0.00,0.00
67.40,55.70,25.20,0.00,0.00,0.00,0.00,0.00
67.90,59.70,25.80,0.00,0.00,0.00,0.00,0.00
66.40,55.40,24.40,0.00,0.00,0.00,0.00,0.00
69.10,59.30,23.70,0.00,0.00,0.00,0.00,0.00
65.50,55.40,24.60,0.00,0.00,0.00,0.00,0.00
70.30,61.80,24.90,0.00,0.00,0.00,0.00,0.00
68.20,58.00,23.70,0.00,0.00,0.00,0.00,0.00
66.70,57.70,23.40,0.00,0.00,0.00,0.00,0.00
69.40,58.20,24.50,0.00,0.00,0.00,0.00,0.00
65.50,58.20,24.70,0.00,0.00,0.00,0.00,0.00
71.20,58.00,25.80,0.00,0.00,0.00,0.00,0.00
66.60,57.70,24.90,0.00,0.00,0.00,0.00,0.00
72.10,60.00,25.60,0.00,0.00,0.00,0.00,0.00
65.50,60.10,24.90,0.00,0.00,0.00,0.00,0.00
69.70,58.10,24.60,0.00,0.00,0.00,0.00,0.00
49.60,31.00,6.20,0.00,0.00,0.00,0.00,0.00
71.50,62.20,25.30,0.00,0.00,0.00,0.00,0.00
69.40,60.00,25.90,0.00,0.00,0.00,0.00,0.00
69.00,59.10,25.30,0.00,0.00,0.00,0.00,0.00
66.10,56.00,23.30,0.00,0.00,0.00,0.00,0.00
69.00,58.30,25.20,0.00,0.00,0.00,0.00,0.00
67.60,58.80,24.20,0.00,0.00,0.00,0.00,0.00
68.40,56.30,23.90,0.00,0.00,0.00,0.00,0.00
69.10,61.40,27.70,0.00,0.00,0.00,0.00,0.00
67.30,56.50,22.30,0.00,0.00,0.00,0.00,0.00
71.60,62.20,24.60,0.00,0.00,0.00,0.00,0.00
67.00,56.40,25.90,0.00,0.00,0.00,0.00,0.00
65.50,58.80,22.70,0.00,0.00,0.00,0.00,0.00
70.60,58.60,26.60,0.00,0.00,0.00,0.00,0.00
64.30,55.60,24.90,0.00,0.00,0.00,0.00,0.00
71.80,60.50,24.20,0.00,0.00,0.00,0.00,0.00
63.90,57.00,25.30,0.00,0.00,0.00,0.00,0.00
69.40,58.50,23.70,0.00,0.00,0.00,0.00,0.00
68.60,57.50,25.20,0.00,0.00,0.00,0.00,0.00
66.70,55.90,23.00,0.00,0.00,0.00,0.00,0.00
70.30,60.20,26.20,0.00,0.00,0.00,0.00,0.00
67.30,56.10,25.20,0.00,0.00,0.00,0.00,0.00
73.00,61.00,25.10,0.00,0.00,0.00,0.00,0.00
65.80,58.50,22.90,0.00,0.00,0.00,0.00,0.00
68.40,59.50,25.60,0.00,0.00,0.00,0.00,0.00
68.80,58.00,23.40,0.00,0.00,0.00,0.00,0.00
65.80,56.20,24.10,0.00,0.00,0.00,0.00,0.00
67.60,57.70,24.10,0.00,0.00,0.00,0.00,0.00
69.00,58.90,26.50,0.00,0.00,0.00,0.00,0.00
66.10,58.80,22.40,0.00,0.00,0.00,0.00,0.00
49.70,43.40,6.20,0.00,0.00,0.00,0.00,0.00
20.90,20.90,7.30,0.00,0.00,0.00,0.00,0.00
32.00,30.40,10.60,0.00,0.00,0.00,0.00,0.00
32.90,31.60,10.90,0.00,0.00,0.00,0.00,0.00
31.30,30.00,10.90,0.00,0.00,0.00,0.00,0.00
32.50,32.30,10.60,0.00,0.00,0.00,0.00,0.00
33.00,32.10,11.70,0.00,0.00,0.00,0.00,0.00
31.20,29.80,10.60,0.00,0.00,0.00,0.00,0.00
32.00,30.00,10.70,0.00,0.00,0.00,0.00,0.00
31.20,30.40,10.60,0.00,0.00,0.00,0.00,0.00
32.00,31.40,10.90,0.00,0.00,0.00,0.00,0.00
30.60,29.50,10.30,0.00,0.00,0.00,0.00,0.00
31.00,29.60,10.30,0.00,0.00,0.00,0.00,0.00
31.50,32.60,10.90,0.00,0.00,0.00,0.00,0.00
30.60,29.30,10.00,0.00,0.00,0.00,0.00,0.00
31.20,30.20,11.60,0.00,0.00,0.00,0.00,0.00
30.00,29.60,10.00,0.00,0.00,0.00,0.00,0.00
30.60,29.80,10.30,0.00,0.00,0.00,0.00,0.00
31.70,29.90,10.60,0.00,0.00,0.00,0.00,0.00
30.90,30.10,10.90,0.00,0.00,0.00,0.00,0.00
31.30,30.00,10.30,0.00,0.00,0.00,0.00,0.00
31.50,31.20,10.90,0.00,0.00,0.00,0.00,0.00
32.00,30.40,10.30,0.00,0.00,0.00,0.00,0.00
32.20,30.40,11.60,0.00,0.00,0.00,0.00,0.00
31.70,31.10,10.30,0.00,0.00,0.00,0.00,0.00
32.20,30.80,10.90,0.00,0.00,0.00,0.00,0.00
31.70,30.70,10.60,0.00,0.00,0.00,0.00,0.00
32.60,30.80,10.60,0.00,0.00,0.00,0.00,0.00
31.70,31.70,11.30,0.00,0.00,0.00,0.00,0.00
31.80,30.40,10.90,0.00,0.00,0.00,0.00,0.00
62.10,55.80,18.60,0.00,0.00,0.00,0.00,0.00
27.80,25.20,9.30,0.00,0.00,0.00,0.00,0.00
38.30,35.70,12.60,0.00,0.00,0.00,0.00,0.00
39.90,35.80,12.70,0.00,0.00,0.00,0.00,0.00
38.70,35.40,12.60,0.00,0.00,0.00,0.00,0.00
39.20,35.80,12.30,0.00,0.00,0.00,0.00,0.00
37.30,34.70,12.00,0.00,0.00,0.00,0.00,0.00
38.90,34.80,12.90,0.00,0.00,0.00,0.00,0.00
39.30,36.60,12.60,0.00,0.00,0.00,0.00,0.00
38.30,34.50,12.60,0.00,0.00,0.00,0.00,0.00
31.50,29.10,10.60,0.00,0.00,0.00,0.00,0.00
32.70,30.10,9.90,0.00,0.00,0.00,0.00,0.00
32.60,30.20,10.60,0.00,0.00,0.00,0.00,0.00
35.90,33.70,12.00,0.00,0.00,0.00,0.00,0.00
32.60,29.70,11.00,0.00,0.00,0.00,0.00,0.00
33.70,32.60,11.40,0.00,0.00,0.00,0.00,0.00
36.20,32.40,11.70,0.00,0.00,0.00,0.00,0.00
37.10,34.70,12.40,0.00,0.00,0.00,0.00,0.00
36.50,33.70,12.00,0.00,0.00,0.00,0.00,0.00
36.30,34.00,12.30,0.00,0.00,0.00,0.00,0.00
36.80,34.10,12.60,0.00,0.00,0.00,0.00,0.00
37.10,34.10,11.40,0.00,0.00,0.00,0.00,0.00
38.00,34.90,12.90,0.00,0.00,0.00,0.00,0.00
36.60,34.40,12.70,0.00,0.00,0.00,0.00,0.00
36.60,33.70,11.70,0.00,0.00,0.00,0.00,0.00
37.70,34.70,12.60,0.00,0.00,0.00,0.00,0.00
36.80,33.70,11.60,0.00,0.00,0.00,0.00,0.00
37.70,36.30,12.30,0.00,0.00,0.00,0.00,0.00
37.60,33.40,12.30,0.00,0.00,0.00,0.00,0.00
37.40,34.60,12.60,0.00,0.00,0.00,0.00,0.00
62.10,49.60,6.20,0.00,0.00,0.00,0.00,0.00
22.50,20.60,7.50,0.00,0.00,0.00,0.00,0.00
33.00,30.00,11.00,0.00,0.00,0.00,0.00,0.00
34.20,30.50,10.60,0.00,0.00,0.00,0.00,0.00
33.30,31.40,11.30,0.00,0.00,0.00,0.00,0.00
33.90,31.60,11.20,0.00,0.00,0.00,0.00,0.00
33.30,30.00,10.60,0.00,0.00,0.00,0.00,0.00
33.20,30.60,11.30,0.00,0.00,0.00,0.00,0.00
33.70,29.70,10.30,0.00,0.00,0.00,0.00,0.00
32.00,29.60,10.60,0.00,0.00,0.00,0.00,0.00
31.20,29.50,11.20,0.00,0.00,0.00,0.00,0.00
29.00,27.00,9.60,0.00,0.00,0.00,0.00,0.00
32.50,30.30,10.30,0.00,0.00,0.00,0.00,0.00
31.40,28.60,9.30,0.00,0.00,0.00,0.00,0.00
32.90,30.50,10.70,0.00,0.00,0.00,0.00,0.00
34.00,31.70,10.30,0.00,0.00,0.00,0.00,0.00
34.20,32.90,11.60,0.00,0.00,0.00,0.00,0.00
32.00,31.30,12.30,0.00,0.00,0.00,0.00,0.00
32.90,32.20,11.60,0.00,0.00,0.00,0.00,0.00
32.00,31.30,12.70,0.00,0.00,0.00,0.00,0.00
32.80,32.20,11.90,0.00,0.00,0.00,0.00,0.00
32.70,29.60,10.30,0.00,0.00,0.00,0.00,0.00
32.80,30.50,11.20,0.00,0.00,0.00,0.00,0.00
33.30,29.70,10.90,0.00,0.00,0.00,0.00,0.00
32.20,28.90,10.30,0.00,0.00,0.00,0.00,0.00
33.00,31.00,11.70,0.00,0.00,0.00,0.00,0.00
32.20,29.20,10.00,0.00,0.00,0.00,0.00,0.00
34.00,30.90,11.00,0.00,0.00,0.00,0.00,0.00
32.50,30.10,10.60,0.00,0.00,0.00,0.00,0.00
32.30,30.00,10.90,0.00,0.00,0.00,0.00,0.00
37.20,37.20,18.60,0.00,0.00,0.00,0.00,0.00
0.00,0.00,0.00,0.00,0.00,0.00,0.00,0.00
0.00,0.00,0.00,0.00,0.00,0.00,0.00,0.00
0.00,0.00,0.00,0.00,0.00,0.00,0.00,0.00
0.00,0.00,0.00,0.00,0.00,0.00,0.00,0.00
0.00,0.00,0.00,0.00,0.00,0.00,0.00,0.00
0.00,0.00,0.00,0.00,0.00,0.00,0.00,0.00
0.00,0.00,0.00,0.00,0.00,0.00,0.00,0.00
0.00,0.00,0.00,0.00,0.00,0.00,0.00,0.00
0.00,0.00,0.00,0.00,0.00,0.00,0.00,0.00
0.00,0.00,0.00,0.00,0.00,0.00,0.00,0.00
0.00,0.00,0.00,0.00,0.00,0.00,0.00,0.00
0.00,0.00,0.00,0.00,0.00,0.00,0.00,0.00
0.00,0.00,0.00,0.00,0.00,0.00,0.00,0.00
0.00,0.00,0.00,0.00,0.00,0.00,0.00,0.00
0.00,0.00,0.00,0.00,0.00,0.00,0.00,0.00
0.00,0.00,0.00,0.00,0.00,0.00,0.00,0.00
0.00,0.00,0.00,0.00,0.00,0.00,0.00,0.00
0.00,0.00,0.00,0.00,0.00,0.00,0.00,0.00
0.00,0.00,0.00,0.00,0.00,0.00,0.00,0.00
0.00,0.00,0.00,0.00,0.00,0.00,0.00,0.00
0.00,0.00,0.00,0.00,0.00,0.00,0.00,0.00
0.00,0.00,0.00,0.00,0.00,0.00,0.00,0.00
0.00,0.00,0.00,0.00,0.00,0.00,0.00,0.00
0.00,0.00,0.00,0.00,0.00,0.00,0.00,0.00
0.00,0.00,0.00,0.00,0.00,0.00,0.00,0.00
0.00,0.00,0.00,0.00,0.00,0.00,0.00,0.00
0.00,0.00,0.00,0.00,0.00,0.00,0.00,0.00
0.00,0.00,0.00,0.00,0.00,0.00,0.00,0.00
0.00,0.00,0.00,0.00,0.00,0.00,0.00,0.00
62.10,31.00,18.60,0.00,0.00,0.00,0.00,0.00
56.20,50.60,20.00,0.00,0.00,0.00,0.00,0.00
66.10,54.20,23.40,0.00,0.00,0.00,0.00,0.00
71.60,64.30,26.20,0.00,0.00,0.00,0.00,0.00
68.90,57.10,24.70,0.00,0.00,0.00,0.00,0.00
55.40,45.50,20.20,0.00,0.00,0.00,0.00,0.00
21.90,20.20,7.10,0.00,0.00,0.00,0.00,0.00
36.60,36.20,12.60,0.00,0.00,0.00,0.00,0.00
40.70,40.40,13.60,0.00,0.00,0.00,0.00,0.00
41.50,40.00,14.30,0.00,0.00,0.00,0.00,0.00
42.60,41.90,13.60,0.00,0.00,0.00,0.00,0.00
41.30,42.10,14.70,0.00,0.00,0.00,0.00,0.00
41.90,40.70,13.90,0.00,0.00,0.00,0.00,0.00
41.70,40.10,13.60,0.00,0.00,0.00,0.00,0.00
41.90,41.00,14.30,0.00,0.00,0.00,0.00,0.00
42.70,42.00,14.60,0.00,0.00,0.00,0.00,0.00
41.60,41.30,14.00,0.00,0.00,0.00,0.00,0.00
44.30,42.30,14.80,0.00,0.00,0.00,0.00,0.00
40.10,40.90,13.30,0.00,0.00,0.00,0.00,0.00
40.30,39.30,14.60,0.00,0.00,0.00,0.00,0.00
39.30,38.60,12.90,0.00,0.00,0.00,0.00,0.00
36.20,35.70,12.90,0.00,0.00,0.00,0.00,0.00
38.30,39.80,13.00,0.00,0.00,0.00,0.00,0.00
37.40,35.90,13.00,0.00,0.00,0.00,0.00,0.00
36.00,35.50,12.60,0.00,0.00,0.00,0.00,0.00
37.90,37.40,13.20,0.00,0.00,0.00,0.00,0.00
39.30,38.60,13.20,0.00,0.00,0.00,0.00,0.00
40.90,40.30,13.90,0.00,0.00,0.00,0.00,0.00
38.20,39.00,13.50,0.00,0.00,0.00,0.00,0.00
41.00,40.60,14.00,0.00,0.00,0.00,0.00,0.00
49.60,24.80,24.80,0.00,0.00,0.00,0.00,0.00
0.00,0.00,0.00,0.00,0.00,0.00,0.00,0.00
0.00,0.00,0.00,0.00,0.00,0.00,0.00,0.00
0.00,0.00,0.00,0.00,0.00,0.00,0.00,0.00
0.00,0.00,0.00,0.00,0.00,0.00,0.00,0.00
0.00,0.00,0.00,0.00,0.00,0.00,0.00,0.00
0.00,0.00,0.00,0.00,0.00,0.00,0.00,0.00
0.00,0.00,0.00,0.00,0.00,0.00,0.00,0.00
0.00,0.00,0.00,0.00,0.00,0.00,0.00,0.00
0.00,0.00,0.00,0.00,0.00,0.00,0.00,0.00
0.00,0.00,0.00,0.00,0.00,0.00,0.00,0.00
0.00,0.00,0.00,0.00,0.00,0.00,0.00,0.00
0.00,0.00,0.00,0.00,0.00,0.00,0.00,0.00
0.00,0.00,0.00,0.00,0.00,0.00,0.00,0.00
0.00,0.00,0.00,0.00,0.00,0.00,0.00,0.00
0.00,0.00,0.00,0.00,0.00,0.00,0.00,0.00
0.00,0.00,0.00,0.00,0.00,0.00,0.00,0.00
0.00,0.00,0.00,0.00,0.00,0.00,0.00,0.00
0.00,0.00,0.00,0.00,0.00,0.00,0.00,0.00
0.00,0.00,0.00,0.00,0.00,0.00,0.00,0.00
0.00,0.00,0.00,0.00,0.00,0.00,0.00,0.00
0.00,0.00,0.00,0.00,0.00,0.00,0.00,0.00
0.00,0.00,0.00,0.00,0.00,0.00,0.00,0.00
0.00,0.00,0.00,0.00,0.00,0.00,0.00,0.00
0.00,0.00,0.00,0.00,0.00,0.00,0.00,0.00
0.00,0.00,0.00,0.00,0.00,0.00,0.00,0.00
0.00,0.00,0.00,0.00,0.00,0.00,0.00,0.00
0.00,0.00,0.00,0.00,0.00,0.00,0.00,0.00
0.00,0.00,0.00,0.00,0.00,0.00,0.00,0.00
0.00,0.00,0.00,0.00,0.00,0.00,0.00,0.00
49.70,43.40,0.00,0.00,0.00,0.00,0.00,0.00
62.80,56.40,22.90,0.00,0.00,0.00,0.00,0.00
62.40,55.50,24.40,0.00,0.00,0.00,0.00,0.00
68.20,58.20,22.50,0.00,0.00,0.00,0.00,0.00
30.60,28.10,11.60,0.00,0.00,0.00,0.00,0.00
49.10,46.10,17.60,0.00,0.00,0.00,0.00,0.00
47.10,46.10,17.90,0.00,0.00,0.00,0.00,0.00
41.70,39.30,16.10,0.00,0.00,0.00,0.00,0.00
47.70,44.20,17.30,0.00,0.00,0.00,0.00,0.00
27.90,28.80,9.00,0.00,0.00,0.00,0.00,0.00
34.70,35.70,11.60,0.00,0.00,0.00,0.00,0.00
33.90,35.80,11.30,0.00,0.00,0.00,0.00,0.00
33.70,35.70,10.70,0.00,0.00,0.00,0.00,0.00
34.30,35.90,11.20,0.00,0.00,0.00,0.00,0.00
34.40,36.40,11.00,0.00,0.00,0.00,0.00,0.00
32.90,35.50,11.30,0.00,0.00,0.00,0.00,0.00
32.40,34.40,10.70,0.00,0.00,0.00,0.00,0.00
32.60,34.50,10.90,0.00,0.00,0.00,0.00,0.00
33.40,35.00,11.30,0.00,0.00,0.00,0.00,0.00
32.30,34.60,10.60,0.00,0.00,0.00,0.00,0.00
32.70,33.30,10.70,0.00,0.00,0.00,0.00,0.00
30.20,33.10,10.60,0.00,0.00,0.00,0.00,0.00
29.30,31.00,10.70,0.00,0.00,0.00,0.00,0.00
30.30,32.20,10.00,0.00,0.00,0.00,0.00,0.00
31.90,31.50,11.20,0.00,0.00,0.00,0.00,0.00
33.40,32.70,11.00,0.00,0.00,0.00,0.00,0.00
32.60,32.80,10.60,0.00,0.00,0.00,0.00,0.00
33.00,32.80,11.60,0.00,0.00,0.00,0.00,0.00
31.50,30.30,10.60,0.00,0.00,0.00,0.00,0.00
34.00,34.00,11.30,0.00,0.00,0.00,0.00,0.00
31.00,49.60,12.40,0.00,0.00,0.00,0.00,0.00
0.00,0.00,0.00,0.00,0.00,0.00,0.00,0.00
0.00,0.00,0.00,0.00,0.00,0.00,0.00,0.00
0.00,0.00,0.00,0.00,0.00,0.00,0.00,0.00
0.00,0.00,0.00,0.00,0.00,0.00,0.00,0.00
0.00,0.00,0.00,0.00,0.00,0.00,0.00,0.00
0.00,0.00,0.00,0.00,0.00,0.00,0.00,0.00
0.00,0.00,0.00,0.00,0.00,0.00,0.00,0.00
0.00,0.00,0.00,0.00,0.00,0.00,0.00,0.00
0.00,0.00,0.00,0.00,0.00,0.00,0.00,0.00
0.00,0.00,0.00,0.00,0.00,0.00,0.00,0.00
0.00,0.00,0.00,0.00,0.00,0.00,0.00,0.00
0.00,0.00,0.00,0.00,0.00,0.00,0.00,0.00
0.00,0.00,0.00,0.00,0.00,0.00,0.00,0.00
0.00,0.00,0.00,0.00,0.00,0.00,0.00,0.00
0.00,0.00,0.00,0.00,0.00,0.00,0.00,0.00
0.00,0.00,0.00,0.00,0.00,0.00,0.00,0.00
0.00,0.00,0.00,0.00,0.00,0.00,0.00,0.00
0.00,0.00,0.00,0.00,0.00,0.00,0.00,0.00
0.00,0.00,0.00,0.00,0.00,0.00,0.00,0.00
0.00,0.00,0.00,0.00,0.00,0.00,0.00,0.00
0.00,0.00,0.00,0.00,0.00,0.00,0.00,0.00
0.00,0.00,0.00,0.00,0.00,0.00,0.00,0.00
0.00,0.00,0.00,0.00,0.00,0.00,0.00,0.00
0.00,0.00,0.00,0.00,0.00,0.00,0.00,0.00
0.00,0.00,0.00,0.00,0.00,0.00,0.00,0.00
0.00,0.00,0.00,0.00,0.00,0.00,0.00,0.00
0.00,0.00,0.00,0.00,0.00,0.00,0.00,0.00
0.00,0.00,0.00,0.00,0.00,0.00,0.00,0.00
0.00,0.00,0.00,0.00,0.00,0.00,0.00,0.00
49.80,18.60,43.40,0.00,0.00,0.00,0.00,0.00
55.20,47.70,19.40,0.00,0.00,0.00,0.00,0.00
65.70,56.40,24.50,0.00,0.00,0.00,0.00,0.00
67.60,57.70,24.80,0.00,0.00,0.00,0.00,0.00
67.30,58.60,25.10,0.00,0.00,0.00,0.00,0.00
4.00,3.40,1.60,0.00,0.00,0.00,0.00,0.00
26.00,28.40,9.00,0.00,0.00,0.00,0.00,0.00
24.90,23.60,8.90,0.00,0.00,0.00,0.00,0.00
27.00,27.40,9.60,0.00,0.00,0.00,0.00,0.00
27.60,30.60,9.60,0.00,0.00,0.00,0.00,0.00
27.00,27.00,10.00,0.00,0.00,0.00,0.00,0.00
27.60,28.00,9.30,0.00,0.00,0.00,0.00,0.00
27.00,28.00,11.00,0.00,0.00,0.00,0.00,0.00
28.20,27.60,9.60,0.00,0.00,0.00,0.00,0.00
28.00,28.30,10.40,0.00,0.00,0.00,0.00,0.00
28.00,28.30,10.00,0.00,0.00,0.00,0.00,0.00
27.90,28.30,10.00,0.00,0.00,0.00,0.00,0.00
28.30,28.30,10.40,0.00,0.00,0.00,0.00,0.00
27.90,28.00,10.00,0.00,0.00,0.00,0.00,0.00
26.70,27.00,9.60,0.00,0.00,0.00,0.00,0.00
26.90,26.30,9.90,0.00,0.00,0.00,0.00,0.00
25.70,25.40,9.30,0.00,0.00,0.00,0.00,0.00
25.90,26.60,9.60,0.00,0.00,0.00,0.00,0.00
27.70,26.60,9.30,0.00,0.00,0.00,0.00,0.00
27.20,26.60,10.30,0.00,0.00,0.00,0.00,0.00
27.70,28.00,10.00,0.00,0.00,0.00,0.00,0.00
27.20,28.00,9.30,0.00,0.00,0.00,0.00,0.00
28.00,27.40,10.30,0.00,0.00,0.00,0.00,0.00
27.60,28.30,9.90,0.00,0.00,0.00,0.00,0.00
28.00,28.30,10.30,0.00,0.00,0.00,0.00,0.00
49.60,31.00,6.20,0.00,0.00,0.00,0.00,0.00
0.00,0.00,0.00,0.00,0.00,0.00,0.00,0.00
0.00,0.00,0.00,0.00,0.00,0.00,0.00,0.00
0.00,0.00,0.00,0.00,0.00,0.00,0.00,0.00
0.00,0.00,0.00,0.00,0.00,0.00,0.00,0.00
0.00,0.00,0.00,0.00,0.00,0.00,0.00,0.00
0.00,0.00,0.00,0.00,0.00,0.00,0.00,0.00
0.00,0.00,0.00,0.00,0.00,0.00,0.00,0.00
0.00,0.00,0.00,0.00,0.00,0.00,0.00,0.00
0.00,0.00,0.00,0.00,0.00,0.00,0.00,0.00
0.00,0.00,0.00,0.00,0.00,0.00,0.00,0.00
0.00,0.00,0.00,0.00,0.00,0.00,0.00,0.00
0.00,0.00,0.00,0.00,0.00,0.00,0.00,0.00
0.00,0.00,0.00,0.00,0.00,0.00,0.00,0.00
0.00,0.00,0.00,0.00,0.00,0.00,0.00,0.00
0.00,0.00,0.00,0.00,0.00,0.00,0.00,0.00
0.00,0.00,0.00,0.00,0.00,0.00,0.00,0.00
0.00,0.00,0.00,0.00,0.00,0.00,0.00,0.00
0.00,0.00,0.00,0.00,0.00,0.00,0.00,0.00
0.00,0.00,0.00,0.00,0.00,0.00,0.00,0.00
0.00,0.00,0.00,0.00,0.00,0.00,0.00,0.00
0.00,0.00,0.00,0.00,0.00,0.00,0.00,0.00
0.00,0.00,0.00,0.00,0.00,0.00,0.00,0.00
0.00,0.00,0.00,0.00,0.00,0.00,0.00,0.00
0.00,0.00,0.00,0.00,0.00,0.00,0.00,0.00
0.00,0.00,0.00,0.00,0.00,0.00,0.00,0.00
0.00,0.00,0.00,0.00,0.00,0.00,0.00,0.00
0.00,0.00,0.00,0.00,0.00,0.00,0.00,0.00
0.00,0.00,0.00,0.00,0.00,0.00,0.00,0.00
0.00,0.00,0.00,0.00,0.00,0.00,0.00,0.00
43.40,18.60,12.40,0.00,0.00,0.00,0.00,0.00
13.60,12.60,4.90,0.00,0.00,0.00,0.00,0.00
24.60,25.60,9.20,0.00,0.00,0.00,0.00,0.00
27.00,26.70,9.30,0.00,0.00,0.00,0.00,0.00
26.70,27.40,10.00,0.00,0.00,0.00,0.00,0.00
26.60,27.30,9.30,0.00,0.00,0.00,0.00,0.00
22.70,23.30,9.40,0.00,0.00,0.00,0.00,0.00
25.90,26.90,9.00,0.00,0.00,0.00,0.00,0.00
26.30,28.30,10.00,0.00,0.00,0.00,0.00,0.00
26.90,27.60,9.90,0.00,0.00,0.00,0.00,0.00
26.70,28.30,10.30,0.00,0.00,0.00,0.00,0.00
26.20,28.00,9.60,0.00,0.00,0.00,0.00,0.00
27.70,28.60,9.70,0.00,0.00,0.00,0.00,0.00
26.90,28.90,10.30,0.00,0.00,0.00,0.00,0.00
27.00,28.00,10.70,0.00,0.00,0.00,0.00,0.00
26.90,28.60,10.20,0.00,0.00,0.00,0.00,0.00
26.70,27.70,10.00,0.00,0.00,0.00,0.00,0.00
26.90,28.90,9.90,0.00,0.00,0.00,0.00,0.00
27.00,28.00,10.30,0.00,0.00,0.00,0.00,0.00
26.90,27.20,9.90,0.00,0.00,0.00,0.00,0.00
26.30,29.00,10.00,0.00,0.00,0.00,0.00,0.00
26.60,27.60,9.60,0.00,0.00,0.00,0.00,0.00
27.70,28.30,10.30,0.00,0.00,0.00,0.00,0.00
27.60,28.60,9.90,0.00,0.00,0.00,0.00,0.00
26.30,27.40,10.00,0.00,0.00,0.00,0.00,0.00
27.60,28.90,10.30,0.00,0.00,0.00,0.00,0.00
25.70,27.70,10.00,0.00,0.00,0.00,0.00,0.00
26.60,28.30,9.90,0.00,0.00,0.00,0.00,0.00
25.30,28.00,10.00,0.00,0.00,0.00,0.00,0.00
26.20,28.00,10.60,0.00,0.00,0.00,0.00,0.00
37.20,49.60,18.60,0.00,0.00,0.00,0.00,0.00
0.00,0.00,0.00,0.00,0.00,0.00,0.00,0.00
0.00,0.00,0.00,0.00,0.00,0.00,0.00,0.00
0.00,0.00,0.00,0.00,0.00,0.00,0.00,0.00
0.00,0.00,0.00,0.00,0.00,0.00,0.00,0.00
0.00,0.00,0.00,0.00,0.00,0.00,0.00,0.00
0.00,0.00,0.00,0.00,0.00,0.00,0.00,0.00
0.00,0.00,0.00,0.00,0.00,0.00,0.00,0.00
0.00,0.00,0.00,0.00,0.00,0.00,0.00,0.00
0.00,0.00,0.00,0.00,0.00,0.00,0.00,0.00
0.00,0.00,0.00,0.00,0.00,0.00,0.00,0.00
0.00,0.00,0.00,0.00,0.00,0.00,0.00,0.00
0.00,0.00,0.00,0.00,0.00,0.00,0.00,0.00
0.00,0.00,0.00,0.00,0.00,0.00,0.00,0.00
0.00,0.00,0.00,0.00,0.00,0.00,0.00,0.00
0.00,0.00,0.00,0.00,0.00,0.00,0.00,0.00
0.00,0.00,0.00,0.00,0.00,0.00,0.00,0.00
0.00,0.00,0.00,0.00,0.00,0.00,0.00,0.00
0.00,0.00,0.00,0.00,0.00,0.00,0.00,0.00
0.00,0.00,0.00,0.00,0.00,0.00,0.00,0.00
0.00,0.00,0.00,0.00,0.00,0.00,0.00,0.00
0.00,0.00,0.00,0.00,0.00,0.00,0.00,0.00
0.00,0.00,0.00,0.00,0.00,0.00,0.00,0.00
0.00,0.00,0.00,0.00,0.00,0.00,0.00,0.00
0.00,0.00,0.00,0.00,0.00,0.00,0.00,0.00
0.00,0.00,0.00,0.00,0.00,0.00,0.00,0.00
0.00,0.00,0.00,0.00,0.00,0.00,0.00,0.00
0.00,0.00,0.00,0.00,0.00,0.00,0.00,0.00
0.00,0.00,0.00,0.00,0.00,0.00,0.00,0.00
0.00,0.00,0.00,0.00,0.00,0.00,0.00,0.00
49.60,37.20,24.80,0.00,0.00,0.00,0.00,0.00
0.00,0.00,0.00,0.00,0.00,0.00,0.00,0.00
0.00,0.00,0.00,0.00,0.00,0.00,0.00,0.00
0.00,0.00,0.00,0.00,0.00,0.00,0.00,0.00
0.00,0.00,0.00,0.00,0.00,0.00,0.00,0.00
0.00,0.00,0.00,0.00,0.00,0.00,0.00,0.00
0.00,0.00,0.00,0.00,0.00,0.00,0.00,0.00
0.00,0.00,0.00,0.00,0.00,0.00,0.00,0.00
0.00,0.00,0.00,0.00,0.00,0.00,0.00,0.00
0.00,0.00,0.00,0.00,0.00,0.00,0.00,0.00
0.00,0.00,0.00,0.00,0.00,0.00,0.00,0.00
0.00,0.00,0.00,0.00,0.00,0.00,0.00,0.00
0.00,0.00,0.00,0.00,0.00,0.00,0.00,0.00
0.00,0.00,0.00,0.00,0.00,0.00,0.00,0.00
0.00,0.00,0.00,0.00,0.00,0.00,0.00,0.00
0.00,0.00,0.00,0.00,0.00,0.00,0.00,0.00
0.00,0.00,0.00,0.00,0.00,0.00,0.00,0.00
0.00,0.00,0.00,0.00,0.00,0.00,0.00,0.00
0.00,0.00,0.00,0.00,0.00,0.00,0.00,0.00
0.00,0.00,0.00,0.00,0.00,0.00,0.00,0.00
0.00,0.00,0.00,0.00,0.00,0.00,0.00,0.00
0.00,0.00,0.00,0.00,0.00,0.00,0.00,0.00
0.00,0.00,0.00,0.00,0.00,0.00,0.00,0.00
0.00,0.00,0.00,0.00,0.00,0.00,0.00,0.00
0.00,0.00,0.00,0.00,0.00,0.00,0.00,0.00
0.00,0.00,0.00,0.00,0.00,0.00,0.00,0.00
0.00,0.00,0.00,0.00,0.00,0.00,0.00,0.00
0.00,0.00,0.00,0.00,0.00,0.00,0.00,0.00
0.00,0.00,0.00,0.00,0.00,0.00,0.00,0.00
0.00,0.00,0.00,0.00,0.00,0.00,0.00,0.00
37.30,37.20,24.80,0.00,0.00,0.00,0.00,0.00
0.00,0.00,0.00,0.00,0.00,0.00,0.00,0.00
0.00,0.00,0.00,0.00,0.00,0.00,0.00,0.00
0.00,0.00,0.00,0.00,0.00,0.00,0.00,0.00
0.00,0.00,0.00,0.00,0.00,0.00,0.00,0.00
0.00,0.00,0.00,0.00,0.00,0.00,0.00,0.00
0.00,0.00,0.00,0.00,0.00,0.00,0.00,0.00
0.00,0.00,0.00,0.00,0.00,0.00,0.00,0.00
0.00,0.00,0.00,0.00,0.00,0.00,0.00,0.00
0.00,0.00,0.00,0.00,0.00,0.00,0.00,0.00
0.00,0.00,0.00,0.00,0.00,0.00,0.00,0.00
0.00,0.00,0.00,0.00,0.00,0.00,0.00,0.00
0.00,0.00,0.00,0.00,0.00,0.00,0.00,0.00
0.00,0.00,0.00,0.00,0.00,0.00,0.00,0.00
0.00,0.00,0.00,0.00,0.00,0.00,0.00,0.00
0.00,0.00,0.00,0.00,0.00,0.00,0.00,0.00
0.00,0.00,0.00,0.00,0.00,0.00,0.00,0.00
0.00,0.00,0.00,0.00,0.00,0.00,0.00,0.00
0.00,0.00,0.00,0.00,0.00,0.00,0.00,0.00
0.00,0.00,0.00,0.00,0.00,0.00,0.00,0.00
0.00,0.00,0.00,0.00,0.00,0.00,0.00,0.00
0.00,0.00,0.00,0.00,0.00,0.00,0.00,0.00
0.00,0.00,0.00,0.00,0.00,0.00,0.00,0.00
0.00,0.00,0.00,0.00,0.00,0.00,0.00,0.00
0.00,0.00,0.00,0.00,0.00,0.00,0.00,0.00
0.00,0.00,0.00,0.00,0.00,0.00,0.00,0.00
0.00,0.00,0.00,0.00,0.00,0.00,0.00,0.00
0.00,0.00,0.00,0.00,0.00,0.00,0.00,0.00
0.00,0.00,0.00,0.00,0.00,0.00,0.00,0.00
0.00,0.00,0.00,0.00,0.00,0.00,0.00,0.00
18.60,18.60,18.60,0.00,0.00,0.00,0.00,0.00
0.00,0.00,0.00,0.00,0.00,0.00,0.00,0.00
0.00,0.00,0.00,0.00,0.00,0.00,0.00,0.00
0.00,0.00,0.00,0.00,0.00,0.00,0.00,0.00
0.00,0.00,0.00,0.00,0.00,0.00,0.00,0.00
0.00,0.00,0.00,0.00,0.00,0.00,0.00,0.00
0.00,0.00,0.00,0.00,0.00,0.00,0.00,0.00
0.00,0.00,0.00,0.00,0.00,0.00,0.00,0.00
0.00,0.00,0.00,0.00,0.00,0.00,0.00,0.00
0.00,0.00,0.00,0.00,0.00,0.00,0.00,0.00
0.00,0.00,0.00,0.00,0.00,0.00,0.00,0.00
0.00,0.00,0.00,0.00,0.00,0.00,0.00,0.00
0.00,0.00,0.00,0.00,0.00,0.00,0.00,0.00
0.00,0.00,0.00,0.00,0.00,0.00,0.00,0.00
0.00,0.00,0.00,0.00,0.00,0.00,0.00,0.00
0.00,0.00,0.00,0.00,0.00,0.00,0.00,0.00
0.00,0.00,0.00,0.00,0.00,0.00,0.00,0.00
0.00,0.00,0.00,0.00,0.00,0.00,0.00,0.00
0.00,0.00,0.00,0.00,0.00,0.00,0.00,0.00
0.00,0.00,0.00,0.00,0.00,0.00,0.00,0.00
0.00,0.00,0.00,0.00,0.00,0.00,0.00,0.00
0.00,0.00,0.00,0.00,0.00,0.00,0.00,0.00
0.00,0.00,0.00,0.00,0.00,0.00,0.00,0.00
0.00,0.00,0.00,0.00,0.00,0.00,0.00,0.00
0.00,0.00,0.00,0.00,0.00,0.00,0.00,0.00
0.00,0.00,0.00,0.00,0.00,0.00,0.00,0.00
0.00,0.00,0.00,0.00,0.00,0.00,0.00,0.00
0.00,0.00,0.00,0.00,0.00,0.00,0.00,0.00
0.00,0.00,0.00,0.00,0.00,0.00,0.00,0.00
0.00,0.00,0.00,0.00,0.00,0.00,0.00,0.00
12.40,37.20,12.40,0.00,0.00,0.00,0.00,0.00
0.00,0.00,0.00,0.00,0.00,0.00,0.00,0.00
0.00,0.00,0.00,0.00,0.00,0.00,0.00,0.00
0.00,0.00,0.00,0.00,0.00,0.00,0.00,0.00
0.00,0.00,0.00,0.00,0.00,0.00,0.00,0.00
0.00,0.00,0.00,0.00,0.00,0.00,0.00,0.00
0.00,0.00,0.00,0.00,0.00,0.00,0.00,0.00
0.00,0.00,0.00,0.00,0.00,0.00,0.00,0.00
0.00,0.00,0.00,0.00,0.00,0.00,0.00,0.00
0.00,0.00,0.00,0.00,0.00,0.00,0.00,0.00
0.00,0.00,0.00,0.00,0.00,0.00,0.00,0.00
0.00,0.00,0.00,0.00,0.00,0.00,0.00,0.00
0.00,0.00,0.00,0.00,0.00,0.00,0.00,0.00
0.00,0.00,0.00,0.00,0.00,0.00,0.00,0.00
0.00,0.00,0.00,0.00,0.00,0.00,0.00,0.00
0.00,0.00,0.00,0.00,0.00,0.00,0.00,0.00
0.00,0.00,0.00,0.00,0.00,0.00,0.00,0.00
0.00,0.00,0.00,0.00,0.00,0.00,0.00,0.00
0.00,0.00,0.00,0.00,0.00,0.00,0.00,0.00
0.00,0.00,0.00,0.00,0.00,0.00,0.00,0.00
0.00,0.00,0.00,0.00,0.00,0.00,0.00,0.00
0.00,0.00,0.00,0.00,0.00,0.00,0.00,0.00
0.00,0.00,0.00,0.00,0.00,0.00,0.00,0.00
0.00,0.00,0.00,0.00,0.00,0.00,0.00,0.00
0.00,0.00,0.00,0.00,0.00,0.00,0.00,0.00
0.00,0.00,0.00,0.00,0.00,0.00,0.00,0.00
0.00,0.00,0.00,0.00,0.00,0.00,0.00,0.00
0.00,0.00,0.00,0.00,0.00,0.00,0.00,0.00
0.00,0.00,0.00,0.00,0.00,0.00,0.00,0.00
0.00,0.00,0.00,0.00,0.00,0.00,0.00,0.00
55.90,24.80,18.60,0.00,0.00,0.00,0.00,0.00
0.00,0.00,0.00,0.00,0.00,0.00,0.00,0.00
0.00,0.00,0.00,0.00,0.00,0.00,0.00,0.00
0.00,0.00,0.00,0.00,0.00,0.00,0.00,0.00
0.00,0.00,0.00,0.00,0.00,0.00,0.00,0.00
0.00,0.00,0.00,0.00,0.00,0.00,0.00,0.00
0.00,0.00,0.00,0.00,0.00,0.00,0.00,0.00
0.00,0.00,0.00,0.00,0.00,0.00,0.00,0.00
0.00,0.00,0.00,0.00,0.00,0.00,0.00,0.00
0.00,0.00,0.00,0.00,0.00,0.00,0.00,0.00
0.00,0.00,0.00,0.00,0.00,0.00,0.00,0.00
0.00,0.00,0.00,0.00,0.00,0.00,0.00,0.00
0.00,0.00,0.00,0.00,0.00,0.00,0.00,0.00
0.00,0.00,0.00,0.00,0.00,0.00,0.00,0.00
0.00,0.00,0.00,0.00,0.00,0.00,0.00,0.00
0.00,0.00,0.00,0.00,0.00,0.00,0.00,0.00
0.00,0.00,0.00,0.00,0.00,0.00,0.00,0.00
0.00,0.00,0.00,0.00,0.00,0.00,0.00,0.00
0.00,0.00,0.00,0.00,0.00,0.00,0.00,0.00
0.00,0.00,0.00,0.00,0.00,0.00,0.00,0.00
0.00,0.00,0.00,0.00,0.00,0.00,0.00,0.00
0.00,0.00,0.00,0.00,0.00,0.00,0.00,0.00
0.00,0.00,0.00,0.00,0.00,0.00,0.00,0.00
0.00,0.00,0.00,0.00,0.00,0.00,0.00,0.00
0.00,0.00,0.00,0.00,0.00,0.00,0.00,0.00
0.00,0.00,0.00,0.00,0.00,0.00,0.00,0.00
0.00,0.00,0.00,0.00,0.00,0.00,0.00,0.00
0.00,0.00,0.00,0.00,0.00,0.00,0.00,0.00
0.00,0.00,0.00,0.00,0.00,0.00,0.00,0.00
0.00,0.00,0.00,0.00,0.00,0.00,0.00,0.00
43.40,55.90,6.20,0.00,0.00,0.00,0.00,0.00
0.00,0.00,0.00,0.00,0.00,0.00,0.00,0.00
0.00,0.00,0.00,0.00,0.00,0.00,0.00,0.00
0.00,0.00,0.00,0.00,0.00,0.00,0.00,0.00
0.00,0.00,0.00,0.00,0.00,0.00,0.00,0.00
0.00,0.00,0.00,0.00,0.00,0.00,0.00,0.00
0.00,0.00,0.00,0.00,0.00,0.00,0.00,0.00
0.00,0.00,0.00,0.00,0.00,0.00,0.00,0.00
0.00,0.00,0.00,0.00,0.00,0.00,0.00,0.00
0.00,0.00,0.00,0.00,0.00,0.00,0.00,0.00
0.00,0.00,0.00,0.00,0.00,0.00,0.00,0.00
0.00,0.00,0.00,0.00,0.00,0.00,0.00,0.00
0.00,0.00,0.00,0.00,0.00,0.00,0.00,0.00
0.00,0.00,0.00,0.00,0.00,0.00,0.00,0.00
0.00,0.00,0.00,0.00,0.00,0.00,0.00,0.00
0.00,0.00,0.00,0.00,0.00,0.00,0.00,0.00
0.00,0.00,0.00,0.00,0.00,0.00,0.00,0.00
0.00,0.00,0.00,0.00,0.00,0.00,0.00,0.00
0.00,0.00,0.00,0.00,0.00,0.00,0.00,0.00
0.00,0.00,0.00,0.00,0.00,0.00,0.00,0.00
0.00,0.00,0.00,0.00,0.00,0.00,0.00,0.00
0.00,0.00,0.00,0.00,0.00,0.00,0.00,0.00
0.00,0.00,0.00,0.00,0.00,0.00,0.00,0.00
0.00,0.00,0.00,0.00,0.00,0.00,0.00,0.00
0.00,0.00,0.00,0.00,0.00,0.00,0.00,0.00
0.00,0.00,0.00,0.00,0.00,0.00,0.00,0.00
0.00,0.00,0.00,0.00,0.00,0.00,0.00,0.00
0.00,0.00,0.00,0.00,0.00,0.00,0.00,0.00
0.00,0.00,0.00,0.00,0.00,0.00,0.00,0.00
0.00,0.00,0.00,0.00,0.00,0.00,0.00,0.00
