#msgr-worker,io_context_pool,fio,log,ceph_timer,ms_dispatch,safe_timer,taskfin_librbd
0.00,0.00,0.00,0.00,0.00,0.00,0.00,0.00
2.50,0.60,0.30,0.00,0.00,0.00,0.00,0.00
0.00,0.00,0.30,0.00,0.00,0.00,0.00,0.00
0.00,0.00,0.30,0.00,0.00,0.00,0.00,0.00
0.00,0.00,0.00,0.00,0.00,0.00,0.00,0.00
0.00,0.00,0.60,0.00,0.00,0.00,0.00,0.00
0.00,0.00,0.70,0.00,0.00,0.00,0.00,0.00
0.30,0.00,0.00,0.00,0.00,0.00,0.00,0.00
0.00,0.00,0.70,0.00,0.00,0.00,0.00,0.00
0.00,0.00,0.00,0.00,0.00,0.00,0.00,0.00
0.00,0.00,0.30,0.00,0.00,0.00,0.00,0.00
29.60,18.80,9.00,0.00,0.00,0.00,0.00,0.00
0.00,0.00,0.60,0.00,0.00,0.00,0.00,0.00
0.00,0.00,1.00,0.00,0.00,0.00,0.00,0.00
0.00,0.30,0.00,0.00,0.00,0.00,0.00,0.00
0.30,0.00,0.30,0.00,0.00,0.00,0.00,0.00
0.00,0.00,0.30,0.00,0.00,0.00,0.00,0.00
0.00,0.00,0.30,0.00,0.00,0.00,0.00,0.00
0.30,0.00,0.00,0.00,0.00,0.00,0.00,0.00
0.00,0.00,0.70,0.00,0.00,0.00,0.00,0.00
0.30,0.00,0.30,0.00,0.00,0.00,0.00,0.00
0.00,0.00,0.00,0.00,0.00,0.00,0.00,0.00
0.30,0.00,1.00,0.00,0.00,0.00,0.00,0.00
0.00,0.00,0.00,0.00,0.00,0.00,0.00,0.00
0.00,0.00,0.30,0.00,0.00,0.00,0.00,0.00
0.00,0.00,0.30,0.00,0.00,0.00,0.00,0.00
0.00,0.00,0.00,0.00,0.00,0.00,0.00,0.00
0.00,0.00,0.00,0.00,0.00,0.00,0.00,0.00
0.00,0.00,0.00,0.00,0.00,0.00,0.00,0.00
0.00,0.00,0.00,0.00,0.00,0.00,0.00,0.00
111.70,74.40,49.70,0.00,0.00,0.00,0.00,0.00
138.90,99.60,41.10,0.00,0.00,0.00,0.00,0.00
132.70,92.80,41.10,0.00,0.00,0.00,0.00,0.00
137.10,96.50,40.80,0.00,0.00,0.00,0.00,0.00
52.10,40.00,17.50,0.00,0.00,0.00,0.00,0.00
0.00,0.00,0.30,0.00,0.00,0.00,0.00,0.00
0.00,0.00,0.30,0.00,0.00,0.00,0.00,0.00
0.30,0.00,0.00,0.00,0.00,0.00,0.00,0.00
0.30,0.00,0.30,0.00,0.00,0.00,0.00,0.00
0.30,0.00,0.30,0.00,0.00,0.00,0.00,0.00
0.00,0.00,0.30,0.00,0.00,0.00,0.00,0.00
0.00,0.00,0.30,0.00,0.00,0.00,0.00,0.00
0.00,0.00,0.60,0.00,0.00,0.00,0.00,0.00
0.00,0.00,0.30,0.00,0.00,0.00,0.00,0.00
0.00,0.00,0.30,0.00,0.00,0.00,0.00,0.00
0.00,0.00,0.00,0.00,0.00,0.00,0.00,0.00
0.00,0.00,0.70,0.00,0.00,0.00,0.00,0.00
0.00,0.00,0.00,0.00,0.00,0.00,0.00,0.00
0.00,0.00,0.00,0.00,0.00,0.00,0.00,0.00
0.00,0.00,0.00,0.00,0.00,0.00,0.00,0.00
0.00,0.00,0.00,0.00,0.00,0.00,0.00,0.00
0.00,0.00,0.00,0.00,0.00,0.00,0.00,0.00
0.00,0.00,0.00,0.00,0.00,0.00,0.00,0.00
0.00,0.00,0.00,0.00,0.00,0.00,0.00,0.00
0.00,0.00,0.00,0.00,0.00,0.00,0.00,0.00
0.00,0.00,0.00,0.00,0.00,0.00,0.00,0.00
0.00,0.00,0.00,0.00,0.00,0.00,0.00,0.00
0.00,0.00,0.00,0.00,0.00,0.00,0.00,0.00
0.00,0.00,0.00,0.00,0.00,0.00,0.00,0.00
0.00,0.00,0.00,0.00,0.00,0.00,0.00,0.00
130.50,43.40,31.00,0.00,0.00,0.00,0.00,0.00
5.30,5.30,3.60,0.00,0.00,0.00,0.00,0.00
0.00,0.00,0.30,0.00,0.00,0.00,0.00,0.00
0.00,0.00,0.00,0.00,0.00,0.00,0.00,0.00
0.00,0.00,0.30,0.00,0.00,0.00,0.00,0.00
0.30,0.00,0.60,0.00,0.00,0.00,0.00,0.00
0.00,0.00,0.30,0.00,0.00,0.00,0.00,0.00
0.00,0.00,0.30,0.00,0.00,0.00,0.00,0.00
0.00,0.00,0.30,0.00,0.00,0.00,0.00,0.00
0.00,0.00,0.60,0.00,0.00,0.00,0.00,0.00
0.00,0.00,0.30,0.00,0.00,0.00,0.00,0.00
0.00,0.00,0.30,0.00,0.00,0.00,0.00,0.00
0.00,0.00,0.00,0.00,0.00,0.00,0.00,0.00
0.00,0.00,1.00,0.00,0.00,0.00,0.00,0.00
0.00,0.00,0.00,0.00,0.00,0.00,0.00,0.00
0.00,0.00,0.00,0.00,0.00,0.00,0.00,0.00
0.00,0.00,0.00,0.00,0.00,0.00,0.00,0.00
0.00,0.00,0.00,0.00,0.00,0.00,0.00,0.00
0.00,0.00,0.00,0.00,0.00,0.00,0.00,0.00
0.00,0.00,0.00,0.00,0.00,0.00,0.00,0.00
0.00,0.00,0.00,0.00,0.00,0.00,0.00,0.00
0.00,0.00,0.00,0.00,0.00,0.00,0.00,0.00
0.00,0.00,0.00,0.00,0.00,0.00,0.00,0.00
0.00,0.00,0.00,0.00,0.00,0.00,0.00,0.00
0.00,0.00,0.00,0.00,0.00,0.00,0.00,0.00
0.00,0.00,0.00,0.00,0.00,0.00,0.00,0.00
0.00,0.00,0.00,0.00,0.00,0.00,0.00,0.00
0.00,0.00,0.00,0.00,0.00,0.00,0.00,0.00
0.00,0.00,0.00,0.00,0.00,0.00,0.00,0.00
0.00,0.00,0.00,0.00,0.00,0.00,0.00,0.00
155.70,105.50,31.00,0.00,0.00,0.00,0.00,0.00
157.80,121.60,50.30,0.00,0.00,0.00,0.00,0.00
154.80,118.00,47.60,0.00,0.00,0.00,0.00,0.00
160.30,122.30,49.90,0.00,0.00,0.00,0.00,0.00
156.30,119.40,50.10,0.00,0.00,0.00,0.00,0.00
159.00,124.60,48.10,0.00,0.00,0.00,0.00,0.00
30.00,20.90,11.80,0.00,0.00,0.00,0.00,0.00
0.00,0.00,0.30,0.00,0.00,0.00,0.00,0.00
0.00,0.00,0.30,0.00,0.00,0.00,0.00,0.00
0.30,0.00,0.00,0.00,0.00,0.00,0.00,0.00
0.00,0.00,0.30,0.00,0.00,0.00,0.00,0.00
0.90,0.00,0.30,0.00,0.00,0.00,0.00,0.00
0.30,0.00,0.30,0.00,0.00,0.00,0.00,0.00
0.00,0.00,0.30,0.00,0.00,0.00,0.00,0.00
0.00,0.00,1.00,0.00,0.00,0.00,0.00,0.00
0.00,0.00,0.30,0.00,0.00,0.00,0.00,0.00
0.00,0.00,0.30,0.00,0.00,0.00,0.00,0.00
0.00,0.00,0.30,0.00,0.00,0.00,0.00,0.00
0.00,0.00,0.00,0.00,0.00,0.00,0.00,0.00
0.30,0.00,0.70,0.00,0.00,0.00,0.00,0.00
0.00,0.00,1.70,0.00,0.00,0.00,0.00,0.00
0.00,0.00,0.00,0.00,0.00,0.00,0.00,0.00
0.00,0.00,0.00,0.00,0.00,0.00,0.00,0.00
0.00,0.00,0.00,0.00,0.00,0.00,0.00,0.00
0.00,0.00,0.00,0.00,0.00,0.00,0.00,0.00
0.00,0.00,0.00,0.00,0.00,0.00,0.00,0.00
0.00,0.00,0.00,0.00,0.00,0.00,0.00,0.00
0.00,0.00,0.00,0.00,0.00,0.00,0.00,0.00
0.00,0.00,0.00,0.00,0.00,0.00,0.00,0.00
0.00,0.00,0.00,0.00,0.00,0.00,0.00,0.00
124.40,130.30,12.40,0.00,0.00,0.00,0.00,0.00
159.10,122.10,49.10,0.00,0.00,0.00,0.00,0.00
159.80,127.40,53.80,0.00,0.00,0.00,0.00,0.00
163.70,127.50,49.00,0.00,0.00,0.00,0.00,0.00
157.40,120.80,52.20,0.00,0.00,0.00,0.00,0.00
158.00,121.80,49.50,0.00,0.00,0.00,0.00,0.00
154.40,118.60,48.70,0.00,0.00,0.00,0.00,0.00
139.90,109.40,45.10,0.00,0.00,0.00,0.00,0.00
11.80,10.30,5.00,0.00,0.00,0.00,0.00,0.00
0.30,0.00,0.00,0.00,0.00,0.00,0.00,0.00
0.00,0.00,0.30,0.00,0.00,0.00,0.00,0.00
0.00,0.00,0.30,0.00,0.00,0.00,0.00,0.00
0.00,0.00,0.30,0.00,0.00,0.00,0.00,0.00
0.30,0.00,0.60,0.00,0.00,0.00,0.00,0.00
0.00,0.00,0.30,0.00,0.00,0.00,0.00,0.00
0.00,0.00,0.30,0.00,0.00,0.00,0.00,0.00
0.00,0.00,0.30,0.00,0.00,0.00,0.00,0.00
0.00,0.00,0.70,0.00,0.00,0.00,0.00,0.00
0.00,0.00,0.00,0.00,0.00,0.00,0.00,0.00
0.00,0.00,0.30,0.00,0.00,0.00,0.00,0.00
0.00,0.00,0.70,0.00,0.00,0.00,0.00,0.00
0.00,0.00,0.00,0.00,0.00,0.00,0.00,0.00
0.00,0.00,0.30,0.00,0.00,0.00,0.00,0.00
0.00,0.00,0.30,0.00,0.00,0.00,0.00,0.00
0.00,0.00,0.00,0.00,0.00,0.00,0.00,0.00
0.00,0.00,0.00,0.00,0.00,0.00,0.00,0.00
0.00,0.00,0.00,0.00,0.00,0.00,0.00,0.00
0.00,0.00,0.00,0.00,0.00,0.00,0.00,0.00
0.00,0.00,0.00,0.00,0.00,0.00,0.00,0.00
0.00,0.00,0.00,0.00,0.00,0.00,0.00,0.00
217.50,99.30,43.40,0.00,0.00,0.00,0.00,0.00
102.10,85.40,33.20,0.00,0.00,0.00,0.00,0.00
120.10,101.10,39.30,0.00,0.00,0.00,0.00,0.00
122.40,102.90,40.60,0.00,0.00,0.00,0.00,0.00
119.80,104.30,40.10,0.00,0.00,0.00,0.00,0.00
123.30,105.60,40.00,0.00,0.00,0.00,0.00,0.00
123.40,104.70,41.30,0.00,0.00,0.00,0.00,0.00
123.20,103.90,40.50,0.00,0.00,0.00,0.00,0.00
121.70,102.60,39.60,0.00,0.00,0.00,0.00,0.00
122.40,100.10,41.90,0.00,0.00,0.00,0.00,0.00
123.10,102.60,40.60,0.00,0.00,0.00,0.00,0.00
119.60,98.40,44.50,0.00,0.00,0.00,0.00,0.00
121.00,98.50,42.30,0.00,0.00,0.00,0.00,0.00
121.30,101.20,42.90,0.00,0.00,0.00,0.00,0.00
121.70,100.40,41.00,0.00,0.00,0.00,0.00,0.00
124.90,100.30,41.30,0.00,0.00,0.00,0.00,0.00
123.40,100.00,40.60,0.00,0.00,0.00,0.00,0.00
125.60,101.20,41.60,0.00,0.00,0.00,0.00,0.00
123.30,98.70,41.00,0.00,0.00,0.00,0.00,0.00
105.60,86.70,35.30,0.00,0.00,0.00,0.00,0.00
4.30,3.50,2.10,0.00,0.00,0.00,0.00,0.00
0.00,0.00,0.70,0.00,0.00,0.00,0.00,0.00
0.30,0.00,0.30,0.00,0.00,0.00,0.00,0.00
0.00,0.00,0.70,0.00,0.00,0.00,0.00,0.00
0.00,0.00,0.00,0.00,0.00,0.00,0.00,0.00
0.00,0.00,0.60,0.00,0.00,0.00,0.00,0.00
0.00,0.00,0.30,0.00,0.00,0.00,0.00,0.00
0.00,0.00,0.30,0.00,0.00,0.00,0.00,0.00
0.00,0.00,0.30,0.00,0.00,0.00,0.00,0.00
0.00,0.00,0.60,0.00,0.00,0.00,0.00,0.00
93.10,49.60,24.80,0.00,0.00,0.00,0.00,0.00
22.90,15.10,4.90,0.00,0.00,0.00,0.00,0.00
0.00,0.00,0.70,0.00,0.00,0.00,0.00,0.00
0.00,0.00,0.30,0.00,0.00,0.00,0.00,0.00
0.00,0.00,0.30,0.00,0.00,0.00,0.00,0.00
0.30,0.00,1.00,0.00,0.00,0.00,0.00,0.00
0.30,0.00,0.00,0.00,0.00,0.00,0.00,0.00
0.30,0.00,0.70,0.00,0.00,0.00,0.00,0.00
0.00,0.00,0.00,0.00,0.00,0.00,0.00,0.00
0.00,0.00,0.30,0.00,0.00,0.00,0.00,0.00
0.60,0.00,0.30,0.00,0.00,0.00,0.00,0.00
0.00,0.00,0.30,0.00,0.00,0.00,0.00,0.00
0.00,0.00,0.30,0.00,0.00,0.00,0.00,0.00
0.00,0.00,0.60,0.00,0.00,0.00,0.00,0.00
0.00,0.00,0.30,0.00,0.00,0.00,0.00,0.00
0.00,0.00,0.30,0.00,0.00,0.00,0.00,0.00
0.00,0.00,0.60,0.00,0.00,0.00,0.00,0.00
0.00,0.00,0.00,0.00,0.00,0.00,0.00,0.00
0.00,0.00,0.00,0.00,0.00,0.00,0.00,0.00
0.00,0.00,0.00,0.00,0.00,0.00,0.00,0.00
0.00,0.00,0.00,0.00,0.00,0.00,0.00,0.00
0.00,0.00,0.00,0.00,0.00,0.00,0.00,0.00
0.00,0.00,0.00,0.00,0.00,0.00,0.00,0.00
0.00,0.00,0.00,0.00,0.00,0.00,0.00,0.00
0.00,0.00,0.00,0.00,0.00,0.00,0.00,0.00
0.00,0.00,0.00,0.00,0.00,0.00,0.00,0.00
0.00,0.00,0.00,0.00,0.00,0.00,0.00,0.00
0.00,0.00,0.00,0.00,0.00,0.00,0.00,0.00
0.00,0.00,0.00,0.00,0.00,0.00,0.00,0.00
0.00,0.00,0.00,0.00,0.00,0.00,0.00,0.00
111.80,74.40,24.80,0.00,0.00,0.00,0.00,0.00
33.70,25.50,11.50,0.00,0.00,0.00,0.00,0.00
0.00,0.00,0.30,0.00,0.00,0.00,0.00,0.00
0.00,0.00,0.30,0.00,0.00,0.00,0.00,0.00
0.00,0.30,0.30,0.00,0.00,0.00,0.00,0.00
0.00,0.00,0.30,0.00,0.00,0.00,0.00,0.00
0.60,0.00,0.60,0.00,0.00,0.00,0.00,0.00
0.00,0.00,0.30,0.00,0.00,0.00,0.00,0.00
0.00,0.00,0.00,0.00,0.00,0.00,0.00,0.00
0.00,0.00,0.70,0.00,0.00,0.00,0.00,0.00
0.60,0.00,0.30,0.00,0.00,0.00,0.00,0.00
0.00,0.00,0.00,0.00,0.00,0.00,0.00,0.00
0.00,0.00,0.70,0.00,0.00,0.00,0.00,0.00
0.00,0.00,0.00,0.00,0.00,0.00,0.00,0.00
0.00,0.00,0.60,0.00,0.00,0.00,0.00,0.00
0.00,0.00,0.30,0.00,0.00,0.00,0.00,0.00
0.00,0.00,0.30,0.00,0.00,0.00,0.00,0.00
0.00,0.00,0.00,0.00,0.00,0.00,0.00,0.00
0.00,0.00,0.00,0.00,0.00,0.00,0.00,0.00
0.00,0.00,0.00,0.00,0.00,0.00,0.00,0.00
0.00,0.00,0.00,0.00,0.00,0.00,0.00,0.00
0.00,0.00,0.00,0.00,0.00,0.00,0.00,0.00
0.00,0.00,0.00,0.00,0.00,0.00,0.00,0.00
0.00,0.00,0.00,0.00,0.00,0.00,0.00,0.00
0.00,0.00,0.00,0.00,0.00,0.00,0.00,0.00
0.00,0.00,0.00,0.00,0.00,0.00,0.00,0.00
0.00,0.00,0.00,0.00,0.00,0.00,0.00,0.00
0.00,0.00,0.00,0.00,0.00,0.00,0.00,0.00
0.00,0.00,0.00,0.00,0.00,0.00,0.00,0.00
0.00,0.00,0.00,0.00,0.00,0.00,0.00,0.00
142.90,74.40,37.20,0.00,0.00,0.00,0.00,0.00
0.00,0.00,0.00,0.00,0.00,0.00,0.00,0.00
0.00,0.00,0.00,0.00,0.00,0.00,0.00,0.00
0.00,0.00,0.00,0.00,0.00,0.00,0.00,0.00
0.00,0.00,0.00,0.00,0.00,0.00,0.00,0.00
0.00,0.00,0.00,0.00,0.00,0.00,0.00,0.00
0.00,0.00,0.00,0.00,0.00,0.00,0.00,0.00
0.00,0.00,0.00,0.00,0.00,0.00,0.00,0.00
0.00,0.00,0.00,0.00,0.00,0.00,0.00,0.00
0.00,0.00,0.00,0.00,0.00,0.00,0.00,0.00
0.00,0.00,0.00,0.00,0.00,0.00,0.00,0.00
0.00,0.00,0.00,0.00,0.00,0.00,0.00,0.00
0.00,0.00,0.00,0.00,0.00,0.00,0.00,0.00
0.00,0.00,0.00,0.00,0.00,0.00,0.00,0.00
0.00,0.00,0.00,0.00,0.00,0.00,0.00,0.00
0.00,0.00,0.00,0.00,0.00,0.00,0.00,0.00
0.00,0.00,0.00,0.00,0.00,0.00,0.00,0.00
0.00,0.00,0.00,0.00,0.00,0.00,0.00,0.00
0.00,0.00,0.00,0.00,0.00,0.00,0.00,0.00
0.00,0.00,0.00,0.00,0.00,0.00,0.00,0.00
0.00,0.00,0.00,0.00,0.00,0.00,0.00,0.00
0.00,0.00,0.00,0.00,0.00,0.00,0.00,0.00
0.00,0.00,0.00,0.00,0.00,0.00,0.00,0.00
0.00,0.00,0.00,0.00,0.00,0.00,0.00,0.00
0.00,0.00,0.00,0.00,0.00,0.00,0.00,0.00
0.00,0.00,0.00,0.00,0.00,0.00,0.00,0.00
0.00,0.00,0.00,0.00,0.00,0.00,0.00,0.00
0.00,0.00,0.00,0.00,0.00,0.00,0.00,0.00
0.00,0.00,0.00,0.00,0.00,0.00,0.00,0.00
0.00,0.00,0.00,0.00,0.00,0.00,0.00,0.00
136.80,124.20,43.40,0.00,0.00,0.00,0.00,0.00
0.00,0.00,0.00,0.00,0.00,0.00,0.00,0.00
0.00,0.00,0.00,0.00,0.00,0.00,0.00,0.00
0.00,0.00,0.00,0.00,0.00,0.00,0.00,0.00
0.00,0.00,0.00,0.00,0.00,0.00,0.00,0.00
0.00,0.00,0.00,0.00,0.00,0.00,0.00,0.00
0.00,0.00,0.00,0.00,0.00,0.00,0.00,0.00
0.00,0.00,0.00,0.00,0.00,0.00,0.00,0.00
0.00,0.00,0.00,0.00,0.00,0.00,0.00,0.00
0.00,0.00,0.00,0.00,0.00,0.00,0.00,0.00
0.00,0.00,0.00,0.00,0.00,0.00,0.00,0.00
0.00,0.00,0.00,0.00,0.00,0.00,0.00,0.00
0.00,0.00,0.00,0.00,0.00,0.00,0.00,0.00
0.00,0.00,0.00,0.00,0.00,0.00,0.00,0.00
0.00,0.00,0.00,0.00,0.00,0.00,0.00,0.00
0.00,0.00,0.00,0.00,0.00,0.00,0.00,0.00
0.00,0.00,0.00,0.00,0.00,0.00,0.00,0.00
0.00,0.00,0.00,0.00,0.00,0.00,0.00,0.00
0.00,0.00,0.00,0.00,0.00,0.00,0.00,0.00
0.00,0.00,0.00,0.00,0.00,0.00,0.00,0.00
0.00,0.00,0.00,0.00,0.00,0.00,0.00,0.00
0.00,0.00,0.00,0.00,0.00,0.00,0.00,0.00
0.00,0.00,0.00,0.00,0.00,0.00,0.00,0.00
0.00,0.00,0.00,0.00,0.00,0.00,0.00,0.00
0.00,0.00,0.00,0.00,0.00,0.00,0.00,0.00
0.00,0.00,0.00,0.00,0.00,0.00,0.00,0.00
0.00,0.00,0.00,0.00,0.00,0.00,0.00,0.00
0.00,0.00,0.00,0.00,0.00,0.00,0.00,0.00
0.00,0.00,0.00,0.00,0.00,0.00,0.00,0.00
0.00,0.00,0.00,0.00,0.00,0.00,0.00,0.00
