#msgr-worker,io_context_pool,fio,log,ceph_timer,ms_dispatch,safe_timer,taskfin_librbd
0.00,0.00,0.00,0.00,0.00,0.00,0.00,0.00
114.80,67.20,39.00,0.00,0.00,0.00,0.00,0.00
116.90,64.30,39.30,0.00,0.00,0.00,0.00,0.00
116.80,64.00,38.80,0.00,0.00,0.00,0.00,0.00
111.10,62.40,36.90,0.00,0.00,0.00,0.00,0.00
107.40,65.40,37.80,0.00,0.00,0.00,0.00,0.00
113.10,61.00,39.80,0.00,0.00,0.00,0.00,0.00
119.50,64.00,39.10,0.00,0.00,0.00,0.00,0.00
119.80,65.40,38.70,0.00,0.00,0.00,0.00,0.00
122.80,67.00,39.70,0.00,0.00,0.00,0.00,0.00
135.50,70.60,46.10,0.00,0.00,0.00,0.00,0.00
131.20,72.10,44.30,0.00,0.00,0.00,0.00,0.00
128.40,71.90,43.40,0.00,0.00,0.00,0.00,0.00
123.40,70.30,39.80,0.00,0.00,0.00,0.00,0.00
134.20,73.10,46.40,0.00,0.00,0.00,0.00,0.00
127.80,73.40,42.90,0.00,0.00,0.00,0.00,0.00
114.30,67.10,40.00,0.00,0.00,0.00,0.00,0.00
113.40,68.90,38.80,0.00,0.00,0.00,0.00,0.00
127.80,76.80,45.10,0.00,0.00,0.00,0.00,0.00
115.60,66.00,40.00,0.00,0.00,0.00,0.00,0.00
110.70,64.90,41.40,0.00,0.00,0.00,0.00,0.00
108.40,67.40,40.20,0.00,0.00,0.00,0.00,0.00
99.60,64.20,35.60,0.00,0.00,0.00,0.00,0.00
99.60,62.30,36.00,0.00,0.00,0.00,0.00,0.00
120.90,70.20,39.40,0.00,0.00,0.00,0.00,0.00
122.80,71.90,43.00,0.00,0.00,0.00,0.00,0.00
137.60,73.00,43.60,0.00,0.00,0.00,0.00,0.00
147.40,77.30,50.00,0.00,0.00,0.00,0.00,0.00
156.60,80.80,49.20,0.00,0.00,0.00,0.00,0.00
149.70,77.80,52.00,0.00,0.00,0.00,0.00,0.00
167.80,55.80,43.40,0.00,0.00,0.00,0.00,0.00
169.70,84.10,52.40,0.00,0.00,0.00,0.00,0.00
169.00,80.90,51.90,0.00,0.00,0.00,0.00,0.00
164.50,80.50,50.80,0.00,0.00,0.00,0.00,0.00
160.40,83.00,49.00,0.00,0.00,0.00,0.00,0.00
147.50,78.10,47.00,0.00,0.00,0.00,0.00,0.00
143.30,74.60,46.90,0.00,0.00,0.00,0.00,0.00
150.90,79.40,50.50,0.00,0.00,0.00,0.00,0.00
164.90,84.00,49.90,0.00,0.00,0.00,0.00,0.00
164.50,83.10,49.60,0.00,0.00,0.00,0.00,0.00
157.20,79.50,48.80,0.00,0.00,0.00,0.00,0.00
153.40,79.20,50.30,0.00,0.00,0.00,0.00,0.00
148.40,78.60,47.60,0.00,0.00,0.00,0.00,0.00
147.10,75.80,47.00,0.00,0.00,0.00,0.00,0.00
142.20,77.80,50.20,0.00,0.00,0.00,0.00,0.00
140.20,75.40,46.70,0.00,0.00,0.00,0.00,0.00
148.60,77.90,46.00,0.00,0.00,0.00,0.00,0.00
167.80,82.40,50.50,0.00,0.00,0.00,0.00,0.00
151.90,79.80,48.40,0.00,0.00,0.00,0.00,0.00
150.00,78.80,44.30,0.00,0.00,0.00,0.00,0.00
175.60,85.40,56.50,0.00,0.00,0.00,0.00,0.00
164.10,85.10,52.70,0.00,0.00,0.00,0.00,0.00
143.10,75.20,45.70,0.00,0.00,0.00,0.00,0.00
136.90,76.30,45.70,0.00,0.00,0.00,0.00,0.00
135.80,73.00,43.50,0.00,0.00,0.00,0.00,0.00
132.50,75.20,43.30,0.00,0.00,0.00,0.00,0.00
129.40,70.80,44.50,0.00,0.00,0.00,0.00,0.00
125.80,71.30,38.50,0.00,0.00,0.00,0.00,0.00
118.50,68.20,40.30,0.00,0.00,0.00,0.00,0.00
108.10,63.40,39.00,0.00,0.00,0.00,0.00,0.00
118.00,18.60,37.20,0.00,0.00,0.00,0.00,0.00
137.40,76.40,44.00,0.00,0.00,0.00,0.00,0.00
144.40,77.50,46.00,0.00,0.00,0.00,0.00,0.00
153.80,74.30,48.40,0.00,0.00,0.00,0.00,0.00
155.00,79.00,48.70,0.00,0.00,0.00,0.00,0.00
156.80,81.40,48.00,0.00,0.00,0.00,0.00,0.00
151.60,76.50,47.60,0.00,0.00,0.00,0.00,0.00
144.10,76.40,44.50,0.00,0.00,0.00,0.00,0.00
133.60,72.50,44.70,0.00,0.00,0.00,0.00,0.00
127.00,68.60,42.10,0.00,0.00,0.00,0.00,0.00
128.90,69.80,42.00,0.00,0.00,0.00,0.00,0.00
157.00,80.00,49.70,0.00,0.00,0.00,0.00,0.00
155.70,78.00,48.20,0.00,0.00,0.00,0.00,0.00
164.90,82.80,51.60,0.00,0.00,0.00,0.00,0.00
156.70,81.00,48.40,0.00,0.00,0.00,0.00,0.00
134.50,73.50,44.70,0.00,0.00,0.00,0.00,0.00
131.80,70.40,44.80,0.00,0.00,0.00,0.00,0.00
161.00,81.70,50.10,0.00,0.00,0.00,0.00,0.00
147.10,76.20,48.20,0.00,0.00,0.00,0.00,0.00
147.10,80.20,44.90,0.00,0.00,0.00,0.00,0.00
151.70,77.50,49.00,0.00,0.00,0.00,0.00,0.00
145.10,76.40,46.50,0.00,0.00,0.00,0.00,0.00
145.10,75.90,46.80,0.00,0.00,0.00,0.00,0.00
144.60,78.60,45.80,0.00,0.00,0.00,0.00,0.00
153.40,76.60,47.00,0.00,0.00,0.00,0.00,0.00
158.50,80.50,50.00,0.00,0.00,0.00,0.00,0.00
156.40,77.40,47.10,0.00,0.00,0.00,0.00,0.00
157.20,80.00,48.90,0.00,0.00,0.00,0.00,0.00
160.30,79.80,50.00,0.00,0.00,0.00,0.00,0.00
152.50,78.40,47.40,0.00,0.00,0.00,0.00,0.00
142.80,105.40,55.80,0.00,0.00,0.00,0.00,0.00
166.30,82.80,59.20,0.00,0.00,0.00,0.00,0.00
171.80,86.00,60.10,0.00,0.00,0.00,0.00,0.00
171.60,91.30,61.80,0.00,0.00,0.00,0.00,0.00
130.20,72.40,50.00,0.00,0.00,0.00,0.00,0.00
136.50,77.70,48.80,0.00,0.00,0.00,0.00,0.00
137.70,75.80,52.00,0.00,0.00,0.00,0.00,0.00
138.80,75.70,51.70,0.00,0.00,0.00,0.00,0.00
132.70,74.00,51.00,0.00,0.00,0.00,0.00,0.00
153.40,78.80,56.50,0.00,0.00,0.00,0.00,0.00
147.50,81.90,52.20,0.00,0.00,0.00,0.00,0.00
138.30,70.90,49.40,0.00,0.00,0.00,0.00,0.00
141.70,80.90,51.70,0.00,0.00,0.00,0.00,0.00
139.70,75.30,51.30,0.00,0.00,0.00,0.00,0.00
146.30,75.70,54.60,0.00,0.00,0.00,0.00,0.00
140.00,75.30,51.10,0.00,0.00,0.00,0.00,0.00
140.40,77.70,53.00,0.00,0.00,0.00,0.00,0.00
141.40,73.90,51.10,0.00,0.00,0.00,0.00,0.00
139.50,78.80,53.10,0.00,0.00,0.00,0.00,0.00
138.20,73.80,48.10,0.00,0.00,0.00,0.00,0.00
143.70,75.10,54.00,0.00,0.00,0.00,0.00,0.00
137.70,75.10,48.50,0.00,0.00,0.00,0.00,0.00
122.20,71.20,44.90,0.00,0.00,0.00,0.00,0.00
170.50,84.60,60.30,0.00,0.00,0.00,0.00,0.00
178.80,88.80,60.90,0.00,0.00,0.00,0.00,0.00
183.50,91.00,63.00,0.00,0.00,0.00,0.00,0.00
155.40,81.80,53.50,0.00,0.00,0.00,0.00,0.00
136.20,72.90,50.80,0.00,0.00,0.00,0.00,0.00
129.90,71.30,47.80,0.00,0.00,0.00,0.00,0.00
128.30,71.90,47.00,0.00,0.00,0.00,0.00,0.00
130.40,68.30,62.00,0.00,0.00,0.00,0.00,0.00
141.90,78.60,60.60,0.00,0.00,0.00,0.00,0.00
138.60,76.40,61.90,0.00,0.00,0.00,0.00,0.00
161.00,84.10,67.90,0.00,0.00,0.00,0.00,0.00
163.30,85.20,73.50,0.00,0.00,0.00,0.00,0.00
165.60,84.90,69.40,0.00,0.00,0.00,0.00,0.00
146.50,80.60,65.50,0.00,0.00,0.00,0.00,0.00
133.50,77.40,60.50,0.00,0.00,0.00,0.00,0.00
134.60,71.60,59.50,0.00,0.00,0.00,0.00,0.00
140.40,77.80,60.80,0.00,0.00,0.00,0.00,0.00
133.40,73.60,58.00,0.00,0.00,0.00,0.00,0.00
143.10,77.90,62.30,0.00,0.00,0.00,0.00,0.00
149.70,81.80,63.70,0.00,0.00,0.00,0.00,0.00
154.80,80.50,67.00,0.00,0.00,0.00,0.00,0.00
138.80,78.40,61.10,0.00,0.00,0.00,0.00,0.00
148.70,81.10,66.10,0.00,0.00,0.00,0.00,0.00
144.50,78.40,64.30,0.00,0.00,0.00,0.00,0.00
147.80,80.10,64.30,0.00,0.00,0.00,0.00,0.00
149.80,79.80,66.80,0.00,0.00,0.00,0.00,0.00
149.40,84.60,64.20,0.00,0.00,0.00,0.00,0.00
151.00,78.40,64.10,0.00,0.00,0.00,0.00,0.00
140.70,76.20,62.40,0.00,0.00,0.00,0.00,0.00
136.80,77.90,61.60,0.00,0.00,0.00,0.00,0.00
144.20,80.70,60.80,0.00,0.00,0.00,0.00,0.00
145.60,79.80,62.50,0.00,0.00,0.00,0.00,0.00
178.70,92.30,77.40,0.00,0.00,0.00,0.00,0.00
131.10,76.50,57.50,0.00,0.00,0.00,0.00,0.00
140.70,76.80,61.60,0.00,0.00,0.00,0.00,0.00
151.60,79.60,66.40,0.00,0.00,0.00,0.00,0.00
157.30,81.50,66.80,0.00,0.00,0.00,0.00,0.00
142.90,80.60,55.80,0.00,0.00,0.00,0.00,0.00
126.50,74.80,60.20,0.00,0.00,0.00,0.00,0.00
135.60,78.40,61.00,0.00,0.00,0.00,0.00,0.00
138.90,80.40,64.30,0.00,0.00,0.00,0.00,0.00
141.10,80.90,63.00,0.00,0.00,0.00,0.00,0.00
132.70,74.00,63.10,0.00,0.00,0.00,0.00,0.00
138.70,81.80,61.20,0.00,0.00,0.00,0.00,0.00
128.80,72.40,61.40,0.00,0.00,0.00,0.00,0.00
149.80,80.40,67.30,0.00,0.00,0.00,0.00,0.00
179.90,91.00,87.20,0.00,0.00,0.00,0.00,0.00
172.10,89.00,76.90,0.00,0.00,0.00,0.00,0.00
164.10,88.10,73.00,0.00,0.00,0.00,0.00,0.00
142.90,77.50,67.40,0.00,0.00,0.00,0.00,0.00
196.80,99.80,86.50,0.00,0.00,0.00,0.00,0.00
148.50,80.60,69.70,0.00,0.00,0.00,0.00,0.00
149.00,82.30,70.00,0.00,0.00,0.00,0.00,0.00
157.40,84.90,72.30,0.00,0.00,0.00,0.00,0.00
148.20,78.70,67.60,0.00,0.00,0.00,0.00,0.00
135.60,75.80,62.20,0.00,0.00,0.00,0.00,0.00
126.30,70.30,57.10,0.00,0.00,0.00,0.00,0.00
181.80,94.50,81.60,0.00,0.00,0.00,0.00,0.00
189.90,101.50,86.20,0.00,0.00,0.00,0.00,0.00
159.00,83.50,71.20,0.00,0.00,0.00,0.00,0.00
138.80,76.10,62.00,0.00,0.00,0.00,0.00,0.00
136.00,75.90,63.70,0.00,0.00,0.00,0.00,0.00
138.10,77.20,60.90,0.00,0.00,0.00,0.00,0.00
132.80,77.00,63.60,0.00,0.00,0.00,0.00,0.00
146.30,76.20,66.40,0.00,0.00,0.00,0.00,0.00
138.60,77.90,63.40,0.00,0.00,0.00,0.00,0.00
150.20,80.80,70.60,0.00,0.00,0.00,0.00,0.00
68.20,24.80,49.60,0.00,0.00,0.00,0.00,0.00
95.20,61.40,42.60,0.00,0.00,0.00,0.00,0.00
93.30,56.70,44.50,0.00,0.00,0.00,0.00,0.00
110.00,68.10,52.70,0.00,0.00,0.00,0.00,0.00
121.40,73.80,56.80,0.00,0.00,0.00,0.00,0.00
126.30,76.40,59.50,0.00,0.00,0.00,0.00,0.00
116.90,70.40,54.00,0.00,0.00,0.00,0.00,0.00
125.20,76.80,56.30,0.00,0.00,0.00,0.00,0.00
128.30,82.90,60.10,0.00,0.00,0.00,0.00,0.00
125.10,73.20,58.20,0.00,0.00,0.00,0.00,0.00
119.10,72.00,53.40,0.00,0.00,0.00,0.00,0.00
103.30,66.20,49.60,0.00,0.00,0.00,0.00,0.00
110.30,68.50,53.30,0.00,0.00,0.00,0.00,0.00
105.30,66.30,51.80,0.00,0.00,0.00,0.00,0.00
108.30,69.00,50.30,0.00,0.00,0.00,0.00,0.00
95.70,61.50,44.50,0.00,0.00,0.00,0.00,0.00
92.70,59.10,42.10,0.00,0.00,0.00,0.00,0.00
95.60,60.80,44.00,0.00,0.00,0.00,0.00,0.00
90.80,58.50,41.50,0.00,0.00,0.00,0.00,0.00
95.70,59.60,43.90,0.00,0.00,0.00,0.00,0.00
117.30,74.40,54.80,0.00,0.00,0.00,0.00,0.00
108.20,69.40,50.50,0.00,0.00,0.00,0.00,0.00
134.00,81.90,61.40,0.00,0.00,0.00,0.00,0.00
104.90,68.30,47.50,0.00,0.00,0.00,0.00,0.00
88.40,56.20,41.40,0.00,0.00,0.00,0.00,0.00
90.20,59.40,42.10,0.00,0.00,0.00,0.00,0.00
86.80,58.10,40.60,0.00,0.00,0.00,0.00,0.00
91.80,58.40,46.40,0.00,0.00,0.00,0.00,0.00
96.30,59.70,46.00,0.00,0.00,0.00,0.00,0.00
90.60,58.80,42.10,0.00,0.00,0.00,0.00,0.00
55.80,49.60,43.40,0.00,0.00,0.00,0.00,0.00
92.80,55.90,45.00,0.00,0.00,0.00,0.00,0.00
75.40,46.80,30.10,0.00,0.00,0.00,0.00,0.00
53.60,26.70,18.00,0.00,0.00,0.00,0.00,0.00
20.60,9.30,7.00,0.00,0.00,0.00,0.00,0.00
0.00,0.00,0.30,0.00,0.00,0.00,0.00,0.00
0.00,0.00,0.30,0.00,0.00,0.00,0.00,0.00
0.00,0.00,0.30,0.00,0.00,0.00,0.00,0.00
0.00,0.00,0.60,0.00,0.00,0.00,0.00,0.00
0.00,0.00,0.30,0.00,0.00,0.00,0.00,0.00
0.00,0.00,0.30,0.00,0.00,0.00,0.00,0.00
0.00,0.00,0.30,0.00,0.00,0.00,0.00,0.00
0.90,0.00,0.70,0.00,0.00,0.00,0.00,0.00
0.00,0.00,0.00,0.00,0.00,0.00,0.00,0.00
0.00,0.00,0.30,0.00,0.00,0.00,0.00,0.00
0.00,0.00,0.60,0.00,0.00,0.00,0.00,0.00
0.30,0.00,0.30,0.00,0.00,0.00,0.00,0.00
0.00,0.00,0.30,0.00,0.00,0.00,0.00,0.00
0.00,0.00,0.30,0.00,0.00,0.00,0.00,0.00
0.00,0.00,0.00,0.00,0.00,0.00,0.00,0.00
0.00,0.00,0.60,0.00,0.00,0.00,0.00,0.00
0.00,0.00,0.70,0.00,0.00,0.00,0.00,0.00
0.00,0.00,0.30,0.00,0.00,0.00,0.00,0.00
0.00,0.00,0.30,0.00,0.00,0.00,0.00,0.00
0.00,0.00,0.00,0.00,0.00,0.00,0.00,0.00
0.00,0.00,0.00,0.00,0.00,0.00,0.00,0.00
0.00,0.00,0.00,0.00,0.00,0.00,0.00,0.00
0.00,0.00,0.00,0.00,0.00,0.00,0.00,0.00
0.00,0.00,0.00,0.00,0.00,0.00,0.00,0.00
0.00,0.00,0.00,0.00,0.00,0.00,0.00,0.00
112.00,68.30,56.00,0.00,0.00,0.00,0.00,0.00
146.70,87.80,68.20,0.00,0.00,0.00,0.00,0.00
142.20,80.20,66.30,0.00,0.00,0.00,0.00,0.00
110.40,67.50,52.00,0.00,0.00,0.00,0.00,0.00
143.90,82.80,65.90,0.00,0.00,0.00,0.00,0.00
118.20,71.30,58.40,0.00,0.00,0.00,0.00,0.00
104.60,64.10,50.50,0.00,0.00,0.00,0.00,0.00
103.80,64.50,47.90,0.00,0.00,0.00,0.00,0.00
95.90,60.40,43.90,0.00,0.00,0.00,0.00,0.00
97.10,59.50,47.40,0.00,0.00,0.00,0.00,0.00
99.00,64.10,48.00,0.00,0.00,0.00,0.00,0.00
112.00,67.10,53.30,0.00,0.00,0.00,0.00,0.00
92.30,56.70,43.20,0.00,0.00,0.00,0.00,0.00
96.50,61.10,47.30,0.00,0.00,0.00,0.00,0.00
101.50,61.60,45.20,0.00,0.00,0.00,0.00,0.00
105.00,64.90,50.90,0.00,0.00,0.00,0.00,0.00
92.30,60.30,42.50,0.00,0.00,0.00,0.00,0.00
101.40,62.10,49.40,0.00,0.00,0.00,0.00,0.00
102.50,60.90,47.40,0.00,0.00,0.00,0.00,0.00
121.80,72.90,59.50,0.00,0.00,0.00,0.00,0.00
125.50,73.30,57.90,0.00,0.00,0.00,0.00,0.00
119.30,69.20,56.20,0.00,0.00,0.00,0.00,0.00
121.80,73.30,58.90,0.00,0.00,0.00,0.00,0.00
120.80,70.80,56.90,0.00,0.00,0.00,0.00,0.00
113.90,70.50,55.50,0.00,0.00,0.00,0.00,0.00
127.90,74.30,61.20,0.00,0.00,0.00,0.00,0.00
108.00,62.10,50.60,0.00,0.00,0.00,0.00,0.00
100.30,61.40,47.20,0.00,0.00,0.00,0.00,0.00
42.90,22.70,14.30,0.00,0.00,0.00,0.00,0.00
0.00,0.00,0.30,0.00,0.00,0.00,0.00,0.00
68.30,24.80,49.60,0.00,0.00,0.00,0.00,0.00
105.80,60.90,48.30,0.00,0.00,0.00,0.00,0.00
79.30,49.90,36.70,0.00,0.00,0.00,0.00,0.00
52.10,24.50,17.80,0.00,0.00,0.00,0.00,0.00
0.00,0.00,0.30,0.00,0.00,0.00,0.00,0.00
0.00,0.00,0.00,0.00,0.00,0.00,0.00,0.00
0.00,0.00,0.70,0.00,0.00,0.00,0.00,0.00
0.60,0.00,0.30,0.00,0.00,0.00,0.00,0.00
0.60,0.00,0.30,0.00,0.00,0.00,0.00,0.00
0.00,0.00,0.70,0.00,0.00,0.00,0.00,0.00
0.00,0.00,0.00,0.00,0.00,0.00,0.00,0.00
0.00,0.00,0.30,0.00,0.00,0.00,0.00,0.00
0.00,0.00,0.70,0.00,0.00,0.00,0.00,0.00
0.00,0.00,0.30,0.00,0.00,0.00,0.00,0.00
0.00,0.00,0.30,0.00,0.00,0.00,0.00,0.00
0.00,0.00,0.30,0.00,0.00,0.00,0.00,0.00
0.00,0.00,0.60,0.00,0.00,0.00,0.00,0.00
0.00,0.00,0.00,0.00,0.00,0.00,0.00,0.00
0.00,0.00,0.70,0.00,0.00,0.00,0.00,0.00
0.00,0.00,0.00,0.00,0.00,0.00,0.00,0.00
0.00,0.00,0.00,0.00,0.00,0.00,0.00,0.00
0.00,0.00,0.00,0.00,0.00,0.00,0.00,0.00
0.00,0.00,0.00,0.00,0.00,0.00,0.00,0.00
0.00,0.00,0.00,0.00,0.00,0.00,0.00,0.00
0.00,0.00,0.00,0.00,0.00,0.00,0.00,0.00
0.00,0.00,0.00,0.00,0.00,0.00,0.00,0.00
0.00,0.00,0.00,0.00,0.00,0.00,0.00,0.00
0.00,0.00,0.00,0.00,0.00,0.00,0.00,0.00
0.00,0.00,0.00,0.00,0.00,0.00,0.00,0.00
0.00,0.00,0.00,0.00,0.00,0.00,0.00,0.00
