#safe_timer,msgr-worker,io_context_pool,fio,log,ceph_timer,ms_dispatch,taskfin_librbd
11.20,6.60,4.30,2.70,2.80,2.80,2.80,2.80
11.20,8.40,5.60,3.00,2.80,2.80,2.80,2.80
11.20,8.40,5.60,3.00,2.80,2.80,2.80,2.80
11.20,8.40,5.60,3.00,2.80,2.80,2.80,2.80
11.20,8.40,5.60,3.00,2.80,2.80,2.80,2.80
11.20,8.40,5.60,3.00,2.80,2.80,2.80,2.80
11.20,8.40,5.60,3.00,2.80,2.80,2.80,2.80
11.20,8.40,5.60,3.00,2.80,2.80,2.80,2.80
11.20,8.40,5.60,3.00,2.80,2.80,2.80,2.80
11.20,8.40,5.60,3.00,2.80,2.80,2.80,2.80
11.20,8.40,5.60,3.00,2.80,2.80,2.80,2.80
11.20,8.40,5.60,3.00,2.80,2.80,2.80,2.80
11.20,8.40,5.60,3.00,2.80,2.80,2.80,2.80
11.20,8.40,5.60,3.00,2.80,2.80,2.80,2.80
11.20,8.40,5.60,3.00,2.80,2.80,2.80,2.80
11.20,8.40,5.60,3.00,2.80,2.80,2.80,2.80
11.20,8.40,5.60,3.00,2.80,2.80,2.80,2.80
11.20,8.40,5.60,3.00,2.80,2.80,2.80,2.80
11.20,8.40,5.60,3.00,2.80,2.80,2.80,2.80
11.20,8.40,5.60,3.00,2.80,2.80,2.80,2.80
11.20,8.40,5.60,3.00,2.80,2.80,2.80,2.80
11.20,8.40,5.60,3.00,2.80,2.80,2.80,2.80
11.20,8.40,5.60,3.00,2.80,2.80,2.80,2.80
11.20,8.40,5.60,3.00,2.80,2.80,2.80,2.80
11.20,8.40,5.60,3.00,2.80,2.80,2.80,2.80
11.20,8.40,5.60,3.00,2.80,2.80,2.80,2.80
11.20,8.40,5.60,3.00,2.80,2.80,2.80,2.80
11.20,8.40,5.60,3.00,2.80,2.80,2.80,2.80
11.20,8.40,5.60,3.00,2.80,2.80,2.80,2.80
11.20,8.40,5.60,3.00,2.80,2.80,2.80,2.80
