#msgr-worker,io_context_pool,fio,log,ceph_timer,ms_dispatch,safe_timer,taskfin_librbd
0.00,0.00,0.00,0.00,0.00,0.00,0.00,0.00
157.90,81.50,24.70,0.00,0.00,0.00,0.00,0.00
154.40,80.60,24.60,0.00,0.00,0.00,0.00,0.00
157.30,82.60,24.60,0.00,0.00,0.00,0.00,0.00
274.90,135.60,40.70,0.00,0.00,0.00,0.00,0.00
335.30,164.20,46.10,0.00,0.00,0.00,0.00,0.00
332.70,165.00,48.90,0.00,0.00,0.00,0.00,0.00
330.60,165.20,49.50,0.00,0.00,0.00,0.00,0.00
336.70,165.30,48.10,0.00,0.00,0.00,0.00,0.00
334.90,163.60,48.00,0.00,0.00,0.00,0.00,0.00
334.00,163.70,48.10,0.00,0.00,0.00,0.00,0.00
334.10,165.40,48.50,0.00,0.00,0.00,0.00,0.00
329.50,165.30,47.30,0.00,0.00,0.00,0.00,0.00
332.00,161.30,47.50,0.00,0.00,0.00,0.00,0.00
331.90,164.50,48.80,0.00,0.00,0.00,0.00,0.00
331.90,164.00,49.10,0.00,0.00,0.00,0.00,0.00
332.50,162.60,48.50,0.00,0.00,0.00,0.00,0.00
330.10,163.80,46.70,0.00,0.00,0.00,0.00,0.00
333.80,166.80,47.20,0.00,0.00,0.00,0.00,0.00
329.60,161.90,48.60,0.00,0.00,0.00,0.00,0.00
332.90,163.90,48.10,0.00,0.00,0.00,0.00,0.00
329.80,159.80,48.00,0.00,0.00,0.00,0.00,0.00
333.50,165.70,48.00,0.00,0.00,0.00,0.00,0.00
330.10,164.80,48.40,0.00,0.00,0.00,0.00,0.00
331.80,162.90,46.60,0.00,0.00,0.00,0.00,0.00
334.10,164.50,49.00,0.00,0.00,0.00,0.00,0.00
328.50,161.30,48.60,0.00,0.00,0.00,0.00,0.00
330.00,161.60,47.60,0.00,0.00,0.00,0.00,0.00
329.60,162.80,48.10,0.00,0.00,0.00,0.00,0.00
332.10,163.50,49.20,0.00,0.00,0.00,0.00,0.00
