#msgr-worker,io_context_pool,fio,log,ceph_timer,ms_dispatch,safe_timer,taskfin_librbd
0.00,0.00,0.00,0.00,0.00,0.00,0.00,0.00
67.60,47.50,21.60,0.00,0.00,0.00,0.00,0.00
42.90,27.40,9.60,0.00,0.00,0.00,0.00,0.00
0.00,0.00,0.00,0.00,0.00,0.00,0.00,0.00
0.00,0.00,0.00,0.00,0.00,0.00,0.00,0.00
0.00,0.00,0.00,0.00,0.00,0.00,0.00,0.00
0.00,0.00,0.00,0.00,0.00,0.00,0.00,0.00
0.00,0.00,0.00,0.00,0.00,0.00,0.00,0.00
0.00,0.00,0.00,0.00,0.00,0.00,0.00,0.00
0.00,0.00,0.00,0.00,0.00,0.00,0.00,0.00
0.00,0.00,0.00,0.00,0.00,0.00,0.00,0.00
0.00,0.00,0.00,0.00,0.00,0.00,0.00,0.00
0.00,0.00,0.00,0.00,0.00,0.00,0.00,0.00
0.00,0.00,0.00,0.00,0.00,0.00,0.00,0.00
0.00,0.00,0.00,0.00,0.00,0.00,0.00,0.00
0.00,0.00,0.00,0.00,0.00,0.00,0.00,0.00
0.00,0.00,0.00,0.00,0.00,0.00,0.00,0.00
0.00,0.00,0.00,0.00,0.00,0.00,0.00,0.00
0.00,0.00,0.00,0.00,0.00,0.00,0.00,0.00
0.00,0.00,0.00,0.00,0.00,0.00,0.00,0.00
0.00,0.00,0.00,0.00,0.00,0.00,0.00,0.00
0.00,0.00,0.00,0.00,0.00,0.00,0.00,0.00
0.00,0.00,0.00,0.00,0.00,0.00,0.00,0.00
0.00,0.00,0.00,0.00,0.00,0.00,0.00,0.00
0.00,0.00,0.00,0.00,0.00,0.00,0.00,0.00
0.00,0.00,0.00,0.00,0.00,0.00,0.00,0.00
0.00,0.00,0.00,0.00,0.00,0.00,0.00,0.00
0.00,0.00,0.00,0.00,0.00,0.00,0.00,0.00
0.00,0.00,0.00,0.00,0.00,0.00,0.00,0.00
0.00,0.00,0.00,0.00,0.00,0.00,0.00,0.00
0.00,0.00,0.00,0.00,0.00,0.00,0.00,0.00
136.40,93.10,37.20,0.00,0.00,0.00,0.00,0.00
344.00,236.80,93.00,0.00,0.00,0.00,0.00,0.00
333.20,230.90,94.20,0.00,0.00,0.00,0.00,0.00
0.00,0.00,6.00,0.00,0.00,0.00,0.00,0.00
0.00,0.00,0.00,0.00,0.00,0.00,0.00,0.00
0.00,0.00,0.00,0.00,0.00,0.00,0.00,0.00
0.00,0.00,0.00,0.00,0.00,0.00,0.00,0.00
0.00,0.00,0.00,0.00,0.00,0.00,0.00,0.00
0.00,0.00,0.00,0.00,0.00,0.00,0.00,0.00
0.00,0.00,0.00,0.00,0.00,0.00,0.00,0.00
0.00,0.00,0.00,0.00,0.00,0.00,0.00,0.00
0.00,0.00,0.00,0.00,0.00,0.00,0.00,0.00
0.00,0.00,0.00,0.00,0.00,0.00,0.00,0.00
0.00,0.00,0.00,0.00,0.00,0.00,0.00,0.00
0.00,0.00,0.00,0.00,0.00,0.00,0.00,0.00
0.00,0.00,0.00,0.00,0.00,0.00,0.00,0.00
0.00,0.00,0.00,0.00,0.00,0.00,0.00,0.00
0.00,0.00,0.00,0.00,0.00,0.00,0.00,0.00
0.00,0.00,0.00,0.00,0.00,0.00,0.00,0.00
0.00,0.00,0.00,0.00,0.00,0.00,0.00,0.00
0.00,0.00,0.00,0.00,0.00,0.00,0.00,0.00
0.00,0.00,0.00,0.00,0.00,0.00,0.00,0.00
0.00,0.00,0.00,0.00,0.00,0.00,0.00,0.00
0.00,0.00,0.00,0.00,0.00,0.00,0.00,0.00
0.00,0.00,0.00,0.00,0.00,0.00,0.00,0.00
0.00,0.00,0.00,0.00,0.00,0.00,0.00,0.00
0.00,0.00,0.00,0.00,0.00,0.00,0.00,0.00
0.00,0.00,0.00,0.00,0.00,0.00,0.00,0.00
0.00,0.00,0.00,0.00,0.00,0.00,0.00,0.00
0.00,0.00,0.00,0.00,0.00,0.00,0.00,0.00
0.00,0.00,0.00,0.00,0.00,0.00,0.00,0.00
0.00,0.00,0.00,0.00,0.00,0.00,0.00,0.00
0.00,0.00,0.00,0.00,0.00,0.00,0.00,0.00
0.00,0.00,0.00,0.00,0.00,0.00,0.00,0.00
0.00,0.00,0.00,0.00,0.00,0.00,0.00,0.00
0.00,0.00,0.00,0.00,0.00,0.00,0.00,0.00
0.00,0.00,0.00,0.00,0.00,0.00,0.00,0.00
0.00,0.00,0.00,0.00,0.00,0.00,0.00,0.00
0.00,0.00,0.00,0.00,0.00,0.00,0.00,0.00
0.00,0.00,0.00,0.00,0.00,0.00,0.00,0.00
0.00,0.00,0.00,0.00,0.00,0.00,0.00,0.00
0.00,0.00,0.00,0.00,0.00,0.00,0.00,0.00
0.00,0.00,0.00,0.00,0.00,0.00,0.00,0.00
0.00,0.00,0.00,0.00,0.00,0.00,0.00,0.00
0.00,0.00,0.00,0.00,0.00,0.00,0.00,0.00
0.00,0.00,0.00,0.00,0.00,0.00,0.00,0.00
0.00,0.00,0.00,0.00,0.00,0.00,0.00,0.00
0.00,0.00,0.00,0.00,0.00,0.00,0.00,0.00
0.00,0.00,0.00,0.00,0.00,0.00,0.00,0.00
0.00,0.00,0.00,0.00,0.00,0.00,0.00,0.00
0.00,0.00,0.00,0.00,0.00,0.00,0.00,0.00
0.00,0.00,0.00,0.00,0.00,0.00,0.00,0.00
0.00,0.00,0.00,0.00,0.00,0.00,0.00,0.00
0.00,0.00,0.00,0.00,0.00,0.00,0.00,0.00
0.00,0.00,0.00,0.00,0.00,0.00,0.00,0.00
0.00,0.00,0.00,0.00,0.00,0.00,0.00,0.00
0.00,0.00,0.00,0.00,0.00,0.00,0.00,0.00
0.00,0.00,0.00,0.00,0.00,0.00,0.00,0.00
0.00,0.00,0.00,0.00,0.00,0.00,0.00,0.00
336.20,230.10,94.40,0.00,0.00,0.00,0.00,0.00
333.80,228.40,88.80,0.00,0.00,0.00,0.00,0.00
327.30,229.20,89.40,0.00,0.00,0.00,0.00,0.00
45.50,27.90,13.40,0.00,0.00,0.00,0.00,0.00
0.00,0.00,0.00,0.00,0.00,0.00,0.00,0.00
0.00,0.00,0.00,0.00,0.00,0.00,0.00,0.00
0.00,0.00,0.00,0.00,0.00,0.00,0.00,0.00
0.00,0.00,0.00,0.00,0.00,0.00,0.00,0.00
0.00,0.00,0.00,0.00,0.00,0.00,0.00,0.00
0.00,0.00,0.00,0.00,0.00,0.00,0.00,0.00
0.00,0.00,0.00,0.00,0.00,0.00,0.00,0.00
0.00,0.00,0.00,0.00,0.00,0.00,0.00,0.00
0.00,0.00,0.00,0.00,0.00,0.00,0.00,0.00
0.00,0.00,0.00,0.00,0.00,0.00,0.00,0.00
0.00,0.00,0.00,0.00,0.00,0.00,0.00,0.00
0.00,0.00,0.00,0.00,0.00,0.00,0.00,0.00
0.00,0.00,0.00,0.00,0.00,0.00,0.00,0.00
0.00,0.00,0.00,0.00,0.00,0.00,0.00,0.00
0.00,0.00,0.00,0.00,0.00,0.00,0.00,0.00
0.00,0.00,0.00,0.00,0.00,0.00,0.00,0.00
0.00,0.00,0.00,0.00,0.00,0.00,0.00,0.00
0.00,0.00,0.00,0.00,0.00,0.00,0.00,0.00
0.00,0.00,0.00,0.00,0.00,0.00,0.00,0.00
0.00,0.00,0.00,0.00,0.00,0.00,0.00,0.00
0.00,0.00,0.00,0.00,0.00,0.00,0.00,0.00
0.00,0.00,0.00,0.00,0.00,0.00,0.00,0.00
0.00,0.00,0.00,0.00,0.00,0.00,0.00,0.00
0.00,0.00,0.00,0.00,0.00,0.00,0.00,0.00
0.00,0.00,0.00,0.00,0.00,0.00,0.00,0.00
0.00,0.00,0.00,0.00,0.00,0.00,0.00,0.00
294.70,159.30,82.60,0.00,0.00,0.00,0.00,0.00
309.00,222.60,83.40,0.00,0.00,0.00,0.00,0.00
313.60,221.60,87.30,0.00,0.00,0.00,0.00,0.00
307.30,222.50,82.80,0.00,0.00,0.00,0.00,0.00
304.40,215.00,85.20,0.00,0.00,0.00,0.00,0.00
304.20,218.00,79.90,0.00,0.00,0.00,0.00,0.00
308.90,221.30,87.40,0.00,0.00,0.00,0.00,0.00
307.20,218.40,84.60,0.00,0.00,0.00,0.00,0.00
313.30,220.60,82.40,0.00,0.00,0.00,0.00,0.00
310.30,225.90,84.50,0.00,0.00,0.00,0.00,0.00
314.50,221.70,82.30,0.00,0.00,0.00,0.00,0.00
306.20,217.00,83.90,0.00,0.00,0.00,0.00,0.00
306.70,218.30,85.20,0.00,0.00,0.00,0.00,0.00
310.00,221.30,90.00,0.00,0.00,0.00,0.00,0.00
305.80,216.50,81.60,0.00,0.00,0.00,0.00,0.00
310.00,224.20,83.10,0.00,0.00,0.00,0.00,0.00
304.10,216.70,79.90,0.00,0.00,0.00,0.00,0.00
304.50,214.80,82.30,0.00,0.00,0.00,0.00,0.00
306.20,217.80,79.50,0.00,0.00,0.00,0.00,0.00
308.10,221.30,84.00,0.00,0.00,0.00,0.00,0.00
306.20,220.30,83.20,0.00,0.00,0.00,0.00,0.00
297.40,210.10,78.50,0.00,0.00,0.00,0.00,0.00
311.80,224.10,84.20,0.00,0.00,0.00,0.00,0.00
308.30,219.70,83.80,0.00,0.00,0.00,0.00,0.00
309.20,222.10,87.10,0.00,0.00,0.00,0.00,0.00
312.60,224.00,91.40,0.00,0.00,0.00,0.00,0.00
303.30,217.70,86.10,0.00,0.00,0.00,0.00,0.00
305.10,213.30,79.50,0.00,0.00,0.00,0.00,0.00
302.00,214.70,80.80,0.00,0.00,0.00,0.00,0.00
305.20,217.10,81.60,0.00,0.00,0.00,0.00,0.00
299.80,211.30,37.20,0.00,0.00,0.00,0.00,0.00
285.70,209.40,76.60,0.00,0.00,0.00,0.00,0.00
288.90,211.40,79.10,0.00,0.00,0.00,0.00,0.00
303.50,219.60,84.00,0.00,0.00,0.00,0.00,0.00
292.30,214.40,80.30,0.00,0.00,0.00,0.00,0.00
301.00,218.00,81.10,0.00,0.00,0.00,0.00,0.00
294.30,214.40,81.60,0.00,0.00,0.00,0.00,0.00
289.00,212.00,79.80,0.00,0.00,0.00,0.00,0.00
290.70,211.20,77.70,0.00,0.00,0.00,0.00,0.00
292.30,217.60,77.50,0.00,0.00,0.00,0.00,0.00
294.10,211.30,78.60,0.00,0.00,0.00,0.00,0.00
293.70,214.00,82.50,0.00,0.00,0.00,0.00,0.00
294.20,212.60,79.00,0.00,0.00,0.00,0.00,0.00
297.90,217.50,83.80,0.00,0.00,0.00,0.00,0.00
298.80,217.10,82.90,0.00,0.00,0.00,0.00,0.00
301.20,219.50,80.70,0.00,0.00,0.00,0.00,0.00
299.60,217.10,78.80,0.00,0.00,0.00,0.00,0.00
297.60,215.10,79.80,0.00,0.00,0.00,0.00,0.00
280.10,207.60,74.10,0.00,0.00,0.00,0.00,0.00
292.70,209.90,80.10,0.00,0.00,0.00,0.00,0.00
287.60,210.30,76.30,0.00,0.00,0.00,0.00,0.00
272.80,198.60,74.20,0.00,0.00,0.00,0.00,0.00
289.50,210.40,77.70,0.00,0.00,0.00,0.00,0.00
288.90,209.10,78.60,0.00,0.00,0.00,0.00,0.00
280.80,206.70,78.80,0.00,0.00,0.00,0.00,0.00
288.80,210.70,82.10,0.00,0.00,0.00,0.00,0.00
272.20,203.60,77.90,0.00,0.00,0.00,0.00,0.00
290.50,209.10,77.90,0.00,0.00,0.00,0.00,0.00
294.60,211.90,76.40,0.00,0.00,0.00,0.00,0.00
290.70,213.90,79.30,0.00,0.00,0.00,0.00,0.00
281.20,180.30,55.90,0.00,0.00,0.00,0.00,0.00
285.20,214.60,77.70,0.00,0.00,0.00,0.00,0.00
287.80,214.00,78.90,0.00,0.00,0.00,0.00,0.00
287.60,213.00,78.40,0.00,0.00,0.00,0.00,0.00
286.10,213.80,79.10,0.00,0.00,0.00,0.00,0.00
285.10,208.90,74.80,0.00,0.00,0.00,0.00,0.00
280.00,209.00,76.20,0.00,0.00,0.00,0.00,0.00
286.20,211.90,80.80,0.00,0.00,0.00,0.00,0.00
281.50,209.30,75.00,0.00,0.00,0.00,0.00,0.00
275.60,204.30,74.10,0.00,0.00,0.00,0.00,0.00
284.80,214.20,75.70,0.00,0.00,0.00,0.00,0.00
283.80,211.00,76.00,0.00,0.00,0.00,0.00,0.00
289.30,215.60,81.20,0.00,0.00,0.00,0.00,0.00
290.40,215.20,81.40,0.00,0.00,0.00,0.00,0.00
288.60,214.50,77.00,0.00,0.00,0.00,0.00,0.00
285.90,212.80,78.80,0.00,0.00,0.00,0.00,0.00
285.10,208.00,75.30,0.00,0.00,0.00,0.00,0.00
290.70,216.90,78.50,0.00,0.00,0.00,0.00,0.00
288.00,213.20,76.60,0.00,0.00,0.00,0.00,0.00
288.00,212.00,76.10,0.00,0.00,0.00,0.00,0.00
282.00,215.00,77.80,0.00,0.00,0.00,0.00,0.00
285.70,209.70,77.10,0.00,0.00,0.00,0.00,0.00
288.30,210.70,78.00,0.00,0.00,0.00,0.00,0.00
286.00,213.00,80.60,0.00,0.00,0.00,0.00,0.00
287.80,214.70,80.60,0.00,0.00,0.00,0.00,0.00
292.20,213.00,80.20,0.00,0.00,0.00,0.00,0.00
287.20,213.80,79.20,0.00,0.00,0.00,0.00,0.00
280.30,204.30,78.00,0.00,0.00,0.00,0.00,0.00
277.00,204.80,71.90,0.00,0.00,0.00,0.00,0.00
277.30,204.20,74.50,0.00,0.00,0.00,0.00,0.00
258.80,206.50,53.10,0.00,0.00,0.00,0.00,0.00
277.20,207.00,74.20,0.00,0.00,0.00,0.00,0.00
272.90,207.30,76.10,0.00,0.00,0.00,0.00,0.00
276.10,203.00,76.70,0.00,0.00,0.00,0.00,0.00
274.50,207.20,72.70,0.00,0.00,0.00,0.00,0.00
273.10,205.30,75.50,0.00,0.00,0.00,0.00,0.00
270.50,202.70,73.70,0.00,0.00,0.00,0.00,0.00
271.40,205.70,72.80,0.00,0.00,0.00,0.00,0.00
278.40,207.90,75.50,0.00,0.00,0.00,0.00,0.00
276.00,207.90,75.60,0.00,0.00,0.00,0.00,0.00
275.20,206.80,75.10,0.00,0.00,0.00,0.00,0.00
271.70,203.50,72.80,0.00,0.00,0.00,0.00,0.00
272.20,203.80,72.70,0.00,0.00,0.00,0.00,0.00
270.50,199.30,72.10,0.00,0.00,0.00,0.00,0.00
271.90,204.60,73.20,0.00,0.00,0.00,0.00,0.00
270.40,202.80,74.40,0.00,0.00,0.00,0.00,0.00
269.90,201.50,71.60,0.00,0.00,0.00,0.00,0.00
270.80,203.50,74.50,0.00,0.00,0.00,0.00,0.00
275.80,204.90,73.60,0.00,0.00,0.00,0.00,0.00
273.30,205.30,76.20,0.00,0.00,0.00,0.00,0.00
276.40,207.10,74.20,0.00,0.00,0.00,0.00,0.00
267.90,202.20,71.90,0.00,0.00,0.00,0.00,0.00
277.00,210.20,74.80,0.00,0.00,0.00,0.00,0.00
278.40,206.50,73.30,0.00,0.00,0.00,0.00,0.00
275.70,208.60,76.00,0.00,0.00,0.00,0.00,0.00
266.40,202.10,72.70,0.00,0.00,0.00,0.00,0.00
273.10,207.30,73.30,0.00,0.00,0.00,0.00,0.00
277.20,207.00,75.70,0.00,0.00,0.00,0.00,0.00
278.40,204.30,74.90,0.00,0.00,0.00,0.00,0.00
271.80,206.70,72.40,0.00,0.00,0.00,0.00,0.00
229.30,230.00,70.80,0.00,0.00,0.00,0.00,0.00
259.10,200.50,68.80,0.00,0.00,0.00,0.00,0.00
253.70,190.60,71.20,0.00,0.00,0.00,0.00,0.00
265.90,199.20,72.20,0.00,0.00,0.00,0.00,0.00
272.80,206.60,71.80,0.00,0.00,0.00,0.00,0.00
269.70,201.80,74.50,0.00,0.00,0.00,0.00,0.00
272.10,205.40,74.20,0.00,0.00,0.00,0.00,0.00
273.30,205.30,73.00,0.00,0.00,0.00,0.00,0.00
271.30,201.00,74.70,0.00,0.00,0.00,0.00,0.00
272.60,203.50,72.80,0.00,0.00,0.00,0.00,0.00
269.60,205.40,75.00,0.00,0.00,0.00,0.00,0.00
267.70,199.80,70.60,0.00,0.00,0.00,0.00,0.00
250.60,190.30,68.40,0.00,0.00,0.00,0.00,0.00
252.80,194.90,68.80,0.00,0.00,0.00,0.00,0.00
260.40,199.40,68.20,0.00,0.00,0.00,0.00,0.00
262.90,203.20,72.80,0.00,0.00,0.00,0.00,0.00
258.70,195.90,72.50,0.00,0.00,0.00,0.00,0.00
263.80,199.70,72.00,0.00,0.00,0.00,0.00,0.00
262.60,201.00,71.60,0.00,0.00,0.00,0.00,0.00
258.30,196.70,71.50,0.00,0.00,0.00,0.00,0.00
253.20,195.40,67.80,0.00,0.00,0.00,0.00,0.00
259.50,198.60,81.80,0.00,0.00,0.00,0.00,0.00
256.80,191.50,68.20,0.00,0.00,0.00,0.00,0.00
252.20,192.50,68.70,0.00,0.00,0.00,0.00,0.00
249.70,190.80,68.00,0.00,0.00,0.00,0.00,0.00
247.80,189.00,68.80,0.00,0.00,0.00,0.00,0.00
248.80,192.20,69.20,0.00,0.00,0.00,0.00,0.00
250.90,188.40,69.20,0.00,0.00,0.00,0.00,0.00
257.50,193.00,70.60,0.00,0.00,0.00,0.00,0.00
251.40,190.40,67.00,0.00,0.00,0.00,0.00,0.00
249.90,205.80,80.70,0.00,0.00,0.00,0.00,0.00
247.80,194.40,67.30,0.00,0.00,0.00,0.00,0.00
249.10,193.40,69.50,0.00,0.00,0.00,0.00,0.00
251.40,194.70,69.30,0.00,0.00,0.00,0.00,0.00
248.60,196.60,69.70,0.00,0.00,0.00,0.00,0.00
244.20,188.10,65.00,0.00,0.00,0.00,0.00,0.00
238.60,191.90,68.20,0.00,0.00,0.00,0.00,0.00
248.90,192.70,69.80,0.00,0.00,0.00,0.00,0.00
255.30,197.70,69.30,0.00,0.00,0.00,0.00,0.00
246.10,191.50,71.00,0.00,0.00,0.00,0.00,0.00
238.60,188.10,68.70,0.00,0.00,0.00,0.00,0.00
244.30,191.90,69.50,0.00,0.00,0.00,0.00,0.00
241.80,188.40,68.20,0.00,0.00,0.00,0.00,0.00
245.90,184.20,68.40,0.00,0.00,0.00,0.00,0.00
235.40,186.00,67.00,0.00,0.00,0.00,0.00,0.00
235.50,190.70,64.60,0.00,0.00,0.00,0.00,0.00
238.00,186.40,68.70,0.00,0.00,0.00,0.00,0.00
243.40,186.90,69.40,0.00,0.00,0.00,0.00,0.00
244.50,192.00,67.20,0.00,0.00,0.00,0.00,0.00
241.90,182.10,68.40,0.00,0.00,0.00,0.00,0.00
238.30,184.30,64.30,0.00,0.00,0.00,0.00,0.00
237.40,185.30,68.00,0.00,0.00,0.00,0.00,0.00
239.10,179.80,68.00,0.00,0.00,0.00,0.00,0.00
237.30,187.20,68.00,0.00,0.00,0.00,0.00,0.00
235.00,184.50,91.00,0.00,0.00,0.00,0.00,0.00
230.10,185.60,61.80,0.00,0.00,0.00,0.00,0.00
233.90,185.50,62.90,0.00,0.00,0.00,0.00,0.00
232.60,185.60,64.10,0.00,0.00,0.00,0.00,0.00
230.90,184.90,63.70,0.00,0.00,0.00,0.00,0.00
235.60,187.30,69.10,0.00,0.00,0.00,0.00,0.00
